1.0728836059570312e-05	208	0	0	1
0.005003213882446289	209	0	0	0
0.010002374649047852	209	0	0	1
0.015001058578491211	210	0	0	1
0.02000284194946289	211	0	0	1
0.025004863739013672	212	0	0	1
0.030002355575561523	213	0	0	2
0.03500175476074219	215	0	0	1
0.04000258445739746	216	0	0	3
0.04500079154968262	219	0	0	3
0.050002098083496094	222	0	0	6
0.05500292778015137	228	0	0	6
0.06000065803527832	234	0	0	8
0.06500434875488281	242	0	0	9
0.07001018524169922	251	0	0	10
0.07500028610229492	261	0	0	11
0.0800018310546875	272	0	0	10
0.08500051498413086	282	0	0	11
0.09000253677368164	293	0	0	12
0.0950002670288086	305	0	0	12
0.10000467300415039	317	0	0	11
0.10500144958496094	328	0	0	11
0.11000370979309082	339	0	0	9
0.11500096321105957	348	0	0	8
0.12000203132629395	356	0	0	6
0.12500238418579102	362	0	0	5
0.13000249862670898	367	0	0	4
0.13500404357910156	371	0	0	2
0.14000368118286133	373	0	0	2
0.1450047492980957	375	0	0	2
0.15000081062316895	377	0	0	1
0.15500235557556152	378	0	0	1
0.1600043773651123	379	0	0	1
0.16500353813171387	380	0	0	1
0.17000412940979004	381	0	0	1
0.1750035285949707	382	0	0	0
0.18000459671020508	382	0	0	0
0.18500304222106934	382	0	0	0
0.19000029563903809	382	0	0	0
0.19500184059143066	382	0	0	0
0.20000147819519043	382	0	0	-1
0.2050020694732666	381	0	0	-1
0.21000385284423828	380	0	0	-2
0.21500134468078613	378	0	0	-4
0.2200016975402832	374	0	0	-6
0.22500038146972656	368	0	0	-9
0.23000311851501465	359	0	0	-12
0.2350003719329834	347	0	0	-13
0.24000334739685059	334	0	0	-14
0.24500322341918945	320	0	0	-14
0.2500014305114746	306	0	0	-14
0.2550041675567627	292	0	0	-13
0.26000404357910156	279	0	0	-13
0.2650027275085449	266	0	0	-14
0.2700018882751465	252	0	0	-16
0.27500271797180176	236	0	0	-22
0.28000378608703613	214	0	0	-32
0.2850015163421631	182	0	0	-26
0.29000020027160645	156	0	0	-18
0.29500246047973633	138	0	0	-10
0.300001859664917	128	0	0	-7
0.3050045967102051	121	0	0	-4
0.31000399589538574	117	0	0	-2
0.3150036334991455	115	0	0	-1
0.3200037479400635	114	0	0	0
0.32500433921813965	114	0	0	-1
0.3300044536590576	113	0	0	0
0.33500099182128906	113	0	0	0
0.34000349044799805	113	0	0	0
0.3450021743774414	113	0	0	0
0.3500041961669922	113	0	0	1
0.35500335693359375	114	0	0	0
0.3600008487701416	114	0	0	0
0.3650050163269043	114	0	0	1
0.37000346183776855	115	0	0	2
0.3750004768371582	117	0	0	2
0.3800032138824463	119	0	0	3
0.38500428199768066	122	0	0	6
0.3900008201599121	128	0	0	13
0.3950026035308838	141	0	0	20
0.40000295639038086	161	0	0	29
0.4050014019012451	190	0	1	33
0.4100022315979004	223	0	0	32
0.41500210762023926	255	0	0	26
0.4200010299682617	281	0	0	21
0.4250037670135498	302	0	0	14
0.4300048351287842	316	0	0	8
0.43500304222106934	324	0	0	-1
0.4400043487548828	323	0	0	-7
0.44500041007995605	316	0	0	-14
0.45000123977661133	302	0	0	-18
0.4550023078918457	284	0	0	-20
0.4600048065185547	264	0	0	-21
0.46500229835510254	243	4.166604413856681	1	-21
0.4700031280517578	222	4.166604413856681	0	-25
0.4750022888183594	197	4.166604413856681	0	-32
0.48000097274780273	165	4.166604413856681	0	-23
0.4850022792816162	142	4.166604413856681	0	-15
0.4900031089782715	127	4.166604413856681	0	-6
0.49500322341918945	121	4.166604413856681	0	-3
0.5000026226043701	118	4.166604413856681	0	-2
0.5050027370452881	116	4.166604413856681	0	-1
0.5100007057189941	115	4.166604413856681	0	0
0.5150020122528076	115	4.166604413856681	0	-1
0.520003080368042	114	4.166604413856681	0	1
0.52500319480896	115	4.166604413856681	0	0
0.5300023555755615	115	4.166604413856681	0	2
0.5350015163421631	117	4.166604413856681	0	2
0.5400002002716064	119	4.166604413856681	0	3
0.5450029373168945	122	4.166604413856681	0	5
0.5500035285949707	127	4.166604413856681	0	6
0.5550014972686768	133	4.166604413856681	0	7
0.5600025653839111	140	4.166604413856681	0	15
0.5650017261505127	155	4.166604413856681	0	30
0.5700020790100098	185	3.0302905949313863	1	37
0.5750041007995605	222	3.0302905949313863	0	35
0.580003023147583	257	3.0302905949313863	0	26
0.5850021839141846	283	3.0302905949313863	0	20
0.5900013446807861	303	3.0302905949313863	0	-144
0.5950007438659668	159	3.9473820921930196	1	170
0.6000266075134277	329	5.127542344390858	1	8
0.6050057411193848	337	5.127542344390858	0	6
0.6100151538848877	343	5.127542344390858	0	3
0.6150028705596924	346	5.127542344390858	0	-3
0.6200025081634521	343	5.127542344390858	0	-12
0.6250038146972656	331	5.127542344390858	0	-17
0.6300013065338135	314	5.127542344390858	0	-20
0.6350047588348389	294	5.127542344390858	0	-19
0.6400008201599121	275	5.127542344390858	0	-23
0.6450214385986328	252	5.127542344390858	0	-25
0.6500046253204346	227	5.127542344390858	0	-43
0.6550021171569824	184	5.263162914080136	1	-34
0.6600008010864258	150	5.263162914080136	0	-19
0.665001630783081	131	5.263162914080136	0	-10
0.6700050830841064	121	5.263162914080136	0	-4
0.675001859664917	117	5.263162914080136	0	-2
0.6800005435943604	115	5.263162914080136	0	-1
0.6850032806396484	114	5.263162914080136	0	0
0.6900031566619873	114	5.263162914080136	0	0
0.6950016021728516	114	5.263162914080136	0	0
0.7000038623809814	114	5.263162914080136	0	0
0.7050027847290039	114	5.263162914080136	0	0
0.7100100517272949	114	5.263162914080136	0	1
0.7150094509124756	115	5.263162914080136	0	1
0.7200047969818115	116	5.263162914080136	0	3
0.7250039577484131	119	5.263162914080136	0	5
0.7300021648406982	124	5.263162914080136	0	11
0.7350010871887207	135	5.263162914080136	0	22
0.7400393486022949	157	5.263162914080136	0	32
0.7450048923492432	189	5.263162914080136	0	36
0.7500019073486328	225	5.555560853751255	1	33
0.7550039291381836	258	5.555560853751255	0	26
0.7600030899047852	284	5.555560853751255	0	18
0.7650024890899658	302	5.555560853751255	0	11
0.7700011730194092	313	5.555560853751255	0	0
0.7750048637390137	313	5.555560853751255	0	-9
0.7800037860870361	304	5.555560853751255	0	-16
0.7850043773651123	288	5.555560853751255	0	-21
0.790001392364502	267	5.555560853751255	0	-23
0.7950038909912109	244	5.555560853751255	0	-23
0.8000004291534424	221	5.555560853751255	0	-30
0.805001974105835	191	5.555560853751255	0	-34
0.8100013732910156	157	5.555560853751255	0	-22
0.8150012493133545	135	5.555560853751255	0	-11
0.8200039863586426	124	5.555560853751255	0	-5
0.825002908706665	119	5.555560853751255	0	-2
0.8300018310546875	117	5.555560853751255	0	-1
0.8350062370300293	116	5.555560853751255	0	-1
0.8400030136108398	115	5.555560853751255	0	0
0.8450016975402832	115	5.555560853751255	0	0
0.8500018119812012	115	5.555560853751255	0	1
0.8550045490264893	116	5.555560853751255	0	2
0.8600010871887207	118	5.555560853751255	0	4
0.8650045394897461	122	5.555560853751255	0	5
0.8700010776519775	127	5.555560853751255	0	6
0.875004768371582	133	5.555560853751255	0	10
0.8800039291381836	143	5.555560853751255	0	24
0.8850038051605225	167	5.555560853751255	0	36
0.8900048732757568	203	5.555560853751255	0	38
0.8950061798095703	241	5.555560853751255	0	31
0.9000132083892822	272	5.555560853751255	0	22
0.9050030708312988	294	5.555560853751255	0	17
0.9100017547607422	311	5.555560853751255	0	12
0.9150023460388184	323	5.555560853751255	0	10
0.9200031757354736	333	5.555560853751255	0	6
0.9250016212463379	339	5.555560853751255	0	0
0.9300017356872559	339	5.555560853751255	0	-8
0.9350016117095947	331	5.555560853751255	0	-17
0.94000244140625	314	5.555560853751255	0	-20
0.9450023174285889	294	5.555560853751255	0	-21
0.9500036239624023	273	5.555560853751255	0	-24
0.9550037384033203	249	5.555560853751255	0	-31
0.9600038528442383	218	5.555560853751255	0	-47
0.9650027751922607	171	2.7026878647542594	1	-30
0.9700026512145996	141	2.7026878647542594	0	-15
0.9750030040740967	126	2.7026878647542594	0	-7
0.9800014495849609	119	2.7026878647542594	0	-3
0.985004186630249	116	2.7026878647542594	0	-1
0.9900014400482178	115	2.7026878647542594	0	-1
0.9950039386749268	114	2.7026878647542594	0	0
1.0000026226043701	114	2.7026878647542594	0	0
1.0050041675567627	114	2.7026878647542594	0	0
1.0100045204162598	114	2.7026878647542594	0	0
1.015002965927124	114	2.7026878647542594	0	1
1.0200018882751465	115	2.7026878647542594	0	2
1.0250005722045898	117	2.7026878647542594	0	3
1.030000925064087	120	2.7026878647542594	0	8
1.0350031852722168	128	2.7026878647542594	0	17
1.0400006771087646	145	2.7026878647542594	0	28
1.045001745223999	173	2.7026878647542594	0	38
1.0500035285949707	211	2.2223361980353302	1	-88
1.0550036430358887	123	2.4999904632932157	1	151
1.0600006580352783	274	3.225819451804259	1	22
1.0650160312652588	296	3.225819451804259	0	12
1.0700147151947021	308	3.225819451804259	0	3
1.0750038623809814	311	3.225819451804259	0	-8
1.0800025463104248	303	3.225819451804259	0	-16
1.0850028991699219	287	3.225819451804259	0	-21
1.0900039672851562	266	3.225819451804259	0	-23
1.095003366470337	243	3.225819451804259	0	-24
1.1000044345855713	219	3.225819451804259	0	-32
1.1050024032592773	187	7.142876119080179	1	-34
1.1100044250488281	153	7.142876119080179	0	-21
1.1150047779083252	132	7.142876119080179	0	-9
1.1200027465820312	123	7.142876119080179	0	-4
1.125000238418579	119	7.142876119080179	0	-2
1.1300013065338135	117	7.142876119080179	0	-1
1.1350018978118896	116	7.142876119080179	0	-1
1.1400017738342285	115	7.142876119080179	0	0
1.1450018882751465	115	7.142876119080179	0	0
1.1500003337860107	115	7.142876119080179	0	2
1.1550042629241943	117	7.142876119080179	0	3
1.1600046157836914	120	7.142876119080179	0	4
1.1650006771087646	124	7.142876119080179	0	6
1.170003890991211	130	7.142876119080179	0	7
1.175001859664917	137	7.142876119080179	0	17
1.1800222396850586	154	7.142876119080179	0	30
1.1850025653839111	184	7.142876119080179	0	38
1.1900043487548828	222	7.142815298208806	1	36
1.1950008869171143	258	7.142815298208806	0	26
1.2000010013580322	284	7.142815298208806	0	19
1.205009937286377	303	7.142815298208806	0	15
1.2100043296813965	318	7.142815298208806	0	10
1.2150046825408936	328	7.142815298208806	0	8
1.2200021743774414	336	7.142815298208806	0	4
1.2250032424926758	340	7.142815298208806	0	-5
1.2300007343292236	335	7.142815298208806	0	-14
1.2350318431854248	321	7.142815298208806	0	-20
1.240001916885376	301	7.142815298208806	0	-21
1.245004415512085	280	7.142815298208806	0	-22
1.250004768371582	258	7.142815298208806	0	-27
1.255000352859497	231	7.142815298208806	0	-45
1.2600023746490479	186	4.878078962395924	1	-39
1.265007495880127	147	4.878078962395924	0	-18
1.2700026035308838	129	4.878078962395924	0	-9
1.2750015258789062	120	4.878078962395924	0	-3
1.280029058456421	117	4.878078962395924	0	-2
1.2850003242492676	115	4.878078962395924	0	-1
1.2900028228759766	114	4.878078962395924	0	0
1.2950029373168945	114	4.878078962395924	0	0
1.3000037670135498	114	4.878078962395924	0	0
1.3050012588500977	114	4.878078962395924	0	1
1.3100030422210693	115	4.878078962395924	0	0
1.3150031566619873	115	4.878078962395924	0	2
1.320002555847168	117	4.878078962395924	0	3
1.3250014781951904	120	4.878078962395924	0	8
1.3300065994262695	128	4.878078962395924	0	17
1.33500075340271	145	4.878078962395924	0	30
1.340003252029419	175	4.878078962395924	0	37
1.3450019359588623	212	3.50875619676388	1	35
1.3500027656555176	247	3.50875619676388	0	29
1.3550374507904053	276	3.50875619676388	0	21
1.3600022792816162	297	3.50875619676388	0	11
1.3650038242340088	308	3.50875619676388	0	1
1.3700041770935059	309	3.50875619676388	0	-10
1.3750040531158447	299	3.50875619676388	0	-17
1.3800034523010254	282	3.50875619676388	0	-21
1.3850033283233643	261	3.50875619676388	0	-24
1.390000820159912	237	3.50875619676388	0	-26
1.3950037956237793	211	3.50875619676388	0	-36
1.4000017642974854	175	3.389837850769043	1	-30
1.405003309249878	145	3.389837850769043	0	-17
1.4100046157836914	128	3.389837850769043	0	-7
1.4150002002716064	121	3.389837850769043	0	-3
1.4200327396392822	118	3.389837850769043	0	-2
1.425001621246338	116	3.389837850769043	0	-1
1.4300034046173096	115	3.389837850769043	0	0
1.4350011348724365	115	3.389837850769043	0	0
1.4400007724761963	115	3.389837850769043	0	1
1.445002555847168	116	3.389837850769043	0	2
1.4500041007995605	118	3.389837850769043	0	4
1.455003023147583	122	3.389837850769043	0	4
1.4600012302398682	126	3.389837850769043	0	7
1.465003490447998	133	3.389837850769043	0	8
1.4700047969818115	141	3.389837850769043	0	22
1.4750003814697266	163	3.389837850769043	0	36
1.4800035953521729	199	3.4482848205073395	1	38
1.4850037097930908	237	3.4482848205073395	0	32
1.4900612831115723	269	3.4482848205073395	0	23
1.495002269744873	292	3.4482848205073395	0	19
1.5000064373016357	311	3.4482848205073395	0	-150
1.5050005912780762	161	4.081662363747656	1	171
1.5100769996643066	332	6.057850153457303	1	7
1.5150041580200195	339	6.057850153457303	0	1
1.520003080368042	340	6.057850153457303	0	-8
1.5250015258789062	332	6.057850153457303	0	-15
1.5300016403198242	317	6.057850153457303	0	-21
1.535006046295166	296	6.057850153457303	0	-20
1.5400023460388184	276	6.057850153457303	0	-24
1.5450029373168945	252	6.057850153457303	0	-30
1.5500013828277588	222	6.057850153457303	0	-48
1.555004596710205	174	6.451495010990127	1	-31
1.5600178241729736	143	6.451495010990127	0	-17
1.5650362968444824	126	6.451495010990127	0	-7
1.570002555847168	119	6.451495010990127	0	-3
1.5750033855438232	116	6.451495010990127	0	-1
1.5800039768218994	115	6.451495010990127	0	-1
1.585000991821289	114	6.451495010990127	0	0
1.5900039672851562	114	6.451495010990127	0	0
1.5950007438659668	114	6.451495010990127	0	0
1.6000046730041504	114	6.451495010990127	0	0
1.6050019264221191	114	6.451495010990127	0	1
1.6100044250488281	115	6.451495010990127	0	2
1.6150403022766113	117	6.451495010990127	0	4
1.6200017929077148	121	6.451495010990127	0	8
1.6250042915344238	129	6.451495010990127	0	18
1.6300034523010254	147	6.451495010990127	0	30
1.6350016593933105	177	6.451495010990127	0	38
1.6400032043457031	215	6.250015273727549	1	34
1.6450021266937256	249	6.250015273727549	0	28
1.6500003337860107	277	6.250015273727549	0	21
1.6550042629241943	298	6.250015273727549	0	10
1.660015344619751	308	6.250015273727549	0	1
1.6650176048278809	309	6.250015273727549	0	-10
1.6700036525726318	299	6.250015273727549	0	-17
1.6750006675720215	282	6.250015273727549	0	-22
1.6800270080566406	260	6.250015273727549	0	-24
1.6850032806396484	236	6.250015273727549	0	-25
1.690004825592041	211	6.250015273727549	0	-37
1.6950016021728516	174	5.263129892260472	1	-29
1.700002908706665	145	5.263129892260472	0	-17
1.7050020694732666	128	5.263129892260472	0	-7
1.7100048065185547	121	5.263129892260472	0	-3
1.7150039672851562	118	5.263129892260472	0	-2
1.720001459121704	116	5.263129892260472	0	-1
1.7250025272369385	115	5.263129892260472	0	0
1.7300002574920654	115	5.263129892260472	0	0
1.735004186630249	115	5.263129892260472	0	1
1.7400014400482178	116	5.263129892260472	0	2
1.7450027465820312	118	5.263129892260472	0	3
1.7500007152557373	121	5.263129892260472	0	5
1.7550039291381836	126	5.263129892260472	0	7
1.7600040435791016	133	5.263129892260472	0	8
1.765000581741333	141	5.263129892260472	0	25
1.7700040340423584	166	5.263129892260472	0	36
1.775000810623169	202	3.7746701452791696	1	39
1.7800030708312988	241	3.7746701452791696	0	30
1.785001516342163	271	3.7746701452791696	0	23
1.7900035381317139	294	3.7746701452791696	0	17
1.7950010299682617	311	3.7746701452791696	0	12
1.8000013828277588	323	3.7746701452791696	0	10
1.8050024509429932	333	3.7746701452791696	0	5
1.8100335597991943	338	3.7746701452791696	0	-1
1.815000295639038	337	3.7746701452791696	0	-11
1.8200013637542725	326	3.7746701452791696	0	-18
1.8250012397766113	308	3.7746701452791696	0	-20
1.8300011157989502	288	3.7746701452791696	0	-22
1.83500075340271	266	3.7746701452791696	0	-26
1.8400027751922607	240	3.7746701452791696	0	-42
1.8450005054473877	198	3.448324510351212	1	-42
1.8500025272369385	156	3.448324510351212	0	-23
1.8550004959106445	133	3.448324510351212	0	-11
1.8600008487701416	122	3.448324510351212	0	-5
1.8650009632110596	117	3.448324510351212	0	-1
1.8700039386749268	116	3.448324510351212	0	-2
1.8750030994415283	114	3.448324510351212	0	0
1.8800022602081299	114	3.448324510351212	0	0
1.8850007057189941	114	3.448324510351212	0	0
1.8900015354156494	114	3.448324510351212	0	0
1.8950026035308838	114	3.448324510351212	0	1
1.900003433227539	115	3.448324510351212	0	1
1.9050064086914062	116	3.448324510351212	0	3
1.9100008010864258	119	3.448324510351212	0	6
1.9150080680847168	125	3.448324510351212	0	15
1.92000150680542	140	3.448324510351212	0	26
1.9250001907348633	166	3.448324510351212	0	36
1.9300010204315186	202	3.4483018303285515	1	37
1.9350008964538574	239	3.4483018303285515	0	30
1.940004825592041	269	3.4483018303285515	0	23
1.9450016021728516	292	3.4483018303285515	0	14
1.9500041007995605	306	3.4483018303285515	0	4
1.955002784729004	310	3.4483018303285515	0	-6
1.96000075340271	304	3.4483018303285515	0	-14
1.9650013446807861	290	3.4483018303285515	0	-20
1.9700047969818115	270	3.4483018303285515	0	-22
1.9750003814697266	248	3.4483018303285515	0	-24
1.9800286293029785	224	3.4483018303285515	0	-28
1.9850027561187744	196	3.4483018303285515	0	-36
1.9900004863739014	160	3.389843330113997	1	-24
1.9950051307678223	136	3.389843330113997	0	-12
2.000068426132202	124	3.389843330113997	0	-4
2.005002021789551	120	3.389843330113997	0	-3
2.0100018978118896	117	3.389843330113997	0	-1
2.0150046348571777	116	3.389843330113997	0	-1
2.020002841949463	115	3.389843330113997	0	0
2.025003671646118	115	3.389843330113997	0	0
2.0300180912017822	115	3.389843330113997	0	1
2.0350024700164795	116	3.389843330113997	0	2
2.040004014968872	118	3.389843330113997	0	4
2.0450026988983154	122	3.389843330113997	0	5
2.050001382827759	127	3.389843330113997	0	6
2.0550026893615723	133	3.389843330113997	0	9
2.060004711151123	142	3.389843330113997	0	25
2.065001964569092	167	3.4482621410067638	1	36
2.0700013637542725	203	3.4482621410067638	0	37
2.0750036239624023	240	3.4482621410067638	0	31
2.080000400543213	271	3.4482621410067638	0	23
2.0850002765655518	294	3.4482621410067638	0	17
2.090000867843628	311	3.4482621410067638	0	12
2.0950028896331787	323	3.4482621410067638	0	10
2.1000022888183594	333	3.4482621410067638	0	6
2.105001211166382	339	3.4482621410067638	0	1
2.1100242137908936	340	3.4482621410067638	0	-8
2.1150031089782715	332	3.4482621410067638	0	-17
2.1200034618377686	315	3.4482621410067638	0	-21
2.12502384185791	294	3.571130937937153	1	-21
2.130002498626709	273	3.571130937937153	0	-23
2.1350021362304688	250	3.571130937937153	0	-30
2.140001058578491	220	3.571130937937153	0	-47
2.1450002193450928	173	3.571130937937153	0	-31
2.15000057220459	142	3.571130937937153	0	-16
2.1550028324127197	126	3.571130937937153	0	-7
2.1600005626678467	119	3.571130937937153	0	-3
2.1650006771087646	116	3.571130937937153	0	-1
2.17000150680542	115	3.571130937937153	0	-1
2.175004482269287	114	3.571130937937153	0	0
2.1800026893615723	114	3.571130937937153	0	0
2.185000419616699	114	3.571130937937153	0	0
2.1900243759155273	114	3.571130937937153	0	1
2.1950039863586426	115	3.571130937937153	0	-58
2.200000286102295	57	3.571130937937153	0	61
2.205002784729004	118	3.636340306959784	1	3
2.2100043296813965	121	3.636340306959784	0	8
2.215000867843628	129	3.636340306959784	0	18
2.2200028896331787	147	3.636340306959784	0	31
2.225015878677368	178	3.636340306959784	0	37
2.2300033569335938	215	3.636340306959784	0	35
2.2350013256073	250	3.636340306959784	0	27
2.2400014400482178	277	3.636340306959784	0	21
2.2450008392333984	298	3.636340306959784	0	11
2.250004291534424	309	3.636340306959784	0	1
2.255002498626709	310	3.636340306959784	0	-9
2.2600040435791016	301	3.636340306959784	0	-16
2.2650067806243896	285	3.636340306959784	0	-21
2.2700023651123047	264	3.571404608089318	1	-23
2.275000810623169	241	3.571404608089318	0	-25
2.280003786087036	216	3.571404608089318	0	-33
2.2850027084350586	183	3.571404608089318	0	-32
2.2900009155273438	151	3.571404608089318	0	-20
2.2950005531311035	131	3.571404608089318	0	-9
2.3000168800354004	122	3.571404608089318	0	-3
2.305011749267578	119	3.571404608089318	0	-2
2.3100013732910156	117	3.571404608089318	0	-2
2.3150012493133545	115	3.571404608089318	0	0
2.320002555847168	115	3.571404608089318	0	0
2.3250014781951904	115	3.571404608089318	0	0
2.330003023147583	115	3.571404608089318	0	2
2.3350002765655518	117	3.571404608089318	0	3
2.340001106262207	120	3.571404608089318	0	4
2.345003366470337	124	3.571404608089318	0	6
2.350001573562622	130	3.571404608089318	0	7
2.355003833770752	137	3.571404608089318	0	14
2.3600010871887207	151	3.571404608089318	0	31
2.365032434463501	182	3.332994813333238	1	38
2.3700008392333984	220	3.332994813333238	0	35
2.3750030994415283	255	3.332994813333238	0	27
2.3800041675567627	282	3.332994813333238	0	20
2.3850035667419434	302	3.332994813333238	0	15
2.3900046348571777	317	3.332994813333238	0	11
2.3950021266937256	328	3.332994813333238	0	8
2.4000046253204346	336	3.332994813333238	0	4
2.405000686645508	340	3.332994813333238	0	-4
2.4100024700164795	336	3.332994813333238	0	-14
2.415003776550293	322	3.332994813333238	0	-19
2.4200003147125244	303	3.332994813333238	0	-21
2.4250006675720215	282	3.333590845290949	1	-22
2.430001974105835	260	3.333590845290949	0	-26
2.435001850128174	234	3.333590845290949	0	-45
2.4400010108947754	189	3.333590845290949	0	-39
2.4450013637542725	150	3.333590845290949	0	-20
2.4500038623809814	130	3.333590845290949	0	-9
2.45500111579895	121	3.333590845290949	0	-4
2.4600002765655518	117	3.333590845290949	0	-2
2.465003490447998	115	3.333590845290949	0	-1
2.470001697540283	114	3.333590845290949	0	0
2.475001335144043	114	3.333590845290949	0	0
2.4800004959106445	114	3.333590845290949	0	0
2.485002040863037	114	3.333590845290949	0	0
2.4900033473968506	114	3.333590845290949	0	1
2.495002031326294	115	3.333590845290949	0	3
2.50000262260437	118	3.333590845290949	0	3
2.505000591278076	121	3.333590845290949	0	9
2.5100021362304688	130	3.333590845290949	0	21
2.515003204345703	151	3.2258020851599247	1	33
2.5200023651123047	184	3.2258020851599247	0	38
2.5250024795532227	222	3.2258020851599247	0	34
2.5300021171569824	256	3.2258020851599247	0	26
2.535001516342163	282	3.2258020851599247	0	18
2.540003538131714	300	3.2258020851599247	0	7
2.545001983642578	307	3.2258020851599247	0	-4
2.550001382827759	303	3.2258020851599247	0	-13
2.5550038814544678	290	3.2258020851599247	0	-20
2.5600008964538574	270	3.2258020851599247	0	-23
2.565004587173462	247	3.3898049750713026	1	-25
2.570002555847168	222	3.3898049750713026	0	-34
2.5750043392181396	188	3.3898049750713026	0	-34
2.5800044536590576	154	3.3898049750713026	0	-22
2.585001230239868	132	3.3898049750713026	0	-9
2.5900001525878906	123	3.3898049750713026	0	-4
2.5950024127960205	119	3.3898049750713026	0	-2
2.6000022888183594	117	3.3898049750713026	0	-1
2.6050033569335938	116	3.3898049750713026	0	-1
2.6100032329559326	115	3.3898049750713026	0	0
2.615004301071167	115	3.3898049750713026	0	1
2.620004653930664	116	3.3898049750713026	0	1
2.6250030994415283	117	3.3898049750713026	0	4
2.630002737045288	121	3.3898049750713026	0	5
2.6350040435791016	126	3.3898049750713026	0	6
2.640000581741333	132	3.3898049750713026	0	9
2.645000457763672	141	3.3898049750713026	0	24
2.650001287460327	165	3.509155437458063	1	36
2.655003786087036	201	3.509155437458063	0	39
2.6600027084350586	240	3.509155437458063	0	31
2.6650044918060303	271	3.509155437458063	0	22
2.67000412940979	293	3.509155437458063	0	17
2.6750001907348633	310	3.509155437458063	0	13
2.6800036430358887	323	3.509155437458063	0	9
2.6850008964538574	332	3.509155437458063	0	6
2.69000506401062	338	3.509155437458063	0	-2
2.6950032711029053	336	3.509155437458063	0	-13
2.700003147125244	323	3.509155437458063	0	-19
2.7050020694732666	304	3.509155437458063	0	-21
2.710000991821289	283	3.5087679378405827	1	-22
2.7150042057037354	261	3.5087679378405827	0	-27
2.720004081726074	234	3.5087679378405827	0	-46
2.7250006198883057	188	3.5087679378405827	0	-39
2.7300031185150146	149	3.5087679378405827	0	-20
2.735002279281616	129	3.5087679378405827	0	-8
2.7400002479553223	121	3.5087679378405827	0	-4
2.745004177093506	117	3.5087679378405827	0	-2
2.7500007152557373	115	3.5087679378405827	0	-1
2.755000352859497	114	3.5087679378405827	0	0
2.7600011825561523	114	3.5087679378405827	0	0
2.7650015354156494	114	3.5087679378405827	0	0
2.770000696182251	114	3.5087679378405827	0	1
2.775003671646118	115	3.5087679378405827	0	0
2.7800045013427734	115	3.5087679378405827	0	3
2.785003185272217	118	3.5087679378405827	0	3
2.7900032997131348	121	3.5087679378405827	0	10
2.7950024604797363	131	3.5087679378405827	0	20
2.8000035285949707	151	3.5087679378405827	0	32
2.805001735687256	183	3.448293325396969	1	38
2.8100039958953857	221	3.448293325396969	0	34
2.815000295639038	255	3.448293325396969	0	27
2.8200013637542725	282	3.448293325396969	0	18
2.8250041007995605	300	3.448293325396969	0	9
2.830000877380371	309	3.448293325396969	0	-2
2.835001230239868	307	3.448293325396969	0	-12
2.840003728866577	295	3.448293325396969	0	-20
2.8450028896331787	275	3.448293325396969	0	-22
2.850003957748413	253	3.5087796789958623	1	-24
2.8550002574920654	229	3.5087796789958623	0	-28
2.8600049018859863	201	3.5087796789958623	0	-37
2.865004539489746	164	3.5087796789958623	0	-26
2.870002508163452	138	3.5087796789958623	0	-13
2.8750040531158447	125	3.5087796789958623	0	-5
2.8800010681152344	120	3.5087796789958623	0	-3
2.885002851486206	117	3.5087796789958623	0	-1
2.890002965927124	116	3.5087796789958623	0	-1
2.8950021266937256	115	3.5087796789958623	0	0
2.9000003337860107	115	3.5087796789958623	0	0
2.9050018787384033	115	3.5087796789958623	0	1
2.9100029468536377	116	3.5087796789958623	0	3
2.9150032997131348	119	3.5087796789958623	0	4
2.920004367828369	123	3.5087796789958623	0	6
2.925001859664917	129	3.5087796789958623	0	7
2.930004835128784	136	3.5087796789958623	0	14
2.935000419616699	150	3.5087796789958623	0	31
2.9400036334991455	181	3.4482479664703978	1	38
2.9450013637542725	219	3.4482479664703978	0	36
2.950005054473877	255	3.4482479664703978	0	27
2.9550042152404785	282	3.4482479664703978	0	20
2.9600019454956055	302	3.4482479664703978	0	15
2.965001344680786	317	3.4482479664703978	0	11
2.970003128051758	328	3.4482479664703978	0	7
2.9750022888183594	335	3.4482479664703978	0	4
2.980003595352173	339	3.4482479664703978	0	-6
2.985001564025879	333	3.4482479664703978	0	-14
2.990001916885376	319	3.4482479664703978	0	-20
2.9950029850006104	299	3.4482479664703978	0	-22
3.00000262260437	277	3.4482564711782335	1	-24
3.0050039291381836	253	3.4482564711782335	0	-35
3.010002851486206	218	3.4482564711782335	0	-48
3.0150113105773926	170	3.4482564711782335	0	-31
3.0200040340423584	139	3.4482564711782335	0	-14
3.025003433227539	125	3.4482564711782335	0	-7
3.0300021171569824	118	3.4482564711782335	0	-2
3.035001039505005	116	3.4482564711782335	0	-1
3.040001630783081	115	3.4482564711782335	0	-1
3.0450005531311035	114	3.4482564711782335	0	0
3.050002098083496	114	3.4482564711782335	0	0
3.0550012588500977	114	3.4482564711782335	0	1
3.0600008964538574	115	3.4482564711782335	0	0
3.0650038719177246	115	3.4482564711782335	0	2
3.0700008869171143	117	3.4482564711782335	0	4
3.0750033855438232	121	3.4482564711782335	0	9
3.080003023147583	130	3.4482564711782335	0	21
3.0850026607513428	151	3.571416772180731	1	33
3.090003728866577	184	3.571416772180731	0	39
3.095014810562134	223	3.571416772180731	0	33
3.100001335144043	256	3.571416772180731	0	27
3.1050212383270264	283	3.571416772180731	0	27
3.1100149154663086	310	3.571416772180731	0	-24
3.1150007247924805	286	3.773630943330361	1	18
3.1200008392333984	304	3.773630943330361	0	-14
3.1250052452087402	290	3.773630943330361	0	-20
3.1300015449523926	270	3.773630943330361	0	-22
3.135002613067627	248	3.773630943330361	0	-25
3.1400041580200195	223	3.773630943330361	0	-31
3.145001173019409	192	3.773630943330361	0	-37
3.1500141620635986	155	3.773630943330361	0	-22
3.155003070831299	133	3.773630943330361	0	-10
3.1600074768066406	123	3.773630943330361	0	-4
3.165004014968872	119	3.773630943330361	0	-2
3.170003652572632	117	3.773630943330361	0	-1
3.175004720687866	116	3.773630943330361	0	-1
3.180004358291626	115	3.773630943330361	0	0
3.1850008964538574	115	3.773630943330361	0	1
3.1900038719177246	116	3.773630943330361	0	1
3.1950058937072754	117	3.773630943330361	0	3
3.2000036239624023	120	3.773630943330361	0	5
3.205000638961792	125	3.773630943330361	0	7
3.210000514984131	132	3.773630943330361	0	8
3.215003490447998	140	3.773630943330361	0	22
3.220003843307495	162	3.5714258953036686	1	35
3.2250030040740967	197	3.5714258953036686	0	39
3.2300045490264893	236	3.5714258953036686	0	32
3.2350120544433594	268	3.5714258953036686	0	23
3.2400028705596924	291	3.5714258953036686	0	17
3.2450034618377686	308	3.5714258953036686	0	14
3.2500007152557373	322	3.5714258953036686	0	9
3.255002498626709	331	3.5714258953036686	0	7
3.2600009441375732	338	3.5714258953036686	0	0
3.265002965927124	338	3.5714258953036686	0	-11
3.270014762878418	327	3.5714258953036686	0	-18
3.2750020027160645	309	3.5714258953036686	0	-21
3.2800004482269287	288	3.571456306050089	1	-22
3.2850046157836914	266	3.571456306050089	0	-26
3.290003776550293	240	3.571456306050089	0	-41
3.2950003147125244	199	3.571456306050089	0	-43
3.3000032901763916	156	3.571456306050089	0	-24
3.305004119873047	132	3.571456306050089	0	-10
3.3100016117095947	122	3.571456306050089	0	-5
3.315004587173462	117	3.571456306050089	0	-2
3.3200032711029053	115	3.571456306050089	0	-1
3.3250014781951904	114	3.571456306050089	0	0
3.3300023078918457	114	3.571456306050089	0	0
3.335000514984131	114	3.571456306050089	0	7
3.3400044441223145	121	3.571456306050089	0	-6
3.345004081726074	115	3.571456306050089	0	0
3.3500027656555176	115	3.571456306050089	0	2
3.3550031185150146	117	3.571456306050089	0	4
3.3600192070007324	121	3.571456306050089	0	8
3.3650426864624023	129	3.571456306050089	0	19
3.3700034618377686	148	3.571456306050089	0	32
3.3750038146972656	180	3.4482621410067638	1	38
3.380004644393921	218	3.4482621410067638	0	34
3.3850021362304688	252	3.4482621410067638	0	27
3.390002727508545	279	3.4482621410067638	0	20
3.3950023651123047	299	3.4482621410067638	0	9
3.4000003337860107	308	3.4482621410067638	0	-1
3.405003786087036	307	3.4482621410067638	0	-11
3.410001277923584	296	3.4482621410067638	0	-18
3.415003538131714	278	3.4482621410067638	0	-23
3.420001983642578	255	3.2786749922611995	1	-23
3.4250035285949707	232	3.2786749922611995	0	-28
3.4300029277801514	204	3.2786749922611995	0	-37
3.4350035190582275	167	3.2786749922611995	0	-27
3.440002202987671	140	3.2786749922611995	0	-14
3.4450008869171143	126	3.2786749922611995	0	-6
3.4500033855438232	120	3.2786749922611995	0	-2
3.4550013542175293	118	3.2786749922611995	0	-2
3.460003614425659	116	3.2786749922611995	0	-1
3.4650044441223145	115	3.2786749922611995	0	0
3.4700047969818115	115	3.2786749922611995	0	0
3.4750277996063232	115	3.2786749922611995	0	1
3.48000168800354	116	3.2786749922611995	0	2
3.4850003719329834	118	3.2786749922611995	0	4
3.4900009632110596	122	3.2786749922611995	0	5
3.4950013160705566	127	3.2786749922611995	0	7
3.500004529953003	134	3.2786749922611995	0	9
3.505002021789551	143	3.2786749922611995	0	25
3.510000228881836	168	3.4483188403175773	1	36
3.5150041580200195	204	3.4483188403175773	0	38
3.5200014114379883	242	3.4483188403175773	0	31
3.525002956390381	273	3.4483188403175773	0	22
3.5300004482269287	295	3.4483188403175773	0	17
3.535001516342163	312	3.4483188403175773	0	12
3.5400025844573975	324	3.4483188403175773	0	9
3.5450031757354736	333	3.4483188403175773	0	6
3.550001859664917	339	3.4483188403175773	0	-1
3.5550003051757812	338	3.4483188403175773	0	-10
3.560004711151123	328	3.4483188403175773	0	-18
3.565000295639038	310	3.4483188403175773	0	-20
3.5700018405914307	290	3.4483188403175773	0	-156
3.575000524520874	134	3.389829631784825	1	111
3.5800018310546875	245	4.8780959824336145	1	-36
3.5850024223327637	209	6.060589947143464	1	-46
3.5900003910064697	163	6.060589947143464	0	-27
3.5950028896331787	136	6.060589947143464	0	-13
3.6000003814697266	123	6.060589947143464	0	-5
3.6050026416778564	118	6.060589947143464	0	-2
3.610001802444458	116	6.060589947143464	0	-2
3.6150026321411133	114	6.060589947143464	0	0
3.620002269744873	114	6.060589947143464	0	0
3.625000476837158	114	6.060589947143464	0	0
3.6300010681152344	114	6.060589947143464	0	0
3.6350021362304688	114	6.060589947143464	0	1
3.6400015354156494	115	6.060589947143464	0	1
3.645000696182251	116	6.060589947143464	0	2
3.6500017642974854	118	6.060589947143464	0	5
3.655003547668457	123	6.060589947143464	0	11
3.6600029468536377	134	6.060589947143464	0	23
3.665004253387451	157	6.451445394334091	1	35
3.6700029373168945	192	6.451445394334091	0	37
3.6750025749206543	229	6.451445394334091	0	32
3.6800003051757812	261	6.451445394334091	0	25
3.6850011348724365	286	6.451445394334091	0	17
3.690002202987671	303	6.451445394334091	0	7
3.6950011253356934	310	6.451445394334091	0	-3
3.700000286102295	307	6.451445394334091	0	-13
3.705003261566162	294	6.451445394334091	0	-19
3.7100045680999756	275	6.451445394334091	0	-22
3.71500301361084	253	6.451445394334091	0	-24
3.720003128051758	229	6.896427896117135	1	-28
3.725003957748413	201	6.896427896117135	0	-37
3.7300002574920654	164	6.896427896117135	0	-25
3.735004186630249	139	6.896427896117135	0	-14
3.7400009632110596	125	6.896427896117135	0	-5
3.7450015544891357	120	6.896427896117135	0	-2
3.7500030994415283	118	6.896427896117135	0	-2
3.7550039291381836	116	6.896427896117135	0	-1
3.7600009441375732	115	6.896427896117135	0	0
3.765002965927124	115	6.896427896117135	0	0
3.770002841949463	115	6.896427896117135	0	1
3.7750039100646973	116	6.896427896117135	0	2
3.780003070831299	118	6.896427896117135	0	4
3.7850050926208496	122	6.896427896117135	0	4
3.790001153945923	126	6.896427896117135	0	7
3.7950007915496826	133	6.896427896117135	0	8
3.800001859664917	141	6.896427896117135	0	20
3.8050005435943604	161	6.896427896117135	0	38
3.8100006580352783	199	4.34784826134956	1	39
3.815002679824829	238	4.34784826134956	0	31
3.8200020790100098	269	4.34784826134956	0	23
3.825002431869507	292	4.34784826134956	0	18
3.8300039768218994	310	4.34784826134956	0	12
3.835003614425659	322	4.34784826134956	0	10
3.8400046825408936	332	4.34784826134956	0	6
3.8450045585632324	338	4.34784826134956	0	1
3.850004196166992	339	4.34784826134956	0	-8
3.855003595352173	331	4.34784826134956	0	-16
3.8600010871887207	315	4.34784826134956	0	-20
3.865004301071167	295	4.34784826134956	0	-20
3.8700015544891357	275	4.34784826134956	0	-24
3.87500262260437	251	3.4482734807197604	1	-32
3.880002021789551	219	3.4482734807197604	0	-47
3.8850014209747314	172	3.4482734807197604	0	-31
3.890000820159912	141	3.4482734807197604	0	-15
3.8950014114379883	126	3.4482734807197604	0	-7
3.9000024795532227	119	3.4482734807197604	0	-3
3.9050045013427734	116	3.4482734807197604	0	-1
3.910003423690796	115	3.4482734807197604	0	-1
3.915001392364502	114	3.4482734807197604	0	0
3.9200010299682617	114	3.4482734807197604	0	0
3.925001859664917	114	3.4482734807197604	0	0
3.9300034046173096	114	3.4482734807197604	0	1
3.9350016117095947	115	3.4482734807197604	0	1
3.9400036334991455	116	3.4482734807197604	0	2
3.9450039863586426	118	3.4482734807197604	0	4
3.9500012397766113	122	3.4482734807197604	0	9
3.955000638961792	131	3.4482734807197604	0	21
3.960002899169922	152	3.4482734807197604	0	31
3.9650003910064697	183	3.333376249230097	1	38
3.9700028896331787	221	3.333376249230097	0	34
3.975003719329834	255	3.333376249230097	0	26
3.980004072189331	281	3.333376249230097	0	19
3.985003709793091	300	3.333376249230097	0	10
3.990002155303955	310	3.333376249230097	0	-1
3.995001792907715	309	3.333376249230097	0	-10
4.000000953674316	299	3.333376249230097	0	-18
4.005002737045288	281	3.333376249230097	0	-21
4.010003089904785	260	3.333376249230097	0	-24
4.015001535415649	236	3.3898488094766646	1	-24
4.020001411437988	212	3.3898488094766646	0	-35
4.02500319480896	177	3.3898488094766646	0	-31
4.03000020980835	146	3.3898488094766646	0	-114
4.035003900527954	32	3.3898488094766646	0	89
4.040004014968872	121	4.347762629780741	1	-3
4.045004844665527	118	4.347762629780741	0	-2
4.050010919570923	116	4.347762629780741	0	-1
4.055001497268677	115	4.347762629780741	0	0
4.060002565383911	115	4.347762629780741	0	0
4.065000295639038	115	4.347762629780741	0	0
4.070001840591431	115	4.347762629780741	0	2
4.075000524520874	117	4.347762629780741	0	3
4.080006837844849	120	4.347762629780741	0	4
4.085000276565552	124	4.347762629780741	0	7
4.0900046825408936	131	4.347762629780741	0	8
4.095004081726074	139	4.347762629780741	0	22
4.100003719329834	161	4.347762629780741	0	36
4.10500431060791	197	4.347762629780741	0	40
4.110032081604004	237	4.347762629780741	0	31
4.115002632141113	268	4.347762629780741	0	23
4.12000298500061	291	4.347762629780741	0	18
4.125002384185791	309	4.347762629780741	0	13
4.13000750541687	322	4.347762629780741	0	9
4.135001182556152	331	4.347762629780741	0	6
4.140004634857178	337	4.347762629780741	0	-3
4.145001173019409	334	4.347762629780741	0	-12
4.150002956390381	322	4.347762629780741	0	-18
4.155001401901245	304	4.347762629780741	0	-21
4.160002946853638	283	3.5087679378405827	1	-21
4.1650025844573975	262	3.5087679378405827	0	-26
4.170003414154053	236	3.5087679378405827	0	-46
4.1750030517578125	190	3.5087679378405827	0	-40
4.1800010204315186	150	3.5087679378405827	0	-20
4.185003280639648	130	3.5087679378405827	0	-9
4.190002679824829	121	3.5087679378405827	0	-4
4.195004940032959	117	3.5087679378405827	0	-2
4.200001001358032	115	3.5087679378405827	0	-1
4.205000638961792	114	3.5087679378405827	0	0
4.210000276565552	114	3.5087679378405827	0	0
4.215002059936523	114	3.5087679378405827	0	0
4.220000982284546	114	3.5087679378405827	0	1
4.225001096725464	115	3.5087679378405827	0	1
4.230003595352173	116	3.5087679378405827	0	2
4.235002756118774	118	3.5087679378405827	0	4
4.240004539489746	122	3.5087679378405827	0	10
4.245003700256348	132	3.5087679378405827	0	23
4.250001907348633	155	3.5087532615069814	1	34
4.255001068115234	189	3.5087532615069814	0	37
4.260000705718994	226	3.5087532615069814	0	33
4.265002250671387	259	3.5087532615069814	0	26
4.270000696182251	285	3.5087532615069814	0	17
4.275001764297485	302	3.5087532615069814	0	8
4.280001163482666	310	3.5087532615069814	0	-4
4.285000801086426	306	3.5087532615069814	0	-12
4.2900025844573975	294	3.5087532615069814	0	-20
4.295003414154053	274	3.5087532615069814	0	-21
4.300003528594971	253	3.508747391007918	1	-24
4.305002450942993	229	3.508747391007918	0	-28
4.310003280639648	201	3.508747391007918	0	-37
4.315002202987671	164	3.508747391007918	0	-26
4.3200037479400635	138	3.508747391007918	0	-13
4.325004577636719	125	3.508747391007918	0	-5
4.33000111579895	120	3.508747391007918	0	-2
4.3350019454956055	118	3.508747391007918	0	-2
4.340000867843628	116	3.508747391007918	0	-1
4.345001220703125	115	3.508747391007918	0	0
4.350000619888306	115	3.508747391007918	0	0
4.355001449584961	115	3.508747391007918	0	1
4.360002040863037	116	3.508747391007918	0	2
4.365003347396851	118	3.508747391007918	0	4
4.3700032234191895	122	3.508747391007918	0	5
4.375004053115845	127	3.508747391007918	0	7
4.380002737045288	134	3.508747391007918	0	9
4.3850016593933105	143	3.508747391007918	0	23
4.390002727508545	166	2.857153367061739	1	35
4.395004510879517	201	2.857153367061739	0	38
4.400004148483276	239	2.857153367061739	0	31
4.405000448226929	270	2.857153367061739	0	23
4.410000801086426	293	2.857153367061739	0	17
4.4150049686431885	310	2.857153367061739	0	13
4.420002222061157	323	2.857153367061739	0	9
4.425001382827759	332	2.857153367061739	0	7
4.430002689361572	339	2.857153367061739	0	1
4.435003995895386	340	2.857153367061739	0	-8
4.440003156661987	332	2.857153367061739	0	-17
4.445001125335693	315	2.857153367061739	0	-21
4.450002908706665	294	3.448276315659663	1	-21
4.455004692077637	273	3.448276315659663	0	-24
4.460005044937134	249	3.448276315659663	0	-31
4.465002536773682	218	3.448276315659663	0	-47
4.4700047969818115	171	3.448276315659663	0	-31
4.47500467300415	140	3.448276315659663	0	-15
4.480003833770752	125	3.448276315659663	0	-6
4.485002279281616	119	3.448276315659663	0	-3
4.49000096321106	116	3.448276315659663	0	-59
4.495000600814819	57	3.448276315659663	0	57
4.500001430511475	114	4.000007629409083	1	0
4.505004167556763	114	4.000007629409083	0	0
4.510003089904785	114	4.000007629409083	0	0
4.515004634857178	114	4.000007629409083	0	1
4.520003318786621	115	4.000007629409083	0	1
4.525002717971802	116	4.000007629409083	0	2
4.530001163482666	118	4.000007629409083	0	4
4.535000801086426	122	4.000007629409083	0	11
4.540002107620239	133	4.000007629409083	0	23
4.545004367828369	156	4.000007629409083	0	34
4.550002813339233	190	4.000007629409083	0	38
4.555002450942993	228	4.000007629409083	0	32
4.560003042221069	260	4.000007629409083	0	25
4.565004825592041	285	4.000007629409083	0	18
4.570003032684326	303	4.000007629409083	0	7
4.575001001358032	310	4.000007629409083	0	-3
4.58000111579895	307	4.000007629409083	0	-13
4.585003852844238	294	4.000007629409083	0	-19
4.590000629425049	275	4.000007629409083	0	-22
4.595001697540283	253	3.3898515491646406	1	-24
4.6000025272369385	229	3.3898515491646406	0	-29
4.605021715164185	200	3.3898515491646406	0	-36
4.610000133514404	164	3.3898515491646406	0	-25
4.615000486373901	139	3.3898515491646406	0	-14
4.6200034618377686	125	3.3898515491646406	0	-5
4.625004053115845	120	3.3898515491646406	0	-3
4.630000829696655	117	3.3898515491646406	0	-1
4.635003566741943	116	3.3898515491646406	0	-1
4.640004873275757	115	3.3898515491646406	0	0
4.645001173019409	115	3.3898515491646406	0	0
4.650002479553223	115	3.3898515491646406	0	1
4.65500283241272	116	3.3898515491646406	0	2
4.660000562667847	118	3.3898515491646406	0	3
4.665003776550293	121	3.3898515491646406	0	5
4.670000791549683	126	3.3898515491646406	0	6
4.67500114440918	132	3.3898515491646406	0	7
4.680002689361572	139	3.3898515491646406	0	18
4.685003995895386	157	3.3898515491646406	0	33
4.690001487731934	190	3.3333471086859428	1	39
4.695002794265747	229	3.3333471086859428	0	34
4.700001955032349	263	3.3333471086859428	0	25
4.705000877380371	288	3.3333471086859428	0	18
4.710004806518555	306	3.3333471086859428	0	14
4.715003728866577	320	3.3333471086859428	0	9
4.720004558563232	329	3.3333471086859428	0	9
4.7250025272369385	338	3.3333471086859428	0	3
4.730000972747803	341	3.3333471086859428	0	-5
4.735002756118774	336	3.3333471086859428	0	-14
4.74000096321106	322	3.3333471086859428	0	-19
4.745001316070557	303	3.3333471086859428	0	-20
4.750002384185791	283	3.3333471086859428	0	-22
4.755001068115234	261	3.27870831069646	1	-26
4.760002136230469	235	3.27870831069646	0	-45
4.765003204345703	190	3.27870831069646	0	-38
4.7700042724609375	152	3.27870831069646	0	-21
4.775001525878906	131	3.27870831069646	0	-10
4.780004501342773	121	3.27870831069646	0	-4
4.785001277923584	117	3.27870831069646	0	-2
4.790001153945923	115	3.27870831069646	0	-1
4.795001983642578	114	3.27870831069646	0	0
4.800001859664917	114	3.27870831069646	0	0
4.8050010204315186	114	3.27870831069646	0	0
4.810000419616699	114	3.27870831069646	0	0
4.815004825592041	114	3.27870831069646	0	1
4.820001602172852	115	3.27870831069646	0	1
4.825000286102295	116	3.27870831069646	0	3
4.830003261566162	119	3.27870831069646	0	6
4.835000276565552	125	3.27870831069646	0	15
4.840003490447998	140	3.27870831069646	0	26
4.845004558563232	166	2.8985244442478755	1	36
4.8500001430511475	202	2.8985244442478755	0	36
4.855000257492065	238	2.8985244442478755	0	30
4.860004425048828	268	2.8985244442478755	0	23
4.8650007247924805	291	2.8985244442478755	0	15
4.870002746582031	306	2.8985244442478755	0	5
4.875000238418579	311	2.8985244442478755	0	-6
4.8800013065338135	305	2.8985244442478755	0	-14
4.885004758834839	291	2.8985244442478755	0	-20
4.890004873275757	271	2.8985244442478755	0	-22
4.895002126693726	249	3.3333285649685727	1	-24
4.900000810623169	225	3.3333285649685727	0	-28
4.905003070831299	197	3.3333285649685727	0	-36
4.910004377365112	161	3.3333285649685727	0	-24
4.915000677108765	137	3.3333285649685727	0	-12
4.920002698898315	125	3.3333285649685727	0	-5
4.925004720687866	120	3.3333285649685727	0	-3
4.930001735687256	117	3.3333285649685727	0	-1
4.935000419616699	116	3.3333285649685727	0	-1
4.940003156661987	115	3.3333285649685727	0	0
4.9450013637542725	115	3.3333285649685727	0	0
4.950001955032349	115	3.3333285649685727	0	1
4.955002307891846	116	3.3333285649685727	0	2
4.960003614425659	118	3.3333285649685727	0	3
4.965000867843628	121	3.3333285649685727	0	5
4.9700024127960205	126	3.3333285649685727	0	6
4.975003480911255	132	3.3333285649685727	0	8
4.980004072189331	140	3.3333285649685727	0	21
4.98500394821167	161	3.3898022354586086	1	34
4.99000096321106	195	3.3898022354586086	0	39
4.995000600814819	234	3.3898022354586086	0	0
