1.0728836059570312e-05	692	0	0	-3
0.005005359649658203	689	0	0	1
0.010001182556152344	690	0	0	0
0.01500082015991211	690	0	0	-1
0.02000284194946289	689	0	0	1
0.02500128746032715	690	0	0	-1
0.030004501342773438	689	0	0	1
0.0350031852722168	690	0	0	0
0.04000353813171387	690	0	0	-2
0.045000314712524414	688	0	0	-1
0.050000905990600586	687	0	0	0
0.05500149726867676	687	0	0	1
0.06000185012817383	688	0	0	-1
0.06500029563903809	687	0	0	-2
0.07000350952148438	685	0	0	-1
0.07500052452087402	684	0	0	-1
0.08000326156616211	683	0	0	0
0.08500075340270996	683	0	0	-3
0.09000015258789062	680	0	0	3
0.09500479698181152	683	0	0	-1
0.10000419616699219	682	0	0	-6
0.10500359535217285	676	0	0	5
0.1100003719329834	681	0	0	-1
0.11500287055969238	680	0	0	-4
0.12000441551208496	676	0	0	4
0.12500214576721191	680	0	0	0
0.13000130653381348	680	0	0	-1
0.13500213623046875	679	0	0	-1
0.1400010585784912	678	0	0	-8
0.14500212669372559	670	0	0	13
0.15000438690185547	683	0	0	-3
0.1550002098083496	680	0	0	6
0.16000032424926758	686	0	0	7
0.16500115394592285	693	0	0	10
0.17000293731689453	703	0	0	24
0.1750037670135498	727	0	1	26
0.18000054359436035	753	0	0	31
0.18500256538391113	784	0	0	27
0.1900033950805664	811	0	0	21
0.19500374794006348	832	0	0	10
0.20000386238098145	842	0	0	13
0.2050001621246338	855	0	0	9
0.21000385284423828	864	0	0	-4
0.21500229835510254	860	0	0	13
0.2200002670288086	873	0	0	3
0.22500300407409668	876	0	0	2
0.23000264167785645	878	0	0	4
0.23500275611877441	882	0	0	2
0.2400050163269043	884	0	0	3
0.24500203132629395	887	0	0	-3
0.2500016689300537	884	0	0	-7
0.2550034523010254	877	0	0	-2
0.26000046730041504	875	0	0	-11
0.2650032043457031	864	0	0	-25
0.2700040340423584	839	2.6315715504693067	1	-12
0.27500224113464355	827	2.6315715504693067	0	-27
0.280001163482666	800	2.6315715504693067	0	-28
0.2850010395050049	772	2.6315715504693067	0	-31
0.29000210762023926	741	2.6315715504693067	0	-20
0.2950003147125244	721	2.6315715504693067	0	-7
0.3000020980834961	714	2.6315715504693067	0	-10
0.30500245094299316	704	2.6315715504693067	0	-8
0.31000185012817383	696	2.6315715504693067	0	-5
0.3150033950805664	691	2.6315715504693067	0	-3
0.32000136375427246	688	2.6315715504693067	0	-4
0.32500147819519043	684	2.6315715504693067	0	-1
0.3300032615661621	683	2.6315715504693067	0	5
0.33500170707702637	688	2.6315715504693067	0	-2
0.34000349044799805	686	2.6315715504693067	0	-4
0.3450014591217041	682	2.6315715504693067	0	5
0.3500046730041504	687	2.6315715504693067	0	-2
0.35500025749206543	685	2.6315715504693067	0	5
0.3600013256072998	690	2.6315715504693067	0	5
0.365001916885376	695	2.6315715504693067	0	24
0.37000179290771484	719	2.5641285223645003	1	27
0.37500452995300293	746	2.5641285223645003	0	36
0.3800008296966553	782	2.5641285223645003	0	26
0.38500332832336426	808	2.5641285223645003	0	23
0.3900032043457031	831	2.5641285223645003	0	24
0.3950035572052002	855	2.5641285223645003	0	9
0.40000391006469727	864	2.5641285223645003	0	-1
0.4050028324127197	863	2.5641285223645003	0	18
0.4100039005279541	881	2.5641285223645003	0	3
0.41500258445739746	884	2.5641285223645003	0	10
0.4200005531311035	894	2.5641285223645003	0	3
0.4250025749206543	897	2.5641285223645003	0	-5
0.4300041198730469	892	2.5641285223645003	0	7
0.4350016117095947	899	2.5641285223645003	0	-3
0.4400038719177246	896	2.5641285223645003	0	-4
0.44500231742858887	892	2.5641285223645003	0	7
0.45000147819519043	899	2.5641285223645003	0	-2
0.4550018310546875	897	2.5641285223645003	0	-5
0.4600038528442383	892	2.5641285223645003	0	4
0.46500182151794434	896	2.5641285223645003	0	-30
0.4700033664703369	866	2.5423763333274065	1	-43
0.4750039577484131	823	2.5423763333274065	0	-50
0.48000264167785645	773	2.5423763333274065	0	-39
0.485001802444458	734	2.5423763333274065	0	-15
0.4900026321411133	719	2.5423763333274065	0	-13
0.49500250816345215	706	2.5423763333274065	0	-10
0.5000014305114746	696	2.5423763333274065	0	1
0.5050013065338135	697	2.5423763333274065	0	-5
0.5100047588348389	692	2.5423763333274065	0	0
0.5150003433227539	692	2.5423763333274065	0	-7
0.520003080368042	685	2.5423763333274065	0	3
0.5250005722045898	688	2.5423763333274065	0	-5
0.5300014019012451	683	2.5423763333274065	0	-2
0.5350010395050049	681	2.5423763333274065	0	-1
0.5400035381317139	680	2.5423763333274065	0	3
0.5450036525726318	683	2.5423763333274065	0	1
0.5500016212463379	684	2.5423763333274065	0	11
0.5550024509429932	695	2.5423763333274065	0	34
0.560004711151123	729	2.597396227793841	1	41
0.5650038719177246	770	2.597396227793841	0	41
0.5700008869171143	811	2.597396227793841	0	27
0.5750012397766113	838	2.597396227793841	0	22
0.5800011157989502	860	2.597396227793841	0	7
0.58500075340271	867	2.597396227793841	0	7
0.5900042057037354	874	2.597396227793841	0	5
0.5950028896331787	879	2.597396227793841	0	5
0.6000018119812012	884	2.597396227793841	0	-2
0.60500168800354	882	2.597396227793841	0	4
0.6100034713745117	886	2.597396227793841	0	-9
0.6150004863739014	877	2.597396227793841	0	-15
0.6200017929077148	862	2.597396227793841	0	-23
0.6250045299530029	839	2.8168974734381926	1	-39
0.6300015449523926	800	2.8168974734381926	0	-52
0.6350033283233643	748	2.8168974734381926	0	-21
0.6400012969970703	727	2.8168974734381926	0	-19
0.645003080368042	708	2.8168974734381926	0	-6
0.650001049041748	702	2.8168974734381926	0	-12
0.6550030708312988	690	2.8168974734381926	0	-2
0.6600034236907959	688	2.8168974734381926	0	-1
0.6650004386901855	687	2.8168974734381926	0	-4
0.6700010299682617	683	2.8168974734381926	0	5
0.6750047206878662	688	2.8168974734381926	0	-1
0.6800017356872559	687	2.8168974734381926	0	1
0.6850016117095947	688	2.8168974734381926	0	8
0.6900029182434082	696	2.8168974734381926	0	13
0.6950008869171143	709	2.8168974734381926	0	29
0.700002908706665	738	3.0302927842499776	1	42
0.7050011157989502	780	3.0302927842499776	0	35
0.7100026607513428	815	3.0302927842499776	0	33
0.715003490447998	848	3.0302927842499776	0	15
0.7200002670288086	863	3.0302927842499776	0	11
0.725003719329834	874	3.0302927842499776	0	2
0.7300002574920654	876	3.0302927842499776	0	13
0.7350013256072998	889	3.0302927842499776	0	1
0.7400004863739014	890	3.0302927842499776	0	2
0.7450041770935059	892	3.0302927842499776	0	4
0.7500007152557373	896	3.0302927842499776	0	-1
0.7550008296966553	895	3.0302927842499776	0	7
0.7600021362304688	902	3.0302927842499776	0	-4
0.7650032043457031	898	3.0302927842499776	0	-3
0.7700023651123047	895	3.0302927842499776	0	-1
0.7750053405761719	894	3.0302927842499776	0	-24
0.7800037860870361	870	3.2258020851599247	1	-55
0.7850022315979004	815	3.2258020851599247	0	-50
0.790001392364502	765	3.2258020851599247	0	-37
0.7950026988983154	728	3.2258020851599247	0	-17
0.8000035285949707	711	3.2258020851599247	0	-8
0.8050041198730469	703	3.2258020851599247	0	-3
0.8100025653839111	700	3.2258020851599247	0	-6
0.8150007724761963	694	3.2258020851599247	0	-5
0.8200042247772217	689	3.2258020851599247	0	-1
0.8250033855438232	688	3.2258020851599247	0	-2
0.8300020694732666	686	3.2258020851599247	0	-3
0.8350009918212891	683	3.2258020851599247	0	-3
0.8400037288665771	680	3.2258020851599247	0	2
0.8450009822845459	682	3.2258020851599247	0	1
0.8500018119812012	683	3.2258020851599247	0	7
0.8550035953521729	690	3.2258020851599247	0	29
0.8600025177001953	719	3.333357705188503	1	41
0.8650007247924805	760	3.333357705188503	0	40
0.8700041770935059	800	3.333357705188503	0	35
0.8750019073486328	835	3.333357705188503	0	18
0.8800029754638672	853	3.333357705188503	0	17
0.8850002288818359	870	3.333357705188503	0	5
0.8900015354156494	875	3.333357705188503	0	5
0.8950037956237793	880	3.333357705188503	0	6
0.9000043869018555	886	3.333357705188503	0	-2
0.9050002098083496	884	3.333357705188503	0	-2
0.9100043773651123	882	3.333357705188503	0	-3
0.915003776550293	879	3.333357705188503	0	-19
0.9200048446655273	860	3.333357705188503	0	-32
0.9250028133392334	828	3.3333524069288014	1	-39
0.9300029277801514	789	3.3333524069288014	0	-37
0.9350018501281738	752	3.3333524069288014	0	-32
0.9400026798248291	720	3.3333524069288014	0	-13
0.9450006484985352	707	3.3333524069288014	0	-11
0.9500024318695068	696	3.3333524069288014	0	-2
0.9550032615661621	694	3.3333524069288014	0	-6
0.9600009918212891	688	3.3333524069288014	0	-4
0.9650003910064697	684	3.3333524069288014	0	-1
0.9700007438659668	683	3.3333524069288014	0	1
0.9750015735626221	684	3.3333524069288014	0	-4
0.9800019264221191	680	3.3333524069288014	0	11
0.9850025177001953	691	3.3333524069288014	0	5
0.9900033473968506	696	3.3333524069288014	0	4
0.9950046539306641	700	3.3333524069288014	0	41
1.0000033378601074	741	3.3333285649685727	1	43
1.0050008296966553	784	3.3333285649685727	0	36
1.0100021362304688	820	3.3333285649685727	0	24
1.0150036811828613	844	3.3333285649685727	0	16
1.020002841949463	860	3.3333285649685727	0	15
1.0250041484832764	875	3.3333285649685727	0	6
1.0300006866455078	881	3.3333285649685727	0	11
1.0350003242492676	892	3.3333285649685727	0	-4
1.0400044918060303	888	3.3333285649685727	0	6
1.0450048446655273	894	3.3333285649685727	0	3
1.0500011444091797	897	3.3333285649685727	0	1
1.0550041198730469	898	3.3333285649685727	0	1
1.060004472732544	899	3.3333285649685727	0	0
1.0650007724761963	899	3.3333285649685727	0	-2
1.0700020790100098	897	3.3333285649685727	0	-9
1.0750036239624023	888	3.3333285649685727	0	-15
1.0800020694732666	873	3.3333285649685727	0	-49
1.085003137588501	824	3.278695495833529	1	-58
1.0900003910064697	766	3.278695495833529	0	-35
1.0950031280517578	731	3.278695495833529	0	-11
1.100001573562622	720	3.278695495833529	0	-20
1.1050045490264893	700	3.278695495833529	0	4
1.110001564025879	704	3.278695495833529	0	-8
1.115001916885376	696	3.278695495833529	0	-5
1.1200008392333984	691	3.278695495833529	0	-3
1.1250016689300537	688	3.278695495833529	0	-33
1.130004644393921	655	3.278695495833529	0	49
1.1350038051605225	704	3.6363466121745494	1	-16
1.140002965927124	688	3.6363466121745494	0	-17
1.145002841949463	671	3.6363466121745494	0	9
1.150003433227539	680	3.6363466121745494	0	1
1.155001163482666	681	3.6363466121745494	0	9
1.160003900527954	690	3.6363466121745494	0	16
1.1650042533874512	706	3.6363466121745494	0	34
1.1700022220611572	740	3.6363466121745494	0	45
1.1750013828277588	785	3.6363466121745494	0	34
1.1800014972686768	819	3.6363466121745494	0	22
1.1850004196166992	841	3.6363466121745494	0	20
1.190000295639038	861	3.6363466121745494	0	8
1.1950042247772217	869	3.6363466121745494	0	7
1.2000014781951904	876	3.6363466121745494	0	5
1.2050025463104248	881	3.6363466121745494	0	2
1.2100043296813965	883	3.6363466121745494	0	16
1.2150006294250488	899	3.6363466121745494	0	-21
1.2200043201446533	878	3.3898131939359555	1	-12
1.2250020503997803	866	3.3898131939359555	0	-19
1.2300026416778564	847	3.3898131939359555	0	-34
1.2350027561187744	813	3.3898131939359555	0	-41
1.240004539489746	772	3.3898131939359555	0	-32
1.2450025081634521	740	3.3898131939359555	0	-20
1.2500014305114746	720	3.3898131939359555	0	-17
1.2550032138824463	703	3.3898131939359555	0	-6
1.260000228881836	697	3.3898131939359555	0	-5
1.2650046348571777	692	3.3898131939359555	0	-5
1.2700047492980957	687	3.3898131939359555	0	0
1.2750022411346436	687	3.3898131939359555	0	-5
1.2800049781799316	682	3.3898131939359555	0	1
1.285001516342163	683	3.3898131939359555	0	-1
1.2900025844573975	682	3.3898131939359555	0	-1
1.2950031757354736	681	3.3898131939359555	0	6
1.3000035285949707	687	3.3898131939359555	0	3
1.3050017356872559	690	3.3898131939359555	0	10
1.3100011348724365	700	3.3898131939359555	0	33
1.3150041103363037	733	3.1745953895258054	1	35
1.3200030326843262	768	3.1745953895258054	0	44
1.3250033855438232	812	3.1745953895258054	0	24
1.3300001621246338	836	3.1745953895258054	0	17
1.3350026607513428	853	3.1745953895258054	0	17
1.3400022983551025	870	3.1745953895258054	0	4
1.3450002670288086	874	3.1745953895258054	0	4
1.350001573562622	878	3.1745953895258054	0	9
1.355003833770752	887	3.1745953895258054	0	3
1.3600010871887207	890	3.1745953895258054	0	2
1.3650023937225342	892	3.1745953895258054	0	5
1.3700013160705566	897	3.1745953895258054	0	-2
1.3750028610229492	895	3.1745953895258054	0	5
1.3800022602081299	900	3.1745953895258054	0	-2
1.3850014209747314	898	3.1745953895258054	0	-2
1.3900017738342285	896	3.1745953895258054	0	3
1.3950026035308838	899	3.1745953895258054	0	-11
1.400000810623169	888	3.1745953895258054	0	-20
1.4050018787384033	868	3.1745953895258054	0	-31
1.4100022315979004	837	3.0769316543727925	1	-52
1.4150044918060303	785	3.0769316543727925	0	-43
1.4200026988983154	742	3.0769316543727925	0	-21
1.425001621246338	721	3.0769316543727925	0	-15
1.430002212524414	706	3.0769316543727925	0	-3
1.4350011348724365	703	3.0769316543727925	0	-6
1.4400017261505127	697	3.0769316543727925	0	-6
1.445002794265747	691	3.0769316543727925	0	-1
1.4500021934509277	690	3.0769316543727925	0	-5
1.4550015926361084	685	3.0769316543727925	0	-5
1.4600012302398682	680	3.0769316543727925	0	3
1.4650025367736816	683	3.0769316543727925	0	-3
1.470000982284546	680	3.0769316543727925	0	-2
1.4750034809112549	678	3.0769316543727925	0	1
1.4800028800964355	679	3.0769316543727925	0	2
1.4850037097930908	681	3.0769316543727925	0	9
1.4900009632110596	690	3.0769316543727925	0	17
1.4950032234191895	707	3.0769316543727925	0	34
1.5000019073486328	741	2.7397402726346956	1	45
1.5050022602081299	786	2.7397402726346956	0	33
1.5100033283233643	819	2.7397402726346956	0	21
1.5150034427642822	840	2.7397402726346956	0	17
1.5200026035308838	857	2.7397402726346956	0	9
1.5250029563903809	866	2.7397402726346956	0	7
1.5300016403198242	873	2.7397402726346956	0	6
1.5350043773651123	879	2.7397402726346956	0	2
1.5400009155273438	881	2.7397402726346956	0	3
1.5450024604797363	884	2.7397402726346956	0	-1
1.5500047206878662	883	2.7397402726346956	0	-4
1.5550029277801514	879	2.7397402726346956	0	-8
1.5600035190582275	871	2.7397402726346956	0	-17
1.5650043487548828	854	2.7397402726346956	0	-28
1.5700037479400635	826	2.85714752820837	1	-37
1.5750017166137695	789	2.85714752820837	0	-36
1.5800013542175293	753	2.85714752820837	0	-25
1.5850019454956055	728	2.85714752820837	0	-16
1.5900018215179443	712	2.85714752820837	0	-12
1.595000982284546	700	2.85714752820837	0	-6
1.600001573562622	694	2.85714752820837	0	-6
1.6050035953521729	688	2.85714752820837	0	-3
1.6100010871887207	685	2.85714752820837	0	-1
1.615002155303955	684	2.85714752820837	0	-2
1.6200039386749268	682	2.85714752820837	0	1
1.6250007152557373	683	2.85714752820837	0	-1
1.6300048828125	682	2.85714752820837	0	2
1.6350033283233643	684	2.85714752820837	0	3
1.640000581741333	687	2.85714752820837	0	7
1.6450040340423584	694	2.85714752820837	0	17
1.6500039100646973	711	2.85714752820837	0	27
1.6550047397613525	738	2.9411710257449517	1	37
1.660001277923584	775	2.9411710257449517	0	35
1.6650023460388184	810	2.9411710257449517	0	28
1.6700022220611572	838	2.9411710257449517	0	19
1.675001859664917	857	2.9411710257449517	0	11
1.6800034046173096	868	2.9411710257449517	0	9
1.6850032806396484	877	2.9411710257449517	0	6
1.6900043487548828	883	2.9411710257449517	0	4
1.6950013637542725	887	2.9411710257449517	0	5
1.700000524520874	892	2.9411710257449517	0	2
1.7050044536590576	894	2.9411710257449517	0	1
1.710003137588501	895	2.9411710257449517	0	1
1.7150015830993652	896	2.9411710257449517	0	2
1.7200045585632324	898	2.9411710257449517	0	0
1.7250003814697266	898	2.9411710257449517	0	-1
1.73000168800354	897	2.9411710257449517	0	-2
1.7350003719329834	895	2.9411710257449517	0	-11
1.7400014400482178	884	2.9411710257449517	0	-27
1.7450008392333984	857	2.9850870338185707	1	-48
1.7500026226043701	809	2.9850870338185707	0	-50
1.7550032138824463	759	2.9850870338185707	0	-31
1.7600033283233643	728	2.9850870338185707	0	-15
1.7650043964385986	713	2.9850870338185707	0	-10
1.7700047492980957	703	2.9850870338185707	0	-4
1.7750027179718018	699	2.9850870338185707	0	-4
1.780003309249878	695	2.9850870338185707	0	-5
1.7850050926208496	690	2.9850870338185707	0	-3
1.7900021076202393	687	2.9850870338185707	0	-3
1.7950022220611572	684	2.9850870338185707	0	0
1.8000001907348633	684	2.9850870338185707	0	-2
1.8050012588500977	682	2.9850870338185707	0	-2
1.8100011348724365	680	2.9850870338185707	0	-1
1.815000295639038	679	2.9850870338185707	0	0
1.8200044631958008	679	2.9850870338185707	0	5
1.825000524520874	684	2.9850870338185707	0	12
1.8300025463104248	696	2.9850870338185707	0	29
1.8350048065185547	725	2.985048793541261	1	43
1.8400030136108398	768	2.985048793541261	0	37
1.845003366470337	805	2.985048793541261	0	29
1.8500008583068848	834	2.985048793541261	0	18
1.8550009727478027	852	2.985048793541261	0	12
1.860002040863037	864	2.985048793541261	0	8
1.8650026321411133	872	2.985048793541261	0	5
1.8700008392333984	877	2.985048793541261	0	4
1.875002384185791	881	2.985048793541261	0	2
1.8800036907196045	883	2.985048793541261	0	0
1.8850040435791016	883	2.985048793541261	0	-3
1.8900024890899658	880	2.985048793541261	0	-7
1.8950026035308838	873	2.985048793541261	0	-15
1.9000015258789062	858	2.985048793541261	0	-27
1.9050004482269287	831	2.9851040298118683	1	-36
1.9100022315979004	795	2.9851040298118683	0	-35
1.9150042533874512	760	2.9851040298118683	0	-29
1.92000150680542	731	2.9851040298118683	0	-17
1.925004005432129	714	2.9851040298118683	0	-13
1.9300026893615723	701	2.9851040298118683	0	-7
1.9350042343139648	694	2.9851040298118683	0	-4
1.9400041103363037	690	2.9851040298118683	0	-5
1.9450013637542725	685	2.9851040298118683	0	0
1.9500043392181396	685	2.9851040298118683	0	-3
1.955002784729004	682	2.9851040298118683	0	0
1.9600040912628174	682	2.9851040298118683	0	1
1.9650039672851562	683	2.9851040298118683	0	1
1.9700005054473877	684	2.9851040298118683	0	4
1.9750032424926758	688	2.9851040298118683	0	5
1.9800050258636475	693	2.9851040298118683	0	14
1.985004186630249	707	2.9851040298118683	0	24
1.9900014400482178	731	2.9851040298118683	1	34
1.9950041770935059	765	2.9851040298118683	0	39
2.0000009536743164	804	2.9851040298118683	0	28
2.005002498626709	832	2.9851040298118683	0	22
2.0100014209747314	854	2.9851040298118683	0	14
2.0150043964385986	868	2.9851040298118683	0	9
2.0200035572052	877	2.9851040298118683	0	7
2.0250043869018555	884	2.9851040298118683	0	3
2.030001640319824	887	2.9851040298118683	0	3
2.035003423690796	890	2.9851040298118683	0	3
2.0400006771087646	893	2.9851040298118683	0	2
2.0450007915496826	895	2.9851040298118683	0	1
2.050001859664917	896	2.9851040298118683	0	1
2.0550034046173096	897	2.9851040298118683	0	0
2.0600030422210693	897	2.9851040298118683	0	0
2.065000295639038	897	2.9851040298118683	0	-2
2.070000171661377	895	2.9851040298118683	0	-8
2.0750019550323486	887	2.9851040298118683	0	-21
2.080000638961792	866	2.9850764114210397	1	-45
2.085003614425659	821	2.9850764114210397	0	-50
2.0900022983551025	771	2.9850764114210397	0	-36
2.095001697540283	735	2.9850764114210397	0	-18
2.1000006198883057	717	2.9850764114210397	0	-12
2.1050004959106445	705	2.9850764114210397	0	-5
2.110001564025879	700	2.9850764114210397	0	-4
2.1150012016296387	696	2.9850764114210397	0	-4
2.1200034618377686	692	2.9850764114210397	0	-3
2.1250014305114746	689	2.9850764114210397	0	-1
2.13000226020813	688	2.9850764114210397	0	-3
2.1350014209747314	685	2.9850764114210397	0	-3
2.1400015354156494	682	2.9850764114210397	0	-6
2.1450023651123047	676	2.9850764114210397	0	5
2.1500022411346436	681	2.9850764114210397	0	-3
2.155000925064087	678	2.9850764114210397	0	6
2.1600029468536377	684	2.9850764114210397	0	5
2.165001630783081	689	2.9850764114210397	0	19
2.1700046062469482	708	2.9850764114210397	0	39
2.175004005432129	747	2.941183400417935	1	42
2.180002450942993	789	2.941183400417935	0	31
2.1850028038024902	820	2.941183400417935	0	23
2.1900031566619873	843	2.941183400417935	0	15
2.1950042247772217	858	2.941183400417935	0	11
2.200000286102295	869	2.941183400417935	0	5
2.2050023078918457	874	2.941183400417935	0	5
2.2100002765655518	879	2.941183400417935	0	2
2.2150044441223145	881	2.941183400417935	0	2
2.220003843307495	883	2.941183400417935	0	-2
2.2250030040740967	881	2.941183400417935	0	-4
2.2300007343292236	877	2.941183400417935	0	-9
2.2350010871887207	868	2.941183400417935	0	-17
2.2400031089782715	851	2.941183400417935	0	-29
2.245004892349243	822	2.94113802712607	1	-35
2.250004291534424	787	2.94113802712607	0	-34
2.2550041675567627	753	2.94113802712607	0	-25
2.2600042819976807	728	2.94113802712607	0	-15
2.265001058578491	713	2.94113802712607	0	-13
2.2700042724609375	700	2.94113802712607	0	-6
2.2750024795532227	694	2.94113802712607	0	-6
2.2800047397613525	688	2.94113802712607	0	-4
2.285001516342163	684	2.94113802712607	0	0
2.29000186920166	684	2.94113802712607	0	-2
2.2950010299682617	682	2.94113802712607	0	2
2.300004482269287	684	2.94113802712607	0	-1
2.305004835128784	683	2.94113802712607	0	4
2.31000018119812	687	2.94113802712607	0	5
2.315001964569092	692	2.94113802712607	0	12
2.320003032684326	704	2.94113802712607	0	25
2.3250038623809814	729	2.9850530424125794	1	34
2.330000638961792	763	2.9850530424125794	0	38
2.3350002765655518	801	2.9850530424125794	0	31
2.3400020599365234	832	2.9850530424125794	0	20
2.3450021743774414	852	2.9850530424125794	0	14
2.350001811981201	866	2.9850530424125794	0	10
2.355001211166382	876	2.9850530424125794	0	6
2.3600010871887207	882	2.9850530424125794	0	5
2.365003824234009	887	2.9850530424125794	0	3
2.3700037002563477	890	2.9850530424125794	0	3
2.3750014305114746	893	2.9850530424125794	0	1
2.380002498626709	894	2.9850530424125794	0	2
2.385004758834839	896	2.9850530424125794	0	1
2.3900036811828613	897	2.9850530424125794	0	1
2.3950042724609375	898	2.9850530424125794	0	1
2.400000810623169	899	2.9850530424125794	0	-3
2.4050021171569824	896	2.9850530424125794	0	-8
2.410003900527954	888	2.9850530424125794	0	-20
2.4150021076202393	868	2.9850530424125794	0	-43
2.4200005531311035	825	2.941177213068427	1	-52
2.425002098083496	773	2.941177213068427	0	-39
2.4300050735473633	734	2.941177213068427	0	-20
2.435001850128174	714	2.941177213068427	0	-9
2.4400010108947754	705	2.941177213068427	0	-7
2.445000410079956	698	2.941177213068427	0	-3
2.4500033855438232	695	2.941177213068427	0	-6
2.45500111579895	689	2.941177213068427	0	-2
2.46000075340271	687	2.941177213068427	0	-1
2.4650044441223145	686	2.941177213068427	0	-4
2.4700021743774414	682	2.941177213068427	0	0
2.4750003814697266	682	2.941177213068427	0	-3
2.4800002574920654	679	2.941177213068427	0	1
2.485002279281616	680	2.941177213068427	0	2
2.490002155303955	682	2.941177213068427	0	6
2.4950034618377686	688	2.941177213068427	0	19
2.500005006790161	707	2.941177213068427	0	31
2.5050032138824463	738	3.030310298912592	1	41
2.510003089904785	779	3.030310298912592	0	35
2.5150036811828613	814	3.030310298912592	0	23
2.520000457763672	837	3.030310298912592	0	17
2.5250022411346436	854	3.030310298912592	0	11
2.530000686645508	865	3.030310298912592	0	8
2.535003900527954	873	3.030310298912592	0	5
2.5400006771087646	878	3.030310298912592	0	3
2.545003652572632	881	3.030310298912592	0	2
2.5500009059906006	883	3.030310298912592	0	0
2.5550026893615723	883	3.030310298912592	0	-4
2.5600030422210693	879	3.030310298912592	0	-7
2.5650041103363037	872	3.030310298912592	0	-19
2.570000648498535	853	3.030310298912592	0	-26
2.575000524520874	827	3.0303431394507054	1	-37
2.5800044536590576	790	3.0303431394507054	0	-38
2.585003614425659	752	3.0303431394507054	0	-24
2.590003252029419	728	3.0303431394507054	0	-17
2.595000982284546	711	3.0303431394507054	0	-7
2.600003957748413	704	3.0303431394507054	0	-18
2.6050033569335938	686	3.0303431394507054	0	1
2.6100049018859863	687	3.0303431394507054	0	-3
2.615001916885376	684	3.0303431394507054	0	-6
2.6200015544891357	678	3.0303431394507054	0	5
2.625002145767212	683	3.0303431394507054	0	-1
2.6300041675567627	682	3.0303431394507054	0	2
2.6350009441375732	684	3.0303431394507054	0	5
2.640004873275757	689	3.0303431394507054	0	7
2.6450002193450928	696	3.0303431394507054	0	22
2.65000319480896	718	3.0769293971445464	1	23
2.655003786087036	741	3.0769293971445464	0	38
2.6600043773651123	779	3.0769293971445464	0	36
2.6650004386901855	815	3.0769293971445464	0	25
2.6700010299682617	840	3.0769293971445464	0	19
2.675002336502075	859	3.0769293971445464	0	12
2.6800012588500977	871	3.0769293971445464	0	6
2.6850037574768066	877	3.0769293971445464	0	1
2.690000295639038	878	3.0769293971445464	0	9
2.695000410079956	887	3.0769293971445464	0	4
2.700004816055298	891	3.0769293971445464	0	4
2.705000638961792	895	3.0769293971445464	0	2
2.7100043296813965	897	3.0769293971445464	0	-2
2.7150020599365234	895	3.0769293971445464	0	7
2.7200028896331787	902	3.0769293971445464	0	-5
2.7250030040740967	897	3.0769293971445464	0	-3
2.7300002574920654	894	3.0769293971445464	0	1
2.7350025177001953	895	3.0769293971445464	0	-14
2.7400026321411133	881	3.0769293971445464	0	-35
2.7450006008148193	846	3.0769226254796798	1	-51
2.7500035762786865	795	3.0769226254796798	0	-48
2.755002737045288	747	3.0769226254796798	0	-28
2.7600014209747314	719	3.0769226254796798	0	-11
2.7650017738342285	708	3.0769226254796798	0	-8
2.770003080368042	700	3.0769226254796798	0	-1
2.775000810623169	699	3.0769226254796798	0	-7
2.780003547668457	692	3.0769226254796798	0	-4
2.7850029468536377	688	3.0769226254796798	0	-1
2.790003776550293	687	3.0769226254796798	0	-5
2.795004367828369	682	3.0769226254796798	0	-2
2.800001859664917	680	3.0769226254796798	0	-1
2.805004119873047	679	3.0769226254796798	0	1
2.810004234313965	680	3.0769226254796798	0	-10
2.815001964569092	670	3.0769226254796798	0	11
2.8200037479400635	681	3.0769226254796798	0	9
2.8250017166137695	690	3.0769226254796798	0	19
2.830000400543213	709	3.0769226254796798	0	33
2.835002899169922	742	3.030305920227957	1	40
2.8400003910064697	782	3.030305920227957	0	32
2.8450026512145996	814	3.030305920227957	0	25
2.850001811981201	839	3.030305920227957	0	15
2.855003595352173	854	3.030305920227957	0	12
2.860002040863037	866	3.030305920227957	0	7
2.8650002479553223	873	3.030305920227957	0	4
2.870001792907715	877	3.030305920227957	0	4
2.8750007152557373	881	3.030305920227957	0	1
2.8800048828125	882	3.030305920227957	0	0
2.8850038051605225	882	3.030305920227957	0	-5
2.8900020122528076	877	3.030305920227957	0	-11
2.8950002193450928	866	3.030305920227957	0	-27
2.900003671646118	839	3.0768932819430117	1	-33
2.9050040245056152	806	3.0768932819430117	0	-38
2.9100027084350586	768	3.0768932819430117	0	-30
2.9150032997131348	738	3.0768932819430117	0	-23
2.9200029373168945	715	3.0768932819430117	0	-13
2.925001859664917	702	3.0768932819430117	0	-7
2.9300005435943604	695	3.0768932819430117	0	-7
2.935000419616699	688	3.0768932819430117	0	-4
2.9400012493133545	684	3.0768932819430117	0	-1
2.9450042247772217	683	3.0768932819430117	0	0
2.950002431869507	683	3.0768932819430117	0	1
2.955000400543213	684	3.0768932819430117	0	-1
2.9600024223327637	683	3.0768932819430117	0	5
2.9650049209594727	688	3.0768932819430117	0	4
2.970003843307495	692	3.0768932819430117	0	12
2.9750027656555176	704	3.0768932819430117	0	17
2.980001211166382	721	3.0768932819430117	0	33
2.985003709793091	754	2.985070038018809	1	36
2.9900026321411133	790	2.985070038018809	0	31
2.995001792907715	821	2.985070038018809	0	24
3.000000238418579	845	2.985070038018809	0	15
3.00500226020813	860	2.985070038018809	0	11
3.0100040435791016	871	2.985070038018809	0	9
3.0150020122528076	880	2.985070038018809	0	0
3.0200002193450928	880	2.985070038018809	0	11
3.025003671646118	891	2.985070038018809	0	1
3.0300021171569824	892	2.985070038018809	0	0
3.035001039505005	892	2.985070038018809	0	5
3.0400047302246094	897	2.985070038018809	0	-2
3.0450010299682617	895	2.985070038018809	0	5
3.050004482269287	900	2.985070038018809	0	-3
3.0550038814544678	897	2.985070038018809	0	-2
3.060004949569702	895	2.985070038018809	0	-4
3.065002918243408	891	2.985070038018809	0	-16
3.0700020790100098	875	2.985070038018809	0	-45
3.075000286102295	830	3.030305920227957	1	-49
3.0800046920776367	781	3.030305920227957	0	-41
3.0850043296813965	740	3.030305920227957	0	-21
3.090000629425049	719	3.030305920227957	0	-13
3.0950005054473877	706	3.030305920227957	0	-5
3.100001573562622	701	3.030305920227957	0	-5
3.1050024032592773	696	3.030305920227957	0	-5
3.1100032329559326	691	3.030305920227957	0	-2
3.115001916885376	689	3.030305920227957	0	-4
3.120002031326294	685	3.030305920227957	0	0
3.12500262260437	685	3.030305920227957	0	-3
3.1300013065338135	682	3.030305920227957	0	-1
3.135002613067627	681	3.030305920227957	0	-1
3.1400039196014404	680	3.030305920227957	0	-1
3.1450014114379883	679	3.030305920227957	0	3
3.1500020027160645	682	3.030305920227957	0	4
3.1550004482269287	686	3.030305920227957	0	10
3.1600024700164795	696	3.030305920227957	0	37
3.165003776550293	733	3.030294973571732	1	39
3.1700007915496826	772	3.030294973571732	0	39
3.1750004291534424	811	3.030294973571732	0	22
3.180002212524414	833	3.030294973571732	0	14
3.1850013732910156	847	3.030294973571732	0	20
3.190002918243408	867	3.030294973571732	0	3
3.1950042247772217	870	3.030294973571732	0	4
3.200004816055298	874	3.030294973571732	0	7
3.2050020694732666	881	3.030294973571732	0	-1
3.2100002765655518	880	3.030294973571732	0	-1
3.215003252029419	879	3.030294973571732	0	1
3.2200019359588623	880	3.030294973571732	0	0
3.225001573562622	880	3.030294973571732	0	-25
3.230003833770752	855	3.0303015415559766	1	-23
3.2350010871887207	832	3.0303015415559766	0	-40
3.2400014400482178	792	3.0303015415559766	0	-37
3.245002269744873	755	3.0303015415559766	0	-27
3.2500030994415283	728	3.0303015415559766	0	-20
3.2550010681152344	708	3.0303015415559766	0	-9
3.2600016593933105	699	3.0303015415559766	0	-7
3.2650041580200195	692	3.0303015415559766	0	0
3.2700023651123047	692	3.0303015415559766	0	-6
3.2750043869018555	686	3.0303015415559766	0	-4
3.2800021171569824	682	3.0303015415559766	0	1
3.285000801086426	683	3.0303015415559766	0	-1
3.290003538131714	682	3.0303015415559766	0	2
3.2950005531311035	684	3.0303015415559766	0	3
3.3000025749206543	687	3.0303015415559766	0	1
3.3050003051757812	688	3.0303015415559766	0	14
3.3100032806396484	702	3.0303015415559766	0	19
3.3150012493133545	721	3.0303015415559766	0	31
3.320004940032959	752	2.985063664643793	1	38
3.325004816055298	790	2.985063664643793	0	33
3.330003261566162	823	2.985063664643793	0	24
3.335003137588501	847	2.985063664643793	0	15
3.3400025367736816	862	2.985063664643793	0	11
3.345003843307495	873	2.985063664643793	0	8
3.3500030040740967	881	2.985063664643793	0	4
3.3550024032592773	885	2.985063664643793	0	4
3.360002279281616	889	2.985063664643793	0	3
3.365004777908325	892	2.985063664643793	0	2
3.370000123977661	894	2.985063664643793	0	2
3.375002384185791	896	2.985063664643793	0	0
3.3800010681152344	896	2.985063664643793	0	2
3.3850045204162598	898	2.985063664643793	0	0
3.390004873275757	898	2.985063664643793	0	-2
3.39500093460083	896	2.985063664643793	0	-4
3.400003671646118	892	2.985063664643793	0	-22
3.4050040245056152	870	3.0302687019194647	1	-30
3.410000801086426	840	3.0302687019194647	0	-52
3.415001392364502	788	3.0302687019194647	0	-42
3.4200026988983154	746	3.0302687019194647	0	-25
3.4250030517578125	721	3.0302687019194647	0	-16
3.4300026893615723	705	3.0302687019194647	0	-2
3.4350037574768066	703	3.0302687019194647	0	-6
3.440000295639038	697	3.0302687019194647	0	-11
3.445003032684326	686	3.0302687019194647	0	4
3.4500012397766113	690	3.0302687019194647	0	-2
3.455003261566162	688	3.0302687019194647	0	-2
3.460003614425659	686	3.0302687019194647	0	-3
3.4650027751922607	683	3.0302687019194647	0	-3
3.4700028896331787	680	3.0302687019194647	0	3
3.4750046730041504	683	3.0302687019194647	0	-5
3.480001926422119	678	3.0302687019194647	0	2
3.4850013256073	680	3.0302687019194647	0	5
3.4900009632110596	685	3.0302687019194647	0	11
3.4950029850006104	696	3.0302687019194647	0	32
3.50000262260437	728	2.9850849093330165	1	42
3.5050034523010254	770	2.9850849093330165	0	39
3.5100040435791016	809	2.9850849093330165	0	28
3.5150034427642822	837	2.9850849093330165	0	16
3.5200002193450928	853	2.9850849093330165	0	12
3.5250017642974854	865	2.9850849093330165	0	6
3.530000925064087	871	2.9850849093330165	0	6
3.5350019931793213	877	2.9850849093330165	0	3
3.5400032997131348	880	2.9850849093330165	0	1
3.5450007915496826	881	2.9850849093330165	0	1
3.5500006675720215	882	2.9850849093330165	0	-4
3.5550038814544678	878	2.9850849093330165	0	-9
3.5600028038024902	869	2.9850849093330165	0	-18
3.565004348754883	851	2.9850849093330165	0	-32
3.5700013637542725	819	2.941197837668025	1	-36
3.5750017166137695	783	2.941197837668025	0	-34
3.58000111579895	749	2.941197837668025	0	-25
3.58500337600708	724	2.941197837668025	0	-15
3.5900001525878906	709	2.941197837668025	0	-11
3.5950045585632324	698	2.941197837668025	0	-4
3.600004196166992	694	2.941197837668025	0	-7
3.6050009727478027	687	2.941197837668025	0	-2
3.610001802444458	685	2.941197837668025	0	-1
3.6150035858154297	684	2.941197837668025	0	-2
3.6200015544891357	682	2.941197837668025	0	1
3.625002384185791	683	2.941197837668025	0	-1
3.630004644393921	682	2.941197837668025	0	2
3.6350042819976807	684	2.941197837668025	0	5
3.6400022506713867	689	2.941197837668025	0	6
3.6450023651123047	695	2.941197837668025	0	17
3.6500022411346436	712	2.941197837668025	0	25
3.655001640319824	737	2.9851040298118683	1	35
3.660001516342163	772	2.9851040298118683	0	34
3.665001630783081	806	2.9851040298118683	0	26
3.6700031757354736	832	2.9851040298118683	0	23
3.6750028133392334	855	2.9851040298118683	0	14
3.680004835128784	869	2.9851040298118683	0	9
3.685001850128174	878	2.9851040298118683	0	3
3.6900041103363037	881	2.9851040298118683	0	7
3.6950011253356934	888	2.9851040298118683	0	4
3.700000762939453	892	2.9851040298118683	0	3
3.705004930496216	895	2.9851040298118683	0	1
3.7100038528442383	896	2.9851040298118683	0	-2
3.715003252029419	894	2.9851040298118683	0	5
3.720000982284546	899	2.9851040298118683	0	-6
3.7250008583068848	893	2.9851040298118683	0	-1
3.7300004959106445	892	2.9851040298118683	0	-4
3.7350008487701416	888	2.9851040298118683	0	-22
3.740002393722534	866	2.9850891583071486	1	-46
3.745004415512085	820	2.9850891583071486	0	-49
3.750005006790161	771	2.9850891583071486	0	-39
3.755004405975342	732	2.9850891583071486	0	-17
3.7600018978118896	715	2.9850891583071486	0	-10
3.765002727508545	705	2.9850891583071486	0	-6
3.77000093460083	699	2.9850891583071486	0	-4
3.775002956390381	695	2.9850891583071486	0	-4
3.7800021171569824	691	2.9850891583071486	0	-4
3.7850048542022705	687	2.9850891583071486	0	-1
3.790001630783081	686	2.9850891583071486	0	-3
3.7950007915496826	683	2.9850891583071486	0	0
3.800002098083496	683	2.9850891583071486	0	-3
3.805004596710205	680	2.9850891583071486	0	0
3.810001850128174	680	2.9850891583071486	0	0
3.815004348754883	680	2.9850891583071486	0	1
3.820002794265747	681	2.9850891583071486	0	10
3.8250021934509277	691	2.9850891583071486	0	21
3.830002546310425	712	3.030303730890385	1	36
3.8350038528442383	748	3.030303730890385	0	41
3.8400027751922607	789	3.030303730890385	0	31
3.8450047969818115	820	3.030303730890385	0	23
3.8500025272369385	843	3.030303730890385	0	14
3.8550033569335938	857	3.030303730890385	0	10
3.8600001335144043	867	3.030303730890385	0	7
3.865001916885376	874	3.030303730890385	0	3
3.870004415512085	877	3.030303730890385	0	4
3.8750033378601074	881	3.030303730890385	0	1
3.8800010681152344	882	3.030303730890385	0	-1
3.885002613067627	881	3.030303730890385	0	-4
3.890002489089966	877	3.030303730890385	0	-13
3.8950035572052	864	3.030303730890385	0	-21
3.9000022411346436	843	3.030294973571732	1	-33
3.9050028324127197	810	3.030294973571732	0	-40
3.9100029468536377	770	3.030294973571732	0	-30
3.9150021076202393	740	3.030294973571732	0	-23
3.9200005531311035	717	3.030294973571732	0	-12
3.925001859664917	705	3.030294973571732	0	-10
3.9300050735473633	695	3.030294973571732	0	-6
3.9350035190582275	689	3.030294973571732	0	-2
3.9400038719177246	687	3.030294973571732	0	-4
3.9450016021728516	683	3.030294973571732	0	1
3.9500041007995605	684	3.030294973571732	0	-1
3.9550023078918457	683	3.030294973571732	0	0
3.9600019454956055	683	3.030294973571732	0	2
3.9650044441223145	685	3.030294973571732	0	2
3.970001220703125	687	3.030294973571732	0	9
3.9750020503997803	696	3.030294973571732	0	15
3.9800028800964355	711	3.030294973571732	0	29
3.9850049018859863	740	3.0302730804965416	1	38
3.9900026321411133	778	3.0302730804965416	0	32
3.9950013160705566	810	3.0302730804965416	0	0
