0.005
1.9788742065429688e-05	266	0	0	0
0.005001068115234375	266	0	0	0
0.010000228881835938	266	0	0	0
0.015004158020019531	266	0	0	0
0.02001214027404785	266	0	0	0
0.025007009506225586	266	0	0	0
0.030011415481567383	266	0	0	0
0.03500080108642578	266	0	0	0
0.04000544548034668	266	0	0	0
0.04501008987426758	266	0	0	0
0.050005197525024414	266	0	0	0
0.05500936508178711	266	0	0	-1
0.06000947952270508	265	0	0	0
0.06500768661499023	265	0	0	0
0.07000994682312012	265	0	0	0
0.0750117301940918	265	0	0	0
0.08000421524047852	265	0	0	1
0.08500504493713379	266	0	0	1
0.09000325202941895	267	0	0	0
0.09500432014465332	267	0	0	3
0.10001134872436523	270	0	0	3
0.10500383377075195	273	0	0	1
0.11000919342041016	274	0	0	2
0.11501240730285645	276	0	0	2
0.12000465393066406	278	0	0	4
0.12500381469726562	282	0	0	3
0.13000249862670898	285	0	0	5
0.1350109577178955	290	0	0	4
0.14001035690307617	294	0	0	5
0.14501166343688965	299	0	0	7
0.1500082015991211	306	0	0	6
0.15500903129577637	312	0	0	11
0.16000676155090332	323	0	0	17
0.16500020027160645	340	0	0	25
0.17001080513000488	365	0	1	35
0.17500829696655273	400	0	0	45
0.18000197410583496	445	0	0	52
0.1850118637084961	497	0	0	49
0.19000673294067383	546	0	0	38
0.19501161575317383	584	0	0	25
0.20000767707824707	609	0	0	12
0.20501112937927246	621	0	0	5
0.21000337600708008	626	0	0	0
0.21500754356384277	626	0	0	-5
0.22000741958618164	621	0	0	-8
0.22501206398010254	613	0	0	-11
0.23000454902648926	602	0	0	-13
0.23501110076904297	589	0	0	-16
0.24000167846679688	573	0	0	-23
0.24500083923339844	550	3.3337763209349793	1	-28
0.2500033378601074	522	3.3337763209349793	0	-29
0.25501060485839844	493	3.3337763209349793	0	-23
0.26000452041625977	470	3.3337763209349793	0	-20
0.2650105953216553	450	3.3337763209349793	0	-21
0.2700064182281494	429	3.3337763209349793	0	-27
0.27500271797180176	402	3.3337763209349793	0	-33
0.28000330924987793	369	3.3337763209349793	0	-31
0.2850048542022705	338	3.3337763209349793	0	-23
0.29000401496887207	315	3.3337763209349793	0	-16
0.2950108051300049	299	3.3337763209349793	0	-8
0.3000047206878662	291	3.3337763209349793	0	-6
0.30500316619873047	285	3.3337763209349793	0	-3
0.310011625289917	282	3.3337763209349793	0	-3
0.3150026798248291	279	3.3337763209349793	0	-2
0.3200113773345947	277	3.3337763209349793	0	-1
0.32500195503234863	276	3.3337763209349793	0	-2
0.3300037384033203	274	3.3337763209349793	0	0
0.3350098133087158	274	3.3337763209349793	0	1
0.34000182151794434	275	3.3337763209349793	0	2
0.34501051902770996	277	3.3337763209349793	0	3
0.35001111030578613	280	3.3337763209349793	0	5
0.35500502586364746	285	3.3337763209349793	0	7
0.3600020408630371	292	3.3337763209349793	0	6
0.3650045394897461	298	3.3337763209349793	0	8
0.3700079917907715	306	3.3337763209349793	0	8
0.37500929832458496	314	3.3337763209349793	0	15
0.38001179695129395	329	3.3337763209349793	0	22
0.38500475883483887	351	2.325646797892986	1	34
0.39000535011291504	385	2.325646797892986	0	42
0.3950061798095703	427	2.325646797892986	0	50
0.40000081062316895	477	2.325646797892986	0	48
0.4050006866455078	525	2.325646797892986	0	42
0.41000819206237793	567	2.325646797892986	0	31
0.4150111675262451	598	2.325646797892986	0	20
0.4200112819671631	618	2.325646797892986	0	11
0.425001859664917	629	2.325646797892986	0	5
0.430011510848999	634	2.325646797892986	0	0
0.43500828742980957	634	2.325646797892986	0	-4
0.44000744819641113	630	2.325646797892986	0	-6
0.44500732421875	624	2.325646797892986	0	-11
0.4500002861022949	613	2.325646797892986	0	-11
0.45500802993774414	602	2.325646797892986	0	-10
0.4600069522857666	592	2.325646797892986	0	-11
0.4650089740753174	581	2.325646797892986	0	-17
0.4700024127960205	564	2.325646797892986	0	-23
0.4750034809112549	541	2.4590754452671604	1	-23
0.48000383377075195	518	2.4590754452671604	0	-23
0.48500633239746094	495	2.4590754452671604	0	-22
0.4900031089782715	473	2.4590754452671604	0	-24
0.49500298500061035	449	2.4590754452671604	0	-33
0.5000095367431641	416	2.4590754452671604	0	-39
0.5050063133239746	377	2.4590754452671604	0	-36
0.5100104808807373	341	2.4590754452671604	0	-26
0.5150008201599121	315	2.4590754452671604	0	-18
0.5200026035308838	297	2.4590754452671604	0	-12
0.5250046253204346	285	2.4590754452671604	0	-6
0.5300045013427734	279	2.4590754452671604	0	-3
0.5350024700164795	276	2.4590754452671604	0	-3
0.5400011539459229	273	2.4590754452671604	0	-3
0.545006513595581	270	2.4590754452671604	0	-1
0.5500082969665527	269	2.4590754452671604	0	-1
0.5550055503845215	268	2.4590754452671604	0	-1
0.5600006580352783	267	2.4590754452671604	0	0
0.5650019645690918	267	2.4590754452671604	0	3
0.5700008869171143	270	2.4590754452671604	0	4
0.5750107765197754	274	2.4590754452671604	0	3
0.5800085067749023	277	2.4590754452671604	0	4
0.5850052833557129	281	2.4590754452671604	0	6
0.5900108814239502	287	2.4590754452671604	0	6
0.5950055122375488	293	2.4590754452671604	0	6
0.6000001430511475	299	2.4590754452671604	0	10
0.6050090789794922	309	2.4590754452671604	0	13
0.610011100769043	322	2.4590754452671604	0	24
0.6150007247924805	346	2.247241916757348	1	36
0.6200037002563477	382	2.247241916757348	0	51
0.6250033378601074	433	2.247241916757348	0	57
0.6300103664398193	490	2.247241916757348	0	54
0.6350045204162598	544	2.247241916757348	0	37
0.6400060653686523	581	2.247241916757348	0	24
0.6450037956237793	605	2.247241916757348	0	8
0.6500067710876465	613	2.247241916757348	0	3
0.6550076007843018	616	2.247241916757348	0	-2
0.6600098609924316	614	2.247241916757348	0	-7
0.6650092601776123	607	2.247241916757348	0	-10
0.6700112819671631	597	2.247241916757348	0	-13
0.6750106811523438	584	2.247241916757348	0	-15
0.6800072193145752	569	2.247241916757348	0	-23
0.6850099563598633	546	2.2726801811076696	1	-29
0.6900067329406738	517	2.2726801811076696	0	-27
0.6950087547302246	490	2.2726801811076696	0	-24
0.7000064849853516	466	2.2726801811076696	0	-19
0.7050063610076904	447	2.2726801811076696	0	-22
0.7100012302398682	425	2.2726801811076696	0	-31
0.7150030136108398	394	2.2726801811076696	0	-36
0.7200055122375488	358	2.2726801811076696	0	-29
0.725001335144043	329	2.2726801811076696	0	-21
0.7300093173980713	308	2.2726801811076696	0	-13
0.7350015640258789	295	2.2726801811076696	0	-6
0.7400033473968506	289	2.2726801811076696	0	-6
0.7450029850006104	283	2.2726801811076696	0	-2
0.7500009536743164	281	2.2726801811076696	0	-3
0.7550008296966553	278	2.2726801811076696	0	-2
0.7600021362304688	276	2.2726801811076696	0	-2
0.765007495880127	274	2.2726801811076696	0	0
0.770005464553833	274	2.2726801811076696	0	2
0.7750051021575928	276	2.2726801811076696	0	3
0.7800009250640869	279	2.2726801811076696	0	6
0.7850048542022705	285	2.2726801811076696	0	7
0.7900011539459229	292	2.2726801811076696	0	7
0.7950053215026855	299	2.2726801811076696	0	10
0.8000080585479736	309	2.2726801811076696	0	13
0.8050053119659424	322	2.2726801811076696	0	23
0.8100109100341797	345	2.3529071218806186	1	37
0.8150110244750977	382	2.3529071218806186	0	52
0.8200027942657471	434	2.3529071218806186	0	55
0.8250055313110352	489	2.3529071218806186	0	52
0.8300073146820068	541	2.3529071218806186	0	39
0.8350021839141846	580	2.3529071218806186	0	23
0.8400084972381592	603	2.3529071218806186	0	14
0.8450019359588623	617	2.3529071218806186	0	4
0.8500065803527832	621	2.3529071218806186	0	1
0.8550081253051758	622	2.3529071218806186	0	-4
0.860008955001831	618	2.3529071218806186	0	-13
0.8650069236755371	605	2.3529071218806186	0	-9
0.8700106143951416	596	2.3529071218806186	0	-12
0.8750088214874268	584	2.3529071218806186	0	-18
0.8800086975097656	566	2.3529071218806186	0	-24
0.8850066661834717	542	2.4390054417164144	1	-25
0.8900101184844971	517	2.4390054417164144	0	-27
0.8950061798095703	490	2.4390054417164144	0	-25
0.9000003337860107	465	2.4390054417164144	0	-35
0.9050042629241943	430	2.4390054417164144	0	-44
0.9100062847137451	386	2.4390054417164144	0	-40
0.9150073528289795	346	2.4390054417164144	0	-31
0.9200069904327393	315	2.4390054417164144	0	-19
0.9250049591064453	296	2.4390054417164144	0	-11
0.9300079345703125	285	2.4390054417164144	0	-7
0.9350028038024902	278	2.4390054417164144	0	-4
0.9400002956390381	274	2.4390054417164144	0	-2
0.945009708404541	272	2.4390054417164144	0	-2
0.9500076770782471	270	2.4390054417164144	0	-1
0.955010175704956	269	2.4390054417164144	0	-1
0.9600076675415039	268	2.4390054417164144	0	1
0.9650058746337891	269	2.4390054417164144	0	3
0.9700033664703369	272	2.4390054417164144	0	2
0.9750072956085205	274	2.4390054417164144	0	4
0.9800088405609131	278	2.4390054417164144	0	7
0.9850084781646729	285	2.4390054417164144	0	6
0.9900023937225342	291	2.4390054417164144	0	8
0.995002031326294	299	2.4390054417164144	0	9
1.0000088214874268	308	2.4390054417164144	0	14
1.0050101280212402	322	2.4390054417164144	0	25
1.0100014209747314	347	2.531641107636443	1	41
1.015002965927124	388	2.531641107636443	0	54
1.0200026035308838	442	2.531641107636443	0	57
1.0250072479248047	499	2.531641107636443	0	54
1.030010461807251	553	2.531641107636443	0	30
1.0350008010864258	583	2.531641107636443	0	20
1.0400025844573975	603	2.531641107636443	0	7
1.0450072288513184	610	2.531641107636443	0	2
1.0500085353851318	612	2.531641107636443	0	-5
1.0550081729888916	607	2.531641107636443	0	-8
1.0600059032440186	599	2.531641107636443	0	-13
1.0650038719177246	586	2.531641107636443	0	-15
1.0700030326843262	571	2.531641107636443	0	-21
1.0750019550323486	550	2.5641551708854373	1	-28
1.0800108909606934	522	2.5641551708854373	0	-29
1.085005521774292	493	2.5641551708854373	0	-24
1.0900003910064697	469	2.5641551708854373	0	-19
1.0950098037719727	450	2.5641551708854373	0	-23
1.1000032424926758	427	2.5641551708854373	0	-30
1.1050105094909668	397	2.5641551708854373	0	-37
1.1100072860717773	360	2.5641551708854373	0	-30
1.1150076389312744	330	2.5641551708854373	0	-22
1.1200077533721924	308	2.5641551708854373	0	-12
1.125000238418579	296	2.5641551708854373	0	-8
1.1300103664398193	288	2.5641551708854373	0	-4
1.1350059509277344	284	2.5641551708854373	0	-3
1.140000343322754	281	2.5641551708854373	0	-3
1.145007848739624	278	2.5641551708854373	0	-2
1.1500036716461182	276	2.5641551708854373	0	-1
1.155010461807251	275	2.5641551708854373	0	-1
1.1600041389465332	274	2.5641551708854373	0	2
1.1650004386901855	276	2.5641551708854373	0	3
1.1700060367584229	279	2.5641551708854373	0	6
1.1750082969665527	285	2.5641551708854373	0	8
1.1800005435943604	293	2.5641551708854373	0	8
1.1850011348724365	301	2.5641551708854373	0	8
1.19000244140625	309	2.5641551708854373	0	15
1.195000410079956	324	2.5641551708854373	0	25
1.2000012397766113	349	2.5641661439668213	1	39
1.2050113677978516	388	2.5641661439668213	0	53
1.2100110054016113	441	2.5641661439668213	0	54
1.215000867843628	495	2.5641661439668213	0	51
1.2200069427490234	546	2.5641661439668213	0	38
1.2250049114227295	584	2.5641661439668213	0	21
1.230003833770752	605	2.5641661439668213	0	12
1.235011100769043	617	2.5641661439668213	0	4
1.2400023937225342	621	2.5641661439668213	0	0
1.2450029850006104	621	2.5641661439668213	0	-8
1.2500107288360596	613	2.5641661439668213	0	-10
1.255007028579712	603	2.5641661439668213	0	-11
1.2600016593933105	592	2.5641661439668213	0	-12
1.2650070190429688	580	2.5641661439668213	0	-18
1.2700097560882568	562	2.5641661439668213	0	-27
1.275010108947754	535	2.5640799294287238	1	-26
1.2800095081329346	509	2.5640799294287238	0	-25
1.2850093841552734	484	2.5640799294287238	0	-28
1.290006399154663	456	2.5640799294287238	0	-36
1.2950077056884766	420	2.5640799294287238	0	-45
1.3000061511993408	375	2.5640799294287238	0	-39
1.3050110340118408	336	2.5640799294287238	0	-28
1.3100099563598633	308	2.5640799294287238	0	-16
1.3150079250335693	292	2.5640799294287238	0	-10
1.3200030326843262	282	2.5640799294287238	0	-5
1.325010061264038	277	2.5640799294287238	0	-3
1.3300044536590576	274	2.5640799294287238	0	-2
1.3350012302398682	272	2.5640799294287238	0	-3
1.340010404586792	269	2.5640799294287238	0	-1
1.3450047969818115	268	2.5640799294287238	0	0
1.350005865097046	268	2.5640799294287238	0	2
1.3550081253051758	270	2.5640799294287238	0	4
1.3600108623504639	274	2.5640799294287238	0	4
1.3650083541870117	278	2.5640799294287238	0	6
1.3700098991394043	284	2.5640799294287238	0	7
1.375004529953003	291	2.5640799294287238	0	8
1.3800013065338135	299	2.5640799294287238	0	10
1.3850061893463135	309	2.5640799294287238	0	16
1.3900079727172852	325	2.5640799294287238	0	32
1.3950049877166748	357	2.5973785346000984	1	48
1.400007963180542	405	2.5973785346000984	0	60
1.4050018787384033	465	2.5973785346000984	0	60
1.410001516342163	525	2.5973785346000984	0	42
1.4150002002716064	567	2.5973785346000984	0	27
1.4200117588043213	594	2.5973785346000984	0	8
1.4250028133392334	602	2.5973785346000984	0	5
1.430011510848999	607	2.5973785346000984	0	-2
1.4350011348724365	605	2.5973785346000984	0	-8
1.4400115013122559	597	2.5973785346000984	0	-12
1.4450113773345947	585	2.5973785346000984	0	-15
1.4500036239624023	570	2.5973785346000984	0	-22
1.455003261566162	548	2.6315698993814314	1	-31
1.4600005149841309	517	2.6315698993814314	0	-29
1.4650063514709473	488	2.6315698993814314	0	-24
1.4700098037719727	464	2.6315698993814314	0	-23
1.4750053882598877	441	2.6315698993814314	0	-27
1.4800097942352295	414	2.6315698993814314	0	-36
1.4850101470947266	378	2.6315698993814314	0	-36
1.4900083541870117	342	2.6315698993814314	0	-27
1.4950010776519775	315	2.6315698993814314	0	-16
1.5000076293945312	299	2.6315698993814314	0	-9
1.5050115585327148	290	2.6315698993814314	0	-5
1.5100047588348389	285	2.6315698993814314	0	-3
1.5150041580200195	282	2.6315698993814314	0	-4
1.5200116634368896	278	2.6315698993814314	0	-2
1.5250017642974854	276	2.6315698993814314	0	-2
1.53001070022583	274	2.6315698993814314	0	1
1.5350112915039062	275	2.6315698993814314	0	2
1.5400066375732422	277	2.6315698993814314	0	4
1.5450031757354736	281	2.6315698993814314	0	6
1.550011157989502	287	2.6315698993814314	0	9
1.5550117492675781	296	2.6315698993814314	0	7
1.560011386871338	303	2.6315698993814314	0	11
1.5650081634521484	314	2.6315698993814314	0	19
1.5700063705444336	333	2.6315698993814314	0	32
1.5750021934509277	365	2.6666598849998855	1	48
1.580000400543213	413	2.6666598849998855	0	56
1.5850112438201904	469	2.6666598849998855	0	56
1.590010404586792	525	2.6666598849998855	0	42
1.5950090885162354	567	2.6666598849998855	0	31
1.6000018119812012	598	2.6666598849998855	0	15
1.605011224746704	613	2.6666598849998855	0	5
1.6100091934204102	618	2.6666598849998855	0	6
1.6150057315826416	624	2.6666598849998855	0	-6
1.6200041770935059	618	2.6666598849998855	0	-12
1.6250033378601074	606	2.6666598849998855	0	-10
1.6300086975097656	596	2.6666598849998855	0	-10
1.6350078582763672	586	2.6666598849998855	0	-19
1.6400060653686523	567	2.6666598849998855	0	-21
1.6450080871582031	546	2.7027174711511943	1	-29
1.6500022411346436	517	2.7027174711511943	0	-27
1.6550071239471436	490	2.7027174711511943	0	-26
1.6600069999694824	464	2.7027174711511943	0	-35
1.665006160736084	429	2.7027174711511943	0	-43
1.6700079441070557	386	2.7027174711511943	0	-42
1.6750068664550781	344	2.7027174711511943	0	-30
1.6800024509429932	314	2.7027174711511943	0	-19
1.6850087642669678	295	2.7027174711511943	0	-11
1.6900105476379395	284	2.7027174711511943	0	-6
1.6950085163116455	278	2.7027174711511943	0	-4
1.7000079154968262	274	2.7027174711511943	0	-2
1.7050025463104248	272	2.7027174711511943	0	-3
1.7100024223327637	269	2.7027174711511943	0	0
1.7150018215179443	269	2.7027174711511943	0	0
1.7200038433074951	269	2.7027174711511943	0	0
1.725008249282837	269	2.7027174711511943	0	5
1.7300024032592773	274	2.7027174711511943	0	3
1.7350068092346191	277	2.7027174711511943	0	5
1.7400074005126953	282	2.7027174711511943	0	7
1.7450032234191895	289	2.7027174711511943	0	6
1.7500112056732178	295	2.7027174711511943	0	10
1.7550108432769775	305	2.7027174711511943	0	13
1.760002851486206	318	2.7027174711511943	0	24
1.765005111694336	342	2.702701797095547	1	43
1.7700107097625732	385	2.702701797095547	0	57
1.7750091552734375	442	2.702701797095547	0	61
1.7800054550170898	503	2.702701797095547	0	51
1.7850046157836914	554	2.702701797095547	0	32
1.7900104522705078	586	2.702701797095547	0	16
1.7950026988983154	602	2.702701797095547	0	5
1.8000078201293945	607	2.702701797095547	0	0
1.8050084114074707	607	2.702701797095547	0	-5
1.8100059032440186	602	2.702701797095547	0	-13
1.8150064945220947	589	2.702701797095547	0	-15
1.8200058937072754	574	2.702701797095547	0	-19
1.8250107765197754	555	2.702701797095547	0	-29
1.8300065994262695	526	2.6666429309838398	1	-31
1.83500337600708	495	2.6666429309838398	0	-26
1.8400001525878906	469	2.6666429309838398	0	-22
1.845003366470337	447	2.6666429309838398	0	-25
1.850001335144043	422	2.6666429309838398	0	-36
1.8550074100494385	386	2.6666429309838398	0	-37
1.8600094318389893	349	2.6666429309838398	0	-29
1.8650074005126953	320	2.6666429309838398	0	-19
1.8700015544891357	301	2.6666429309838398	0	-9
1.8750052452087402	292	2.6666429309838398	0	-7
1.8800013065338135	285	2.6666429309838398	0	-3
1.8850078582763672	282	2.6666429309838398	0	-3
1.8900022506713867	279	2.6666429309838398	0	-2
1.895002841949463	277	2.6666429309838398	0	-3
1.9000065326690674	274	2.6666429309838398	0	0
1.905003309249878	274	2.6666429309838398	0	3
1.9100062847137451	277	2.6666429309838398	0	4
1.915001630783081	281	2.6666429309838398	0	5
1.920008659362793	286	2.6666429309838398	0	10
1.925008773803711	296	2.6666429309838398	0	10
1.9300038814544678	306	2.6666429309838398	0	12
1.9350039958953857	318	2.6666429309838398	0	23
1.9400053024291992	341	2.739702691298253	1	38
1.9450030326843262	379	2.739702691298253	0	55
1.9500095844268799	434	2.739702691298253	0	59
1.9550046920776367	493	2.739702691298253	0	51
1.9600024223327637	544	2.739702691298253	0	41
1.9650049209594727	585	2.739702691298253	0	17
1.9700021743774414	602	2.739702691298253	0	11
1.9750101566314697	613	2.739702691298253	0	5
1.9800007343292236	618	2.739702691298253	0	-2
1.98500657081604	616	2.739702691298253	0	-10
1.9900028705596924	606	2.739702691298253	0	-10
1.9950096607208252	596	2.739702691298253	0	-12
2.0000104904174805	584	2.739702691298253	0	-17
2.0050041675567627	567	2.739702691298253	0	-26
2.0100080966949463	541	2.7397259558135265	1	-27
2.0150108337402344	514	2.7397259558135265	0	-26
2.0200092792510986	488	2.7397259558135265	0	-30
2.025001287460327	458	2.7397259558135265	0	-38
2.030000925064087	420	2.7397259558135265	0	-48
2.035006284713745	372	2.7397259558135265	0	-41
2.0400099754333496	331	2.7397259558135265	0	-26
2.0450081825256348	305	2.7397259558135265	0	-16
2.0500006675720215	289	2.7397259558135265	0	-7
2.0550098419189453	282	2.7397259558135265	0	-6
2.0600011348724365	276	2.7397259558135265	0	-3
2.0650081634521484	273	2.7397259558135265	0	-2
2.0700037479400635	271	2.7397259558135265	0	-2
2.0750083923339844	269	2.7397259558135265	0	-1
2.080009698867798	268	2.7397259558135265	0	2
2.085000991821289	270	2.7397259558135265	0	3
2.0900001525878906	273	2.7397259558135265	0	4
2.095010995864868	277	2.7397259558135265	0	5
2.1000113487243652	282	2.7397259558135265	0	8
2.1050026416778564	290	2.7397259558135265	0	7
2.110010862350464	297	2.7397259558135265	0	10
2.115009069442749	307	2.7397259558135265	0	17
2.120002269744873	324	2.7397259558135265	0	30
2.125000238418579	354	2.7778153807231996	1	46
2.130007028579712	400	2.7778153807231996	0	62
2.1350018978118896	462	2.7778153807231996	0	66
2.1400020122528076	528	2.7778153807231996	0	38
2.145002603530884	566	2.7778153807231996	0	26
2.1500048637390137	592	2.7778153807231996	0	9
2.1550092697143555	601	2.7778153807231996	0	4
2.160000801086426	605	2.7778153807231996	0	-3
2.165006160736084	602	2.7778153807231996	0	-8
2.1700057983398438	594	2.7778153807231996	0	-13
2.17500901222229	581	2.7778153807231996	0	-16
2.180009603500366	565	2.7778153807231996	0	-27
2.1850054264068604	538	2.8169107163125187	1	-32
2.1900088787078857	506	2.8169107163125187	0	-29
2.195009231567383	477	2.8169107163125187	0	-21
2.2000107765197754	456	2.8169107163125187	0	-23
2.205007791519165	433	2.8169107163125187	0	-35
2.210008382797241	398	2.8169107163125187	0	-38
2.215003490447998	360	2.8169107163125187	0	-32
2.2200112342834473	328	2.8169107163125187	0	-23
2.225010871887207	305	2.8169107163125187	0	-12
2.230008125305176	293	2.8169107163125187	0	-5
2.235006332397461	288	2.8169107163125187	0	-6
2.240003824234009	282	2.8169107163125187	0	-2
2.2450006008148193	280	2.8169107163125187	0	-3
2.2500009536743164	277	2.8169107163125187	0	-1
2.255002737045288	276	2.8169107163125187	0	-1
2.2600107192993164	275	2.8169107163125187	0	1
2.265009641647339	276	2.8169107163125187	0	3
2.2700111865997314	279	2.8169107163125187	0	7
2.2750070095062256	286	2.8169107163125187	0	8
2.280006170272827	294	2.8169107163125187	0	9
2.285010814666748	303	2.8169107163125187	0	11
2.290008306503296	314	2.8169107163125187	0	20
2.295008897781372	334	2.8169107163125187	0	38
2.3000009059906006	372	2.7778117013293984	1	49
2.30501127243042	421	2.7778117013293984	0	60
2.310009241104126	481	2.7778117013293984	0	53
2.31500244140625	534	2.7778117013293984	0	42
2.3200008869171143	576	2.7778117013293984	0	23
2.325007438659668	599	2.7778117013293984	0	13
2.3300018310546875	612	2.7778117013293984	0	5
2.33500075340271	617	2.7778117013293984	0	0
2.340005874633789	617	2.7778117013293984	0	-11
2.345005750656128	606	2.7778117013293984	0	-9
2.3500049114227295	597	2.7778117013293984	0	-12
2.3550097942352295	585	2.7778117013293984	0	-16
2.360006093978882	569	2.7778117013293984	0	-25
2.3650033473968506	544	2.8169390943196517	1	-28
2.3700013160705566	516	2.8169390943196517	0	-28
2.3750057220458984	488	2.8169390943196517	0	-29
2.380007028579712	459	2.8169390943196517	0	-38
2.385007858276367	421	2.8169390943196517	0	-48
2.390003204345703	373	2.8169390943196517	0	-40
2.3950040340423584	333	2.8169390943196517	0	-28
2.4000051021575928	305	2.8169390943196517	0	-16
2.4050002098083496	289	2.8169390943196517	0	-8
2.4100043773651123	281	2.8169390943196517	0	-5
2.415004253387451	276	2.8169390943196517	0	-3
2.420009136199951	273	2.8169390943196517	0	-3
2.4250059127807617	270	2.8169390943196517	0	-1
2.430007219314575	269	2.8169390943196517	0	-1
2.435004711151123	268	2.8169390943196517	0	2
2.4400076866149902	270	2.8169390943196517	0	4
2.445002794265747	274	2.8169390943196517	0	3
2.4500010013580322	277	2.8169390943196517	0	6
2.455009937286377	283	2.8169390943196517	0	7
2.4600119590759277	290	2.8169390943196517	0	8
2.4650001525878906	298	2.8169390943196517	0	11
2.470003604888916	309	2.8169390943196517	0	20
2.475001573562622	329	2.8169390943196517	0	34
2.4800028800964355	363	2.816880447068447	1	54
2.485002040863037	417	2.816880447068447	0	65
2.490006446838379	482	2.816880447068447	0	56
2.4950084686279297	538	2.816880447068447	0	39
2.500007152557373	577	2.816880447068447	0	19
2.5050082206726074	596	2.816880447068447	0	6
2.510004758834839	602	2.816880447068447	0	0
2.515002489089966	602	2.816880447068447	0	-5
2.520003080368042	597	2.816880447068447	0	-11
2.525006055831909	586	2.816880447068447	0	-15
2.5300004482269287	571	2.816880447068447	0	-19
2.5350024700164795	552	2.816880447068447	0	-31
2.540001392364502	521	2.8169334186724835	1	-32
2.545011520385742	489	2.8169334186724835	0	-25
2.5500102043151855	464	2.8169334186724835	0	-25
2.555006742477417	439	2.8169334186724835	0	-29
2.5600087642669678	410	2.8169334186724835	0	-38
2.565002679824829	372	2.8169334186724835	0	-35
2.570000171661377	337	2.8169334186724835	0	-27
2.5750088691711426	310	2.8169334186724835	0	-14
2.5800106525421143	296	2.8169334186724835	0	-8
2.585010290145874	288	2.8169334186724835	0	-4
2.5900015830993652	284	2.8169334186724835	0	-5
2.5950045585632324	279	2.8169334186724835	0	-2
2.6000022888183594	277	2.8169334186724835	0	-1
2.6050076484680176	276	2.8169334186724835	0	-2
2.6100058555603027	274	2.8169334186724835	0	2
2.6150028705596924	276	2.8169334186724835	0	4
2.620004415512085	280	2.8169334186724835	0	8
2.625009775161743	288	2.8169334186724835	0	7
2.6300063133239746	295	2.8169334186724835	0	8
2.6350107192993164	303	2.8169334186724835	0	12
2.6400012969970703	315	2.8169334186724835	0	23
2.645000696182251	338	2.8985524873638076	1	37
2.6500043869018555	375	2.8985524873638076	0	54
2.655010938644409	429	2.8985524873638076	0	60
2.660010814666748	489	2.8985524873638076	0	52
2.665008544921875	541	2.8985524873638076	0	37
2.670008897781372	578	2.8985524873638076	0	24
2.6750054359436035	602	2.8985524873638076	0	11
2.6800084114074707	613	2.8985524873638076	0	5
2.6850054264068604	618	2.8985524873638076	0	-1
2.6900055408477783	617	2.8985524873638076	0	-13
2.6950056552886963	604	2.8985524873638076	0	-8
2.7000081539154053	596	2.8985524873638076	0	-14
2.705003499984741	582	2.8985524873638076	0	-16
2.710010290145874	566	2.8985524873638076	0	-25
2.715003252029419	541	2.857143635652715	1	-27
2.7200021743774414	514	2.857143635652715	0	-36
2.725006103515625	478	2.857143635652715	0	-21
2.730008363723755	457	2.857143635652715	0	-39
2.73500394821167	418	2.857143635652715	0	-48
2.740009307861328	370	2.857143635652715	0	-40
2.745006561279297	330	2.857143635652715	0	-27
2.7500007152557373	303	2.857143635652715	0	-14
2.7550008296966553	289	2.857143635652715	0	-8
2.7600040435791016	281	2.857143635652715	0	-4
2.7650058269500732	277	2.857143635652715	0	-4
2.7700042724609375	273	2.857143635652715	0	-3
2.775010108947754	270	2.857143635652715	0	-1
2.7800042629241943	269	2.857143635652715	0	-1
2.785007953643799	268	2.857143635652715	0	2
2.7900004386901855	270	2.857143635652715	0	3
2.7950057983398438	273	2.857143635652715	0	4
2.800010919570923	277	2.857143635652715	0	5
2.8050007820129395	282	2.857143635652715	0	8
2.810009241104126	290	2.857143635652715	0	8
2.8150079250335693	298	2.857143635652715	0	8
2.8200063705444336	306	2.857143635652715	0	16
2.8250014781951904	322	2.857143635652715	0	32
2.830007553100586	354	2.8571047106795113	1	48
2.8350107669830322	402	2.8571047106795113	0	62
2.8400094509124756	464	2.8571047106795113	0	59
2.8450028896331787	523	2.8571047106795113	0	44
2.850011110305786	567	2.8571047106795113	0	26
2.855001449584961	593	2.8571047106795113	0	9
2.8600103855133057	602	2.8571047106795113	0	8
2.8650081157684326	610	2.8571047106795113	0	-10
2.870002269744873	600	2.8571047106795113	0	-4
2.875000238418579	596	2.8571047106795113	0	-18
2.8800010681152344	578	2.8571047106795113	0	-16
2.885010004043579	562	2.8571047106795113	0	-28
2.890005588531494	534	2.857108603129104	1	-32
2.895007371902466	502	2.857108603129104	0	-28
2.9000086784362793	474	2.857108603129104	0	-21
2.9050097465515137	453	2.857108603129104	0	-26
2.910007953643799	427	2.857108603129104	0	-35
2.9150094985961914	392	2.857108603129104	0	-41
2.920011043548584	351	2.857108603129104	0	-29
2.925011157989502	322	2.857108603129104	0	-20
2.9300007820129395	302	2.857108603129104	0	-11
2.9350099563598633	291	2.857108603129104	0	-6
2.9400036334991455	285	2.857108603129104	0	-3
2.945011615753174	282	2.857108603129104	0	-4
2.9500021934509277	278	2.857108603129104	0	-1
2.9550061225891113	277	2.857108603129104	0	-2
2.96000075340271	275	2.857108603129104	0	0
2.9650063514709473	275	2.857108603129104	0	2
2.9700095653533936	277	2.857108603129104	0	5
2.975004196166992	282	2.857108603129104	0	8
2.9800117015838623	290	2.857108603129104	0	9
2.9850103855133057	299	2.857108603129104	0	10
2.9900102615356445	309	2.857108603129104	0	15
2.995007276535034	324	2.857108603129104	0	28
3.0000059604644775	352	2.816859637340497	1	45
3.005009651184082	397	2.816859637340497	0	59
3.0100038051605225	456	2.816859637340497	0	58
3.015000343322754	514	2.816859637340497	0	48
3.0200042724609375	562	2.816859637340497	0	30
3.0250043869018555	592	2.816859637340497	0	14
3.0300095081329346	606	2.816859637340497	0	8
3.0350019931793213	614	2.816859637340497	0	2
3.0400047302246094	616	2.816859637340497	0	-7
3.045001983642578	609	2.816859637340497	0	-11
3.050001621246338	598	2.816859637340497	0	-12
3.0550084114074707	586	2.816859637340497	0	-15
3.0600087642669678	571	2.816859637340497	0	-22
3.065004825592041	549	2.857130011791449	1	-28
3.070009231567383	521	2.857130011791449	0	-28
3.075009346008301	493	2.857130011791449	0	-28
3.08000111579895	465	2.857130011791449	0	-39
3.0850040912628174	426	2.857130011791449	0	-48
3.0900015830993652	378	2.857130011791449	0	-44
3.0950088500976562	334	2.857130011791449	0	-28
3.100003242492676	306	2.857130011791449	0	-16
3.1050031185150146	290	2.857130011791449	0	-8
3.1100094318389893	282	2.857130011791449	0	-6
3.1150054931640625	276	2.857130011791449	0	-2
3.120011806488037	274	2.857130011791449	0	-3
3.1250064373016357	271	2.857130011791449	0	-2
3.1300010681152344	269	2.857130011791449	0	0
3.135002851486206	269	2.857130011791449	0	2
3.1400015354156494	271	2.857130011791449	0	3
3.1450090408325195	274	2.857130011791449	0	3
3.150000810623169	277	2.857130011791449	0	7
3.15500545501709	284	2.857130011791449	0	8
3.160001039505005	292	2.857130011791449	0	8
3.1650054454803467	300	2.857130011791449	0	11
3.1700093746185303	311	2.857130011791449	0	20
3.17501163482666	331	2.857130011791449	0	38
3.180006265640259	369	2.857153367061739	1	53
3.1850056648254395	422	2.857153367061739	0	66
3.1900036334991455	488	2.857153367061739	0	56
3.195005178451538	544	2.857153367061739	0	34
3.200000762939453	578	2.857153367061739	0	18
3.2050063610076904	596	2.857153367061739	0	6
3.210000991821289	602	2.857153367061739	0	0
3.215003252029419	602	2.857153367061739	0	-5
3.220001459121704	597	2.857153367061739	0	-11
3.2250094413757324	586	2.857153367061739	0	-16
3.2300024032592773	570	2.857153367061739	0	-24
3.2350096702575684	546	2.898516432028704	1	-30
3.240010976791382	516	2.898516432028704	0	-31
3.245004892349243	485	2.898516432028704	0	-24
3.250000476837158	461	2.898516432028704	0	-23
3.2550103664398193	438	2.898516432028704	0	-31
3.2600066661834717	407	2.898516432028704	0	-41
3.265007495880127	366	2.898516432028704	0	-35
3.2700083255767822	331	2.898516432028704	0	-22
3.275000810623169	309	2.898516432028704	0	-15
3.2800025939941406	294	2.898516432028704	0	-6
3.285008192062378	288	2.898516432028704	0	-5
3.2900009155273438	283	2.898516432028704	0	-3
3.2950103282928467	280	2.898516432028704	0	-3
3.300004005432129	277	2.898516432028704	0	-2
3.3050100803375244	275	2.898516432028704	0	-1
3.3100054264068604	274	2.898516432028704	0	2
3.3150103092193604	276	2.898516432028704	0	5
3.320005178451538	281	2.898516432028704	0	7
3.325009822845459	288	2.898516432028704	0	8
3.3300116062164307	296	2.898516432028704	0	10
3.33500337600708	306	2.898516432028704	0	12
3.3400094509124756	318	2.898516432028704	0	26
3.345000982284546	344	2.89859254989931	1	42
3.350001573562622	386	2.89859254989931	0	56
3.355006217956543	442	2.89859254989931	0	59
3.3600094318389893	501	2.89859254989931	0	49
3.365004539489746	550	2.89859254989931	0	36
3.370008707046509	586	2.89859254989931	0	17
3.3750040531158447	603	2.89859254989931	0	10
3.38000750541687	613	2.89859254989931	0	3
3.385004758834839	616	2.89859254989931	0	-6
3.390005350112915	610	2.89859254989931	0	-11
3.3950014114379883	599	2.89859254989931	0	-12
3.4000027179718018	587	2.89859254989931	0	-11
3.4050092697143555	576	2.89859254989931	0	-23
3.4100067615509033	553	2.8985344595841314	1	-28
3.4150004386901855	525	2.8985344595841314	0	-30
3.4200031757354736	495	2.8985344595841314	0	-29
3.425002336502075	466	2.8985344595841314	0	-36
3.430002212524414	430	2.8985344595841314	0	-49
3.4350039958953857	381	2.8985344595841314	0	-43
3.4400055408477783	338	2.8985344595841314	0	-30
3.4450058937072754	308	2.8985344595841314	0	-17
3.4500036239624023	291	2.8985344595841314	0	-9
3.455007314682007	282	2.8985344595841314	0	-5
3.4600095748901367	277	2.8985344595841314	0	-3
3.465001344680786	274	2.8985344595841314	0	-3
3.4700021743774414	271	2.8985344595841314	0	-2
3.475003480911255	269	2.8985344595841314	0	0
3.480008602142334	269	2.8985344595841314	0	3
3.4850094318389893	272	2.8985344595841314	0	2
3.490009307861328	274	2.8985344595841314	0	4
3.495008945465088	278	2.8985344595841314	0	10
3.500005006790161	288	2.8985344595841314	0	4
3.5050013065338135	292	2.8985344595841314	0	9
3.510002851486206	301	2.8985344595841314	0	13
3.515007495880127	314	2.8985344595841314	0	24
3.5200107097625732	338	2.94113802712607	1	41
3.525001287460327	379	2.94113802712607	0	60
3.5300111770629883	439	2.94113802712607	0	64
3.535006523132324	503	2.94113802712607	0	51
3.540006399154663	554	2.94113802712607	0	31
3.545011043548584	585	2.94113802712607	0	12
3.550006866455078	597	2.94113802712607	0	5
3.555006980895996	602	2.94113802712607	0	-4
3.560009002685547	598	2.94113802712607	0	-6
3.565011739730835	592	2.94113802712607	0	-14
3.5700008869171143	578	2.94113802712607	0	-20
3.575005292892456	558	2.94113802712607	0	-26
3.580000877380371	532	2.8986246007250873	1	-34
3.5850093364715576	498	2.8986246007250873	0	-27
3.59000301361084	471	2.8986246007250873	0	-23
3.5950117111206055	448	2.8986246007250873	0	-28
3.600005865097046	420	2.8986246007250873	0	-38
3.6050028800964355	382	2.8986246007250873	0	-39
3.610011339187622	343	2.8986246007250873	0	-28
3.615004062652588	315	2.8986246007250873	0	-16
3.620009422302246	299	2.8986246007250873	0	-9
3.6250083446502686	290	2.8986246007250873	0	-6
3.630009651184082	284	2.8986246007250873	0	-3
3.6350040435791016	281	2.8986246007250873	0	-4
3.6400082111358643	277	2.8986246007250873	0	-1
3.6450071334838867	276	2.8986246007250873	0	-2
3.6500062942504883	274	2.8986246007250873	0	2
3.6550047397613525	276	2.8986246007250873	0	4
3.6600046157836914	280	2.8986246007250873	0	7
3.665005683898926	287	2.8986246007250873	0	9
3.6700119972229004	296	2.8986246007250873	0	9
3.675008535385132	305	2.8986246007250873	0	13
3.680006980895996	318	2.8986246007250873	0	25
3.6850109100341797	343	2.941090592908657	1	46
3.6900110244750977	389	2.941090592908657	0	57
3.6950037479400635	446	2.941090592908657	0	60
3.7000057697296143	506	2.941090592908657	0	49
3.705003499984741	555	2.941090592908657	0	31
3.7100043296813965	586	2.941090592908657	0	17
3.715010166168213	603	2.941090592908657	0	10
3.720003843307495	613	2.941090592908657	0	1
3.725006103515625	614	2.941090592908657	0	-9
3.730008125305176	605	2.941090592908657	0	-9
3.735001564025879	596	2.941090592908657	0	-12
3.7400007247924805	584	2.941090592908657	0	-17
3.7450006008148193	567	2.941090592908657	0	-26
3.7500035762786865	541	2.9412040251043092	1	-28
3.755000591278076	513	2.9412040251043092	0	-29
3.7600109577178955	484	2.9412040251043092	0	-32
3.7650046348571777	452	2.9412040251043092	0	-45
3.770000696182251	407	2.9412040251043092	0	-49
3.7750110626220703	358	2.9412040251043092	0	-36
3.7800116539001465	322	2.9412040251043092	0	-24
3.7850050926208496	298	2.9412040251043092	0	-13
3.7900078296661377	285	2.9412040251043092	0	-7
3.7950077056884766	278	2.9412040251043092	0	-4
3.800001859664917	274	2.9412040251043092	0	-2
3.8050014972686768	272	2.9412040251043092	0	-3
3.810004949569702	269	2.9412040251043092	0	0
3.8150057792663574	269	2.9412040251043092	0	1
3.820005178451538	270	2.9412040251043092	0	3
3.825010299682617	273	2.9412040251043092	0	4
3.830007553100586	277	2.9412040251043092	0	5
3.8350067138671875	282	2.9412040251043092	0	8
3.8400039672851562	290	2.9412040251043092	0	8
3.84501051902771	298	2.9412040251043092	0	10
3.8500118255615234	308	2.9412040251043092	0	18
3.85500168800354	326	2.9412040251043092	0	36
3.860001802444458	362	2.9412535255317924	1	54
3.8650097846984863	416	2.9412535255317924	0	65
3.870001792907715	481	2.9412535255317924	0	57
3.8750011920928955	538	2.9412535255317924	0	39
3.880007028579712	577	2.9412535255317924	0	17
3.8850040435791016	594	2.9412535255317924	0	8
3.8900058269500732	602	2.9412535255317924	0	0
3.8950092792510986	602	2.9412535255317924	0	-8
3.900007724761963	594	2.9412535255317924	0	-9
3.9050073623657227	585	2.9412535255317924	0	-15
3.910001039505005	570	2.9412535255317924	0	-24
3.9150023460388184	546	2.9850615401915026	1	-33
3.920003890991211	513	2.9850615401915026	0	-31
3.925002336502075	482	2.9850615401915026	0	-24
3.930011510848999	458	2.9850615401915026	0	-24
3.9350080490112305	434	2.9850615401915026	0	-33
3.9400105476379395	401	2.9850615401915026	0	-41
3.945009469985962	360	2.9850615401915026	0	-34
3.950005531311035	326	2.9850615401915026	0	-20
3.955010175704956	306	2.9850615401915026	0	-13
3.9600043296813965	293	2.9850615401915026	0	-6
3.9650027751922607	287	2.9850615401915026	0	-5
3.970003604888916	282	2.9850615401915026	0	-1
3.9750094413757324	281	2.9850615401915026	0	-4
3.9800069332122803	277	2.9850615401915026	0	-3
3.9850051403045654	274	2.9850615401915026	0	1
3.9900009632110596	275	2.9850615401915026	0	2
3.995011568069458	277	2.9850615401915026	0	6
4.000005006790161	283	2.9850615401915026	0	8
4.005007982254028	291	2.9850615401915026	0	10
4.01000714302063	301	2.9850615401915026	0	9
4.015006065368652	310	2.9850615401915026	0	18
4.020008325576782	328	2.9850615401915026	0	33
4.025005340576172	361	2.9412246500799415	1	49
4.030001163482666	410	2.9412246500799415	0	60
4.035010576248169	470	2.9412246500799415	0	55
4.040010929107666	525	2.9412246500799415	0	45
4.045004606246948	570	2.9412246500799415	0	26
4.050008296966553	596	2.9412246500799415	0	13
4.055005311965942	609	2.9412246500799415	0	4
4.060007572174072	613	2.9412246500799415	0	0
4.06501030921936	613	2.9412246500799415	0	-10
4.070010662078857	603	2.9412246500799415	0	-10
4.075010776519775	593	2.9412246500799415	0	-12
4.08000111579895	581	2.9412246500799415	0	-19
4.08501124382019	562	2.9412246500799415	0	-28
4.09000301361084	534	2.9411813379652063	1	-28
4.095005750656128	506	2.9411813379652063	0	-29
4.1000096797943115	477	2.9411813379652063	0	-34
4.105003118515015	443	2.9411813379652063	0	-46
4.11000919342041	397	2.9411813379652063	0	-48
4.1150031089782715	349	2.9411813379652063	0	-34
4.12000846862793	315	2.9411813379652063	0	-19
4.125009536743164	296	2.9411813379652063	0	-12
4.130011796951294	284	2.9411813379652063	0	-7
4.135004281997681	277	2.9411813379652063	0	-3
4.140009880065918	274	2.9411813379652063	0	-2
4.145009517669678	272	2.9411813379652063	0	-3
4.15001106262207	269	2.9411813379652063	0	0
4.155004501342773	269	2.9411813379652063	0	1
4.16000771522522	270	2.9411813379652063	0	3
4.1650097370147705	273	2.9411813379652063	0	4
4.1700074672698975	277	2.9411813379652063	0	6
4.1750102043151855	283	2.9411813379652063	0	7
4.180008888244629	290	2.9411813379652063	0	11
4.18500018119812	301	2.9411813379652063	0	12
4.190005540847778	313	2.9411813379652063	0	21
4.19500994682312	334	2.9850020567550524	1	40
4.200007915496826	374	2.9850020567550524	0	59
4.205006122589111	433	2.9850020567550524	0	65
4.210010528564453	498	2.9850020567550524	0	51
4.215005874633789	549	2.9850020567550524	0	32
4.220007419586182	581	2.9850020567550524	0	13
4.225003480911255	594	2.9850020567550524	0	8
4.230006456375122	602	2.9850020567550524	0	-4
4.2350013256073	598	2.9850020567550524	0	-6
4.240009307861328	592	2.9850020567550524	0	-14
4.2450079917907715	578	2.9850020567550524	0	-19
4.250009298324585	559	2.9850020567550524	0	-27
4.255002737045288	532	2.9411730881832177	1	-34
4.260000467300415	498	2.9411730881832177	0	-28
4.26500391960144	470	2.9411730881832177	0	-23
4.270003080368042	447	2.9411730881832177	0	-29
4.2750022411346436	418	2.9411730881832177	0	-40
4.280009984970093	378	2.9411730881832177	0	-38
4.285009145736694	340	2.9411730881832177	0	-27
4.290003776550293	313	2.9411730881832177	0	-15
4.295001745223999	298	2.9411730881832177	0	-9
4.300004482269287	289	2.9411730881832177	0	-5
4.305009126663208	284	2.9411730881832177	0	-3
4.31000828742981	281	2.9411730881832177	0	-4
4.315011739730835	277	2.9411730881832177	0	-1
4.320003509521484	276	2.9411730881832177	0	0
4.325007677078247	276	2.9411730881832177	0	1
4.330006837844849	277	2.9411730881832177	0	4
4.335011720657349	281	2.9411730881832177	0	8
4.340008497238159	289	2.9411730881832177	0	9
4.345003604888916	298	2.9411730881832177	0	10
4.350000381469727	308	2.9411730881832177	0	14
4.355010986328125	322	2.9411730881832177	0	29
4.3600006103515625	351	2.985116776933851	1	47
4.365001678466797	398	2.985116776933851	0	60
4.370004653930664	458	2.985116776933851	0	59
4.375002145767212	517	2.985116776933851	0	45
4.380000829696655	562	2.985116776933851	0	27
4.385003566741943	589	2.985116776933851	0	16
4.390004396438599	605	2.985116776933851	0	8
4.395004034042358	613	2.985116776933851	0	0
4.400003433227539	613	2.985116776933851	0	-10
4.405004978179932	603	2.985116776933851	0	-9
4.4100117683410645	594	2.985116776933851	0	-13
4.415007591247559	581	2.985116776933851	0	-17
4.420006513595581	564	2.985116776933851	0	-29
4.425008296966553	535	2.985027549366101	1	-29
4.430001497268677	506	2.985027549366101	0	-29
4.435007333755493	477	2.985027549366101	0	-32
4.440000772476196	445	2.985027549366101	0	-48
4.445010662078857	397	2.985027549366101	0	-47
4.450008869171143	350	2.985027549366101	0	-35
4.455011606216431	315	2.985027549366101	0	-21
4.460000991821289	294	2.985027549366101	0	-11
4.465006351470947	283	2.985027549366101	0	-6
4.4700024127960205	277	2.985027549366101	0	-3
4.475002288818359	274	2.985027549366101	0	-2
4.480010747909546	272	2.985027549366101	0	-2
4.485009431838989	270	2.985027549366101	0	-1
4.490008115768433	269	2.985027549366101	0	1
4.4950103759765625	270	2.985027549366101	0	4
4.500003337860107	274	2.985027549366101	0	4
4.505007743835449	278	2.985027549366101	0	6
4.510001182556152	284	2.985027549366101	0	8
4.515006065368652	292	2.985027549366101	0	9
4.520001411437988	301	2.985027549366101	0	13
4.525002717971802	314	2.985027549366101	0	26
4.530002593994141	340	2.9851401469402394	1	43
4.535000324249268	383	2.9851401469402394	0	60
4.540005207061768	443	2.9851401469402394	0	64
4.5450029373168945	507	2.9851401469402394	0	50
4.550006866455078	557	2.9851401469402394	0	28
4.555011987686157	585	2.9851401469402394	0	12
4.560000896453857	597	2.9851401469402394	0	8
4.565002679824829	605	2.9851401469402394	0	-8
4.570011615753174	597	2.9851401469402394	0	-10
4.575011253356934	587	2.9851401469402394	0	-14
4.5800018310546875	573	2.9851401469402394	0	-19
4.585002660751343	554	2.9851401469402394	0	-32
4.5900092124938965	522	2.9850169273919147	1	-32
4.595003604888916	490	2.9850169273919147	0	-22
4.600003480911255	468	2.9850169273919147	0	-27
4.605006456375122	441	2.9850169273919147	0	-32
4.610003471374512	409	2.9850169273919147	0	-42
4.615005254745483	367	2.9850169273919147	0	-36
4.620006322860718	331	2.9850169273919147	0	-23
4.625004053115845	308	2.9850169273919147	0	-14
4.630010366439819	294	2.9850169273919147	0	-6
4.635007381439209	288	2.9850169273919147	0	-5
4.640002965927124	283	2.9850169273919147	0	-4
4.645000696182251	279	2.9850169273919147	0	-2
4.650011301040649	277	2.9850169273919147	0	-1
4.655000686645508	276	2.9850169273919147	0	-1
4.660010576248169	275	2.9850169273919147	0	3
4.66500186920166	278	2.9850169273919147	0	6
4.670006275177002	284	2.9850169273919147	0	9
4.67500376701355	293	2.9850169273919147	0	8
4.680004596710205	301	2.9850169273919147	0	11
4.685004949569702	312	2.9850169273919147	0	19
4.690004587173462	331	2.9850169273919147	0	39
4.695001840591431	370	2.985063664643793	1	54
4.7000041007995605	424	2.985063664643793	0	61
4.7050042152404785	485	2.985063664643793	0	53
4.7100019454956055	538	2.985063664643793	0	40
4.715009927749634	578	2.985063664643793	0	21
4.720009088516235	599	2.985063664643793	0	11
4.725008487701416	610	2.985063664643793	0	3
4.730007648468018	613	2.985063664643793	0	-6
4.735008716583252	607	2.985063664643793	0	-10
4.74000358581543	597	2.985063664643793	0	-11
4.745006084442139	586	2.985063664643793	0	-15
4.750005722045898	571	2.985063664643793	0	-22
4.755004167556763	549	3.0303409500593523	1	-27
4.760006666183472	522	3.0303409500593523	0	-32
4.765002012252808	490	3.0303409500593523	0	-29
4.770006418228149	461	3.0303409500593523	0	-41
4.7750022411346436	420	3.0303409500593523	0	-50
4.780009508132935	370	3.0303409500593523	0	-40
4.785001993179321	330	3.0303409500593523	0	-28
4.790003776550293	302	3.0303409500593523	0	-14
4.795006036758423	288	3.0303409500593523	0	-7
4.800008535385132	281	3.0303409500593523	0	-5
4.8050103187561035	276	3.0303409500593523	0	-3
4.810007810592651	273	3.0303409500593523	0	-3
4.815009832382202	270	3.0303409500593523	0	-4
4.820008039474487	266	3.0303409500593523	0	3
4.82500958442688	269	3.0303409500593523	0	3
4.83000111579895	272	3.0303409500593523	0	2
4.8350043296813965	274	3.0303409500593523	0	5
4.84000039100647	279	3.0303409500593523	0	7
4.845005989074707	286	3.0303409500593523	0	8
4.850003957748413	294	3.0303409500593523	0	9
4.855010032653809	303	3.0303409500593523	0	13
4.860010385513306	316	3.0303409500593523	0	27
4.865003824234009	343	2.985063664643793	1	40
4.87000036239624	383	2.985063664643793	0	59
4.87500524520874	442	2.985063664643793	0	66
4.880008935928345	508	2.985063664643793	0	47
4.885010480880737	555	2.985063664643793	0	31
4.890000820159912	586	2.985063664643793	0	12
4.895001173019409	598	2.985063664643793	0	7
4.900006532669067	605	2.985063664643793	0	-3
4.905003786087036	602	2.985063664643793	0	-6
4.910007953643799	596	2.985063664643793	0	-12
4.915008068084717	584	2.985063664643793	0	-18
4.920007944107056	566	2.985063664643793	0	-24
4.9250078201293945	542	2.9850870338185707	1	-29
4.930003881454468	513	2.9850870338185707	0	-31
4.935003042221069	482	2.9850870338185707	0	-24
4.940001964569092	458	2.9850870338185707	0	-24
4.945009708404541	434	2.9850870338185707	0	-34
4.950008392333984	400	2.9850870338185707	0	-38
4.955006122589111	362	2.9850870338185707	0	-33
4.960004568099976	329	2.9850870338185707	0	-26
4.965011358261108	303	2.9850870338185707	0	-10
4.970001697540283	293	2.9850870338185707	0	-5
4.975002765655518	288	2.9850870338185707	0	-6
4.980010509490967	282	2.9850870338185707	0	-3
4.985009670257568	279	2.9850870338185707	0	-2
4.9900102615356445	277	2.9850870338185707	0	-1
4.99500846862793	276	2.9850870338185707	0	-1
5.00000524520874	275	2.9850870338185707	0	1
5.005002737045288	276	2.9850870338185707	0	6
5.010003566741943	282	2.9850870338185707	0	6
5.015000343322754	288	2.9850870338185707	0	9
5.02001166343689	297	2.9850870338185707	0	6
5.025002479553223	303	2.9850870338185707	0	15
5.0300071239471436	318	2.9850870338185707	0	24
5.03501033782959	342	2.9411029669048223	1	43
5.040003061294556	385	2.9411029669048223	0	56
5.045001983642578	441	2.9411029669048223	0	59
5.05000376701355	500	2.9411029669048223	0	49
5.055011749267578	549	2.9411029669048223	0	37
5.060011386871338	586	2.9411029669048223	0	17
5.065001964569092	603	2.9411029669048223	0	10
5.070007562637329	613	2.9411029669048223	0	4
5.075010061264038	617	2.9411029669048223	0	-4
5.080004692077637	613	2.9411029669048223	0	-11
5.085011005401611	602	2.9411029669048223	0	-12
5.090002775192261	590	2.9411029669048223	0	-12
5.095009088516235	578	2.9411029669048223	0	-21
5.100004434585571	557	2.8985484811711664	1	-27
5.10500431060791	530	2.8985484811711664	0	-29
5.11000394821167	501	2.8985484811711664	0	-28
5.1150102615356445	473	2.8985484811711664	0	-35
5.120009422302246	438	2.8985484811711664	0	-45
5.125004768371582	393	2.8985484811711664	0	-47
5.130003213882446	346	2.8985484811711664	0	-31
5.135001182556152	315	2.8985484811711664	0	-22
5.140000343322754	293	2.8985484811711664	0	-10
5.145005702972412	283	2.8985484811711664	0	-6
5.150005578994751	277	2.8985484811711664	0	-3
5.155007839202881	274	2.8985484811711664	0	-2
5.160002708435059	272	2.8985484811711664	0	-3
5.165006399154663	269	2.8985484811711664	0	0
5.170001029968262	269	2.8985484811711664	0	3
5.175010442733765	272	2.8985484811711664	0	2
5.180008172988892	274	2.8985484811711664	0	3
5.1850104331970215	277	2.8985484811711664	0	5
5.190006256103516	282	2.8985484811711664	0	7
5.195011138916016	289	2.8985484811711664	0	10
5.200002431869507	299	2.8985484811711664	0	9
5.2050111293792725	308	2.8985484811711664	0	21
5.210009336471558	329	2.898504413783	1	33
5.215009450912476	362	2.898504413783	0	51
5.220003604888916	413	2.898504413783	0	60
5.2250096797943115	473	2.898504413783	0	62
5.230003356933594	535	2.898504413783	0	39
5.2350075244903564	574	2.898504413783	0	20
5.240002870559692	594	2.898504413783	0	8
5.245002508163452	602	2.898504413783	0	-1
5.250007629394531	601	2.898504413783	0	-4
5.2550108432769775	597	2.898504413783	0	-12
5.260009288787842	585	2.898504413783	0	-16
5.265008211135864	569	2.898504413783	0	-23
5.270005941390991	546	2.8985665091252617	1	-32
5.275001764297485	514	2.8985665091252617	0	-32
5.280004978179932	482	2.8985665091252617	0	-24
5.285003185272217	458	2.8985665091252617	0	-24
5.290001153945923	434	2.8985665091252617	0	-34
5.295001268386841	400	2.8985665091252617	0	-42
5.300000905990601	358	2.8985665091252617	0	-33
5.305005311965942	325	2.8985665091252617	0	-22
5.310010671615601	303	2.8985665091252617	0	-10
5.31500244140625	293	2.8985665091252617	0	-7
5.320003032684326	286	2.8985665091252617	0	-6
5.325000286102295	280	2.8985665091252617	0	-2
5.330010890960693	278	2.8985665091252617	0	-2
5.335001230239868	276	2.8985665091252617	0	-2
5.340002775192261	274	2.8985665091252617	0	2
5.345003366470337	276	2.8985665091252617	0	2
5.350009202957153	278	2.8985665091252617	0	7
5.3550028800964355	285	2.8985665091252617	0	8
5.360001087188721	293	2.8985665091252617	0	10
5.365007162094116	303	2.8985665091252617	0	12
5.3700034618377686	315	2.8985665091252617	0	23
5.3750011920928955	338	2.9412555880857627	1	40
5.380008697509766	378	2.9412555880857627	0	56
5.3850014209747314	434	2.9412555880857627	0	60
5.390004634857178	494	2.9412555880857627	0	52
5.3950035572052	546	2.9412555880857627	0	35
5.400004863739014	581	2.9412555880857627	0	21
5.405008792877197	602	2.9412555880857627	0	8
5.410011053085327	610	2.9412555880857627	0	3
5.415003061294556	613	2.9412555880857627	0	-7
5.420004844665527	606	2.9412555880857627	0	-10
5.425007104873657	596	2.9412555880857627	0	-11
5.430005311965942	585	2.9412555880857627	0	-15
5.435011386871338	570	2.9412555880857627	0	-26
5.440005540847778	544	2.941166900877097	1	-30
5.4450085163116455	514	2.941166900877097	0	-31
5.450008153915405	483	2.941166900877097	0	-29
5.455000877380371	454	2.941166900877097	0	-44
5.460010766983032	410	2.941166900877097	0	-49
5.465002775192261	361	2.941166900877097	0	-39
5.470008850097656	322	2.941166900877097	0	-24
5.475007057189941	298	2.941166900877097	0	-12
5.480006456375122	286	2.941166900877097	0	-7
5.4850077629089355	279	2.941166900877097	0	-5
5.490001440048218	274	2.941166900877097	0	-2
5.495002746582031	272	2.941166900877097	0	-2
5.500010251998901	270	2.941166900877097	0	-1
5.5050084590911865	269	2.941166900877097	0	1
5.510005474090576	270	2.941166900877097	0	4
5.515000581741333	274	2.941166900877097	0	3
5.520002841949463	277	2.941166900877097	0	6
5.525010585784912	283	2.941166900877097	0	8
5.530002593994141	291	2.941166900877097	0	8
5.535010099411011	299	2.941166900877097	0	11
5.540006399154663	310	2.941166900877097	0	23
5.545007228851318	333	2.985093407293377	1	40
5.550009727478027	373	2.985093407293377	0	58
5.555002927780151	431	2.985093407293377	0	67
5.560004234313965	498	2.985093407293377	0	51
5.565009355545044	549	2.985093407293377	0	33
5.570007801055908	582	2.985093407293377	0	12
5.575001955032349	594	2.985093407293377	0	7
5.580002546310425	601	2.985093407293377	0	-4
5.585010290145874	597	2.985093407293377	0	-8
5.590005397796631	589	2.985093407293377	0	-11
5.595006227493286	578	2.985093407293377	0	-21
5.600007057189941	557	3.0302927842499776	1	-28
5.605005979537964	529	3.0302927842499776	0	-34
5.610001564025879	495	3.0302927842499776	0	-27
5.615001916885376	468	3.0302927842499776	0	-25
5.620001316070557	443	3.0302927842499776	0	-30
5.625009059906006	413	3.0302927842499776	0	-40
5.630007266998291	373	3.0302927842499776	0	-36
5.6350014209747314	337	3.0302927842499776	0	-27
5.640010118484497	310	3.0302927842499776	0	-14
5.6450114250183105	296	3.0302927842499776	0	-8
5.65000581741333	288	3.0302927842499776	0	-5
5.655010223388672	283	3.0302927842499776	0	-3
5.660010576248169	280	3.0302927842499776	0	-4
5.665001392364502	276	3.0302927842499776	0	0
5.670002698898315	276	3.0302927842499776	0	2
5.675005197525024	278	3.0302927842499776	0	0
5.680006742477417	278	3.0302927842499776	0	5
5.685003757476807	283	3.0302927842499776	0	9
5.69000244140625	292	3.0302927842499776	0	9
5.695010423660278	301	3.0302927842499776	0	9
5.700011491775513	310	3.0302927842499776	0	20
5.705005645751953	330	3.0302927842499776	0	35
5.710005044937134	365	2.985040295834911	1	53
5.715005874633789	418	2.985040295834911	0	60
5.720007658004761	478	2.985040295834911	0	55
5.7250025272369385	533	2.985040295834911	0	36
5.730008840560913	569	2.985040295834911	0	28
5.735004901885986	597	2.985040295834911	0	12
5.74000883102417	609	2.985040295834911	0	4
5.745010614395142	613	2.985040295834911	0	-3
5.750001668930054	610	2.985040295834911	0	-12
5.755001068115234	598	2.985040295834911	0	-11
5.760006904602051	587	2.985040295834911	0	-13
5.7650110721588135	574	2.985040295834911	0	-22
5.77000880241394	552	3.0302730804965416	1	-28
5.775009393692017	524	3.0302730804965416	0	-31
5.780011177062988	493	3.0302730804965416	0	-31
5.785008907318115	462	3.0302730804965416	0	-40
5.790007591247559	422	3.0302730804965416	0	-49
5.795007228851318	373	3.0302730804965416	0	-43
5.800004482269287	330	3.0302730804965416	0	-27
5.805009126663208	303	3.0302730804965416	0	-14
5.810000658035278	289	3.0302730804965416	0	-8
5.815009832382202	281	3.0302730804965416	0	-5
5.820000171661377	276	3.0302730804965416	0	-4
5.825004816055298	272	3.0302730804965416	0	-2
5.830005884170532	270	3.0302730804965416	0	-1
5.835001707077026	269	3.0302730804965416	0	0
5.840007781982422	269	3.0302730804965416	0	4
5.845004320144653	273	3.0302730804965416	0	3
5.850009918212891	276	3.0302730804965416	0	6
5.855001926422119	282	3.0302730804965416	0	8
5.860010147094727	290	3.0302730804965416	0	8
5.865008592605591	298	3.0302730804965416	0	11
5.870000123977661	309	3.0302730804965416	0	21
5.875001907348633	330	3.0303518970477525	1	36
5.8800084590911865	366	3.0303518970477525	0	59
5.885004758834839	425	3.0303518970477525	0	65
5.890002489089966	490	3.0303518970477525	0	55
5.89500617980957	545	3.0303518970477525	0	35
5.900004148483276	580	3.0303518970477525	0	14
5.9050068855285645	594	3.0303518970477525	0	8
5.910006046295166	602	3.0303518970477525	0	-3
5.915001630783081	599	3.0303518970477525	0	-6
5.920008182525635	593	3.0303518970477525	0	-15
5.925004243850708	578	3.0303518970477525	0	-15
5.930007219314575	563	3.0303518970477525	0	-29
5.935011148452759	534	2.985038171415883	1	-31
5.940011024475098	503	2.985038171415883	0	-29
5.945009469985962	474	2.985038171415883	0	-24
5.950001955032349	450	2.985038171415883	0	-26
5.955010652542114	424	2.985038171415883	0	-38
5.9600067138671875	386	2.985038171415883	0	-37
5.965008735656738	349	2.985038171415883	0	-32
5.970006227493286	317	2.985038171415883	0	-18
5.975002765655518	299	2.985038171415883	0	-9
5.980010032653809	290	2.985038171415883	0	-5
5.985010385513306	285	2.985038171415883	0	-4
5.990002870559692	281	2.985038171415883	0	-3
5.995001316070557	278	2.985038171415883	0	-1
6.00001072883606	277	2.985038171415883	0	-2
6.005004167556763	275	2.985038171415883	0	1
6.010006427764893	276	2.985038171415883	0	3
6.015002489089966	279	2.985038171415883	0	7
6.020002126693726	286	2.985038171415883	0	8
6.025009870529175	294	2.985038171415883	0	9
6.030004024505615	303	2.985038171415883	0	12
6.0350022315979	315	2.985038171415883	0	23
6.040007829666138	338	3.030277459086272	1	40
6.045001983642578	378	3.030277459086272	0	56
6.050002336502075	434	3.030277459086272	0	60
6.05500054359436	494	3.030277459086272	0	52
6.060003280639648	546	3.030277459086272	0	36
6.065003156661987	582	3.030277459086272	0	20
6.070007085800171	602	3.030277459086272	0	10
6.075000286102295	612	3.030277459086272	0	7
6.080000877380371	619	3.030277459086272	0	-9
6.085004091262817	610	3.030277459086272	0	-11
6.0900092124938965	599	3.030277459086272	0	-12
6.095003604888916	587	3.030277459086272	0	-14
6.100008487701416	573	3.030277459086272	0	-20
6.105003833770752	553	3.030277459086272	0	-28
6.110008716583252	525	2.941177213068427	1	-28
6.115003347396851	497	2.941177213068427	0	-29
6.120002508163452	468	2.941177213068427	0	-39
6.125007629394531	429	2.941177213068427	0	-50
6.13001012802124	379	2.941177213068427	0	-42
6.135009050369263	337	2.941177213068427	0	-29
6.140002727508545	308	2.941177213068427	0	-18
6.1450018882751465	290	2.941177213068427	0	-8
6.150009393692017	282	2.941177213068427	0	-5
6.155005931854248	277	2.941177213068427	0	-3
6.160001277923584	274	2.941177213068427	0	-3
6.165010929107666	271	2.941177213068427	0	-2
6.1700050830841064	269	2.941177213068427	0	0
6.175008296966553	269	2.941177213068427	0	2
6.180005788803101	271	2.941177213068427	0	2
6.185011148452759	273	2.941177213068427	0	5
6.190008163452148	278	2.941177213068427	0	7
6.195011138916016	285	2.941177213068427	0	8
6.200004816055298	293	2.941177213068427	0	9
6.205010652542114	302	2.941177213068427	0	12
6.210008382797241	314	2.941177213068427	0	27
6.215010643005371	341	2.9411009045648973	1	41
6.22000789642334	382	2.9411009045648973	0	60
6.225003242492676	442	2.9411009045648973	0	64
6.230011224746704	506	2.9411009045648973	0	49
6.235002756118774	555	2.9411009045648973	0	29
6.240007638931274	584	2.9411009045648973	0	13
6.245001792907715	597	2.9411009045648973	0	5
6.250004529953003	602	2.9411009045648973	0	-4
6.255000829696655	598	2.9411009045648973	0	-8
6.2600038051605225	590	2.9411009045648973	0	-15
6.265011548995972	575	2.9411009045648973	0	-17
6.270007133483887	558	2.9411009045648973	0	-29
6.2750091552734375	529	2.941193712724965	1	-34
6.28000020980835	495	2.941193712724965	0	-25
6.285011291503906	470	2.941193712724965	0	-24
6.290004014968872	446	2.941193712724965	0	-28
6.29500150680542	418	2.941193712724965	0	-41
6.300009250640869	377	2.941193712724965	0	-37
6.305002927780151	340	2.941193712724965	0	-27
6.310003280639648	313	2.941193712724965	0	-16
6.31500506401062	297	2.941193712724965	0	-8
6.3200109004974365	289	2.941193712724965	0	-5
6.3250017166137695	284	2.941193712724965	0	-2
6.330002546310425	282	2.941193712724965	0	-5
6.335010766983032	277	2.941193712724965	0	-1
6.340010166168213	276	2.941193712724965	0	-2
6.345003128051758	274	2.941193712724965	0	3
6.35000205039978	277	2.941193712724965	0	4
6.355006456375122	281	2.941193712724965	0	7
6.360004901885986	288	2.941193712724965	0	9
6.3650007247924805	297	2.941193712724965	0	9
6.370007038116455	306	2.941193712724965	0	12
6.37501072883606	318	2.941193712724965	0	25
6.3800013065338135	343	2.9412329001511885	1	42
6.38500452041626	385	2.9412329001511885	0	57
6.390010118484497	442	2.9412329001511885	0	59
6.395004510879517	501	2.9412329001511885	0	49
6.400001764297485	550	2.9412329001511885	0	35
6.405003786087036	585	2.9412329001511885	0	19
6.410004138946533	604	2.9412329001511885	0	8
6.415009021759033	612	2.9412329001511885	0	5
6.4200122356414795	617	2.9412329001511885	0	-5
6.425000190734863	612	2.9412329001511885	0	-11
6.430008888244629	601	2.9412329001511885	0	-12
6.435007095336914	589	2.9412329001511885	0	-13
6.440005540847778	576	2.9412329001511885	0	-22
6.445008277893066	554	2.985078535894498	1	-27
6.450007677078247	527	2.985078535894498	0	-29
6.455006122589111	498	2.985078535894498	0	-29
6.460002183914185	469	2.985078535894498	0	-33
6.465005397796631	436	2.985078535894498	0	-48
6.470008850097656	388	2.985078535894498	0	-45
6.475000858306885	343	2.985078535894498	0	-33
6.48000955581665	310	2.985078535894498	0	-17
6.485008716583252	293	2.985078535894498	0	-10
6.490005016326904	283	2.985078535894498	0	-6
6.495009899139404	277	2.985078535894498	0	-3
6.500008821487427	274	2.985078535894498	0	-2
6.505011558532715	272	2.985078535894498	0	-3
6.510009765625	269	2.985078535894498	0	0
6.515010833740234	269	2.985078535894498	0	1
6.520003795623779	270	2.985078535894498	0	3
6.52501106262207	273	2.985078535894498	0	4
6.530009984970093	277	2.985078535894498	0	5
6.535004138946533	282	2.985078535894498	0	7
6.540002346038818	289	2.985078535894498	0	7
6.545010805130005	296	2.985078535894498	0	13
6.550006866455078	309	2.985078535894498	0	18
6.555004596710205	327	2.985078535894498	0	35
6.560010671615601	362	2.898550484266103	1	51
6.565011501312256	413	2.898550484266103	0	64
6.570002794265747	477	2.898550484266103	0	58
6.575002193450928	535	2.898550484266103	0	41
6.580001592636108	576	2.898550484266103	0	18
6.585002660751343	594	2.898550484266103	0	8
6.590003252029419	602	2.898550484266103	0	0
6.595001697540283	602	2.898550484266103	0	-5
6.600008726119995	597	2.898550484266103	0	-11
6.6050097942352295	586	2.898550484266103	0	-13
6.610003471374512	573	2.898550484266103	0	-25
6.6150102615356445	548	2.941166900877097	1	-34
6.620010137557983	514	2.941166900877097	0	-30
6.625002861022949	484	2.941166900877097	0	-26
6.630011796951294	458	2.941166900877097	0	-22
6.6350016593933105	436	2.941166900877097	0	-34
6.6400063037872314	402	2.941166900877097	0	-41
6.645003318786621	361	2.941166900877097	0	-33
6.650012254714966	328	2.941166900877097	0	-22
6.655000686645508	306	2.941166900877097	0	-13
6.660003185272217	293	2.941166900877097	0	-7
6.665004014968872	286	2.941166900877097	0	-4
6.670003890991211	282	2.941166900877097	0	-3
6.67500114440918	279	2.941166900877097	0	-2
6.680006980895996	277	2.941166900877097	0	-2
6.68500828742981	275	2.941166900877097	0	1
6.690000772476196	276	2.941166900877097	0	2
6.6950061321258545	278	2.941166900877097	0	5
6.700006723403931	283	2.941166900877097	0	8
6.7050089836120605	291	2.941166900877097	0	8
6.710011005401611	299	2.941166900877097	0	12
6.715011119842529	311	2.941166900877097	0	19
6.720000982284546	330	2.941166900877097	0	32
6.725005626678467	362	2.8985144289808322	1	55
6.730001449584961	417	2.8985144289808322	0	60
6.73500919342041	477	2.8985144289808322	0	56
6.740008115768433	533	2.8985144289808322	0	40
6.745000839233398	573	2.8985144289808322	0	24
6.750010013580322	597	2.8985144289808322	0	8
6.755008935928345	605	2.8985144289808322	0	8
6.760009765625	613	2.8985144289808322	0	-1
6.765003442764282	612	2.8985144289808322	0	-11
6.770001649856567	601	2.8985144289808322	0	-12
6.775005578994751	589	2.8985144289808322	0	-12
6.780005216598511	577	2.8985144289808322	0	-21
6.785008907318115	556	2.9411710257449517	1	-23
6.790001153945923	533	2.9411710257449517	0	-35
6.795010805130005	498	2.9411710257449517	0	-25
6.800009250640869	473	2.9411710257449517	0	-43
6.805009126663208	430	2.9411710257449517	0	-50
6.81000542640686	380	2.9411710257449517	0	-42
6.815005779266357	338	2.9411710257449517	0	-31
6.82000470161438	307	2.9411710257449517	0	-18
6.8250041007995605	289	2.9411710257449517	0	-7
6.830004692077637	282	2.9411710257449517	0	-5
6.835010528564453	277	2.9411710257449517	0	-4
6.840007543563843	273	2.9411710257449517	0	-2
6.845008373260498	271	2.9411710257449517	0	-3
6.850009441375732	268	2.9411710257449517	0	1
6.855005502700806	269	2.9411710257449517	0	3
6.8600013256073	272	2.9411710257449517	0	4
6.8650054931640625	276	2.9411710257449517	0	5
6.870003938674927	281	2.9411710257449517	0	4
6.8750059604644775	285	2.9411710257449517	0	12
6.880007982254028	297	2.9411710257449517	0	8
6.885008335113525	305	2.9411710257449517	0	16
6.890004396438599	321	2.9411710257449517	0	33
6.895007610321045	354	2.985101905302122	1	51
6.90000319480896	405	2.985101905302122	0	66
6.90500020980835	471	2.985101905302122	0	59
6.910010099411011	530	2.985101905302122	0	40
6.915001153945923	570	2.985101905302122	0	20
6.920003175735474	590	2.985101905302122	0	11
6.925003528594971	601	2.985101905302122	0	0
6.930006742477417	601	2.985101905302122	0	-4
6.9350056648254395	597	2.985101905302122	0	-13
6.940011501312256	584	2.985101905302122	0	-18
6.945001125335693	566	2.985101905302122	0	-22
6.950005054473877	544	2.985121025998705	1	-37
6.955003023147583	507	2.985121025998705	0	-26
6.960001230239868	481	2.985121025998705	0	-25
6.965003252029419	456	2.985121025998705	0	-26
6.970009803771973	430	2.985121025998705	0	-37
6.975009441375732	393	2.985121025998705	0	-39
6.9800074100494385	354	2.985121025998705	0	-32
6.9850053787231445	322	2.985121025998705	0	-20
6.990010023117065	302	2.985121025998705	0	-9
6.995007038116455	293	2.985121025998705	0	-8
7.000010251998901	285	2.985121025998705	0	-3
7.005011558532715	282	2.985121025998705	0	-4
7.010004281997681	278	2.985121025998705	0	-2
7.015009641647339	276	2.985121025998705	0	-2
7.020000219345093	274	2.985121025998705	0	2
7.02500581741333	276	2.985121025998705	0	3
7.0300092697143555	279	2.985121025998705	0	7
7.0350024700164795	286	2.985121025998705	0	7
7.0400004386901855	293	2.985121025998705	0	11
7.045009613037109	304	2.985121025998705	0	11
7.050001621246338	315	2.985121025998705	0	23
7.055002927780151	338	3.030327813777672	1	41
7.060009479522705	379	3.030327813777672	0	58
7.065009832382202	437	3.030327813777672	0	60
7.070011138916016	497	3.030327813777672	0	52
7.075006008148193	549	3.030327813777672	0	35
7.0800089836120605	584	3.030327813777672	0	18
7.085006237030029	602	3.030327813777672	0	13
7.090007781982422	615	3.030327813777672	0	-2
7.095010042190552	613	3.030327813777672	0	-6
7.100005865097046	607	3.030327813777672	0	-10
7.105005741119385	597	3.030327813777672	0	-8
7.110008716583252	589	3.030327813777672	0	-19
7.115003824234009	570	3.030327813777672	0	-22
7.120007514953613	548	2.9850870338185707	1	-30
7.1250104904174805	518	2.9850870338185707	0	-29
7.130005836486816	489	2.9850870338185707	0	-30
7.135011196136475	459	2.9850870338185707	0	-42
7.140000820159912	417	2.9850870338185707	0	-51
7.145010232925415	366	2.9850870338185707	0	-40
7.150005102157593	326	2.9850870338185707	0	-25
7.155002117156982	301	2.9850870338185707	0	-14
7.160007953643799	287	2.9850870338185707	0	-7
7.165010690689087	280	2.9850870338185707	0	-4
7.170006275177002	276	2.9850870338185707	0	-4
7.175004959106445	272	2.9850870338185707	0	-2
7.180007696151733	270	2.9850870338185707	0	-2
7.185001850128174	268	2.9850870338185707	0	1
7.190008640289307	269	2.9850870338185707	0	4
7.1950061321258545	273	2.9850870338185707	0	3
7.200010061264038	276	2.9850870338185707	0	7
7.20500636100769	283	2.9850870338185707	0	6
7.210005044937134	289	2.9850870338185707	0	9
7.215009927749634	298	2.9850870338185707	0	10
7.220007658004761	308	2.9850870338185707	0	17
7.225002765655518	325	2.9850870338185707	0	33
7.230007648468018	358	2.9850742869506055	1	52
7.235010623931885	410	2.9850742869506055	0	66
7.240010499954224	476	2.9850742869506055	0	58
7.245009183883667	534	2.9850742869506055	0	39
7.250003337860107	573	2.9850742869506055	0	20
7.255002498626709	593	2.9850742869506055	0	6
7.260007381439209	599	2.9850742869506055	0	-1
7.265004634857178	598	2.9850742869506055	0	-4
7.270009517669678	594	2.9850742869506055	0	-13
7.275009870529175	581	2.9850742869506055	0	-16
7.2800092697143555	565	2.9850742869506055	0	-27
7.285001277923584	538	2.985108278840433	1	-32
7.290004253387451	506	2.985108278840433	0	-29
7.295007705688477	477	2.985108278840433	0	-24
7.3000102043151855	453	2.985108278840433	0	-26
7.305011510848999	427	2.985108278840433	0	-42
7.310004234313965	385	2.985108278840433	0	-39
7.31500244140625	346	2.985108278840433	0	-29
7.32000994682312	317	2.985108278840433	0	-18
7.325007677078247	299	2.985108278840433	0	-9
7.330002784729004	290	2.985108278840433	0	-6
7.335001468658447	284	2.985108278840433	0	-3
7.340004205703735	281	2.985108278840433	0	-3
7.34501051902771	278	2.985108278840433	0	-2
7.3500049114227295	276	2.985108278840433	0	-1
7.355001211166382	275	2.985108278840433	0	2
7.360010623931885	277	2.985108278840433	0	4
7.365004301071167	281	2.985108278840433	0	7
7.3700079917907715	288	2.985108278840433	0	9
7.375009059906006	297	2.985108278840433	0	9
7.38001012802124	306	2.985108278840433	0	16
7.385007858276367	322	2.985108278840433	0	27
7.39001202583313	349	2.9849935593147965	1	46
7.395003795623779	395	2.9849935593147965	0	59
7.4000043869018555	454	2.9849935593147965	0	60
7.40500807762146	514	2.9849935593147965	0	45
7.410001516342163	559	2.9849935593147965	0	30
7.415008068084717	589	2.9849935593147965	0	16
7.420006036758423	605	2.9849935593147965	0	7
7.425008296966553	612	2.9849935593147965	0	1
7.43000864982605	613	2.9849935593147965	0	-8
7.435011148452759	605	2.9849935593147965	0	-11
7.440011262893677	594	2.9849935593147965	0	-12
7.445008039474487	582	2.9849935593147965	0	-17
7.450011491775513	565	2.9849935593147965	0	-26
7.4550089836120605	539	2.9850615401915026	1	-29
7.460004091262817	510	2.9850615401915026	0	-28
7.465004205703735	482	2.9850615401915026	0	-32
7.4700093269348145	450	2.9850615401915026	0	-45
7.475009918212891	405	2.9850615401915026	0	-48
7.480003118515015	357	2.9850615401915026	0	-35
7.485001087188721	322	2.9850615401915026	0	-24
7.490008115768433	298	2.9850615401915026	0	-12
7.4950079917907715	286	2.9850615401915026	0	-8
7.500002145767212	278	2.9850615401915026	0	-4
7.505009889602661	274	2.9850615401915026	0	-2
7.510009527206421	272	2.9850615401915026	0	-2
7.515001058578491	270	2.9850615401915026	0	-1
7.52000093460083	269	2.9850615401915026	0	0
7.525008678436279	269	2.9850615401915026	0	4
7.530001163482666	273	2.9850615401915026	0	3
7.535011291503906	276	2.9850615401915026	0	6
7.540008783340454	282	2.9850615401915026	0	7
7.545006513595581	289	2.9850615401915026	0	8
7.5500030517578125	297	2.9850615401915026	0	11
7.555002927780151	308	2.9850615401915026	0	16
7.560009717941284	324	2.9850615401915026	0	36
7.565001726150513	360	2.985127399618666	1	53
7.570000648498535	413	2.985127399618666	0	64
7.575010061264038	477	2.985127399618666	0	57
7.5800042152404785	534	2.985127399618666	0	39
7.5850043296813965	573	2.985127399618666	0	20
7.590010166168213	593	2.985127399618666	0	8
7.5950095653533936	601	2.985127399618666	0	-2
7.600004196166992	599	2.985127399618666	0	-8
7.60500431060791	591	2.985127399618666	0	-9
7.610004901885986	582	2.985127399618666	0	-15
7.615004539489746	567	2.985127399618666	0	-23
7.620008707046509	544	2.9850084298669937	1	-32
7.625004053115845	512	2.9850084298669937	0	-30
7.630011796951294	482	2.9850084298669937	0	-25
7.635003089904785	457	2.9850084298669937	0	-24
7.640001535415649	433	2.9850084298669937	0	-36
7.6450066566467285	397	2.9850084298669937	0	-40
7.650012016296387	357	2.9850084298669937	0	-33
7.655011415481567	324	2.9850084298669937	0	-19
7.660006284713745	305	2.9850084298669937	0	-13
7.665010452270508	292	2.9850084298669937	0	-7
7.670011281967163	285	2.9850084298669937	0	-3
7.675011157989502	282	2.9850084298669937	0	-5
7.680007696151733	277	2.9850084298669937	0	0
7.68501091003418	277	2.9850084298669937	0	-3
7.690005540847778	274	2.9850084298669937	0	2
7.695006847381592	276	2.9850084298669937	0	2
7.7000038623809814	278	2.9850084298669937	0	7
7.7050042152404785	285	2.9850084298669937	0	8
7.710005044937134	293	2.9850084298669937	0	8
7.7150068283081055	301	2.9850084298669937	0	13
7.72000789642334	314	2.9850084298669937	0	19
7.725006103515625	333	2.9850084298669937	0	37
7.730009317398071	370	2.9411999001438938	1	54
7.735003232955933	424	2.9411999001438938	0	61
7.740008592605591	485	2.9411999001438938	0	52
7.745009899139404	537	2.9411999001438938	0	41
7.750005006790161	578	2.9411999001438938	0	19
7.755001068115234	597	2.9411999001438938	0	13
7.760006427764893	610	2.9411999001438938	0	3
7.765006065368652	613	2.9411999001438938	0	-3
7.7700042724609375	610	2.9411999001438938	0	-8
7.775005102157593	602	2.9411999001438938	0	-13
7.780004024505615	589	2.9411999001438938	0	-13
7.785000801086426	576	2.9411999001438938	0	-22
7.790000677108765	554	2.985148645215105	1	-28
7.7950119972229	526	2.985148645215105	0	-29
7.8000078201293945	497	2.985148645215105	0	-28
7.805001497268677	469	2.985148645215105	0	-38
7.81000828742981	431	2.985148645215105	0	-50
7.815008640289307	381	2.985148645215105	0	-43
7.82000207901001	338	2.985148645215105	0	-30
7.825002670288086	308	2.985148645215105	0	-17
7.8300087451934814	291	2.985148645215105	0	-9
7.835007190704346	282	2.985148645215105	0	-6
7.840007066726685	276	2.985148645215105	0	-3
7.845007419586182	273	2.985148645215105	0	-2
7.850006818771362	271	2.985148645215105	0	-2
7.8550074100494385	269	2.985148645215105	0	0
7.860006809234619	269	2.985148645215105	0	3
7.86500096321106	272	2.985148645215105	0	2
7.87000846862793	274	2.985148645215105	0	5
7.8750059604644775	279	2.985148645215105	0	6
7.880000829696655	285	2.985148645215105	0	11
7.885006427764893	296	2.985148645215105	0	7
7.890002012252808	303	2.985148645215105	0	14
7.8950018882751465	317	2.985148645215105	0	29
7.900007009506226	346	2.985027549366101	1	48
7.90500545501709	394	2.985027549366101	0	62
7.910004138946533	456	2.985027549366101	0	66
7.915009498596191	522	2.985027549366101	0	42
7.92000150680542	564	2.985027549366101	0	20
7.9250054359436035	584	2.985027549366101	0	14
7.9300103187561035	598	2.985027549366101	0	4
7.9350011348724365	602	2.985027549366101	0	-5
7.940001487731934	597	2.985027549366101	0	-10
7.9450061321258545	587	2.985027549366101	0	-13
7.9500038623809814	574	2.985027549366101	0	-19
7.9550087451934814	555	2.985027549366101	0	-29
7.9600019454956055	526	2.9412349626762317	1	-33
7.965003252029419	493	2.9412349626762317	0	-25
7.970011472702026	468	2.9412349626762317	0	-23
7.975000858306885	445	2.9412349626762317	0	-31
7.980005979537964	414	2.9412349626762317	0	-39
7.985002279281616	375	2.9412349626762317	0	-35
7.990005731582642	340	2.9412349626762317	0	-26
7.995006084442139	314	2.9412349626762317	0	-16
8.000005722045898	298	2.9412349626762317	0	-9
8.005009651184082	289	2.9412349626762317	0	-5
8.01000428199768	284	2.9412349626762317	0	-4
8.01500654220581	280	2.9412349626762317	0	-2
8.02000117301941	278	2.9412349626762317	0	-3
8.025004625320435	275	2.9412349626762317	0	0
8.03000259399414	275	2.9412349626762317	0	1
8.035010814666748	276	2.9412349626762317	0	6
8.04000997543335	282	2.9412349626762317	0	5
8.045010089874268	287	2.9412349626762317	0	8
8.050009489059448	295	2.9412349626762317	0	8
8.055007696151733	303	2.9412349626762317	0	12
8.060003280639648	315	2.9412349626762317	0	23
8.065009117126465	338	2.9850764114210397	1	39
8.070007801055908	377	2.9850764114210397	0	56
8.075006008148193	433	2.9850764114210397	0	60
8.080007314682007	493	2.9850764114210397	0	52
8.085001230239868	545	2.9850764114210397	0	36
8.090003490447998	581	2.9850764114210397	0	19
8.095005512237549	600	2.9850764114210397	0	12
8.100008964538574	612	2.9850764114210397	0	2
8.105010986328125	614	2.9850764114210397	0	-1
8.110006332397461	613	2.9850764114210397	0	-14
8.115006685256958	599	2.9850764114210397	0	-10
8.12000322341919	589	2.9850764114210397	0	-12
8.125010251998901	577	2.9850764114210397	0	-23
8.13000750541687	554	2.941117403365281	1	-25
8.135008096694946	529	2.941117403365281	0	-31
8.140005588531494	498	2.941117403365281	0	-28
8.145007371902466	470	2.941117403365281	0	-36
8.150002479553223	434	2.941117403365281	0	-48
8.155002117156982	386	2.941117403365281	0	-45
8.160011291503906	341	2.941117403365281	0	-32
8.165006160736084	309	2.941117403365281	0	-17
8.170000791549683	292	2.941117403365281	0	-10
8.17500901222229	282	2.941117403365281	0	-5
8.180002212524414	277	2.941117403365281	0	-3
8.185004472732544	274	2.941117403365281	0	-3
8.190001249313354	271	2.941117403365281	0	1
8.195006847381592	272	2.941117403365281	0	-3
8.200009107589722	269	2.941117403365281	0	3
8.20500636100769	272	2.941117403365281	0	2
8.210010290145874	274	2.941117403365281	0	5
8.215009450912476	279	2.941117403365281	0	6
8.220000505447388	285	2.941117403365281	0	8
8.225000143051147	293	2.941117403365281	0	10
8.230005025863647	303	2.941117403365281	0	14
8.235011100769043	317	2.941117403365281	0	26
8.240004062652588	343	2.9412019626226553	1	46
8.245002269744873	389	2.9412019626226553	0	60
8.250011205673218	449	2.9412019626226553	0	65
8.25500750541687	514	2.9412019626226553	0	48
8.260000467300415	562	2.9412019626226553	0	30
8.26500940322876	592	2.9412019626226553	0	5
8.270002126693726	597	2.9412019626226553	0	2
8.275010585784912	599	2.9412019626226553	0	-2
8.280010223388672	597	2.9412019626226553	0	-11
8.285002708435059	586	2.9412019626226553	0	-15
8.290003538131714	571	2.9412019626226553	0	-21
8.295007228851318	550	2.985027549366101	1	-30
8.300001382827759	520	2.985027549366101	0	-34
8.305010080337524	486	2.985027549366101	0	-26
8.310000896453857	460	2.985027549366101	0	-23
8.315007448196411	437	2.985027549366101	0	-33
8.320011138916016	404	2.985027549366101	0	-42
8.325007438659668	362	2.985027549366101	0	-36
8.330002069473267	326	2.985027549366101	0	-20
8.335007190704346	306	2.985027549366101	0	-13
8.340004444122314	293	2.985027549366101	0	-7
8.34500527381897	286	2.985027549366101	0	-4
8.350010395050049	282	2.985027549366101	0	-4
8.355005741119385	278	2.985027549366101	0	-4
8.360007762908936	274	2.985027549366101	0	1
8.365010738372803	275	2.985027549366101	0	1
8.370001792907715	276	2.985027549366101	0	4
8.375008821487427	280	2.985027549366101	0	5
8.38000202178955	285	2.985027549366101	0	9
8.385009288787842	294	2.985027549366101	0	9
8.390005588531494	303	2.985027549366101	0	13
8.395005941390991	316	2.985027549366101	0	25
8.400008916854858	341	2.9850764114210397	1	44
8.405008792877197	385	2.9850764114210397	0	57
8.410001993179321	442	2.9850764114210397	0	59
8.415003299713135	501	2.9850764114210397	0	53
8.420010328292847	554	2.9850764114210397	0	32
8.42500901222229	586	2.9850764114210397	0	16
8.43000602722168	602	2.9850764114210397	0	10
8.435002088546753	612	2.9850764114210397	0	1
8.440011501312256	613	2.9850764114210397	0	-8
8.4450101852417	605	2.9850764114210397	0	-11
8.450005531311035	594	2.9850764114210397	0	-13
8.455001592636108	581	2.9850764114210397	0	-16
8.46000075340271	565	2.9850764114210397	0	-21
8.465004682540894	544	2.9850997807953994	1	-35
8.470004081726074	509	2.9850997807953994	0	-30
8.475000619888306	479	2.9850997807953994	0	-30
8.480003356933594	449	2.9850997807953994	0	-47
8.485002279281616	402	2.9850997807953994	0	-48
8.490007638931274	354	2.9850997807953994	0	-37
8.495002508163452	317	2.9850997807953994	0	-20
8.50000810623169	297	2.9850997807953994	0	-12
8.505008220672607	285	2.9850997807953994	0	-7
8.510001182556152	278	2.9850997807953994	0	-4
8.515001058578491	274	2.9850997807953994	0	-3
8.52001166343689	271	2.9850997807953994	0	-2
8.525011539459229	269	2.9850997807953994	0	-1
8.530004501342773	268	2.9850997807953994	0	2
8.535010814666748	270	2.9850997807953994	0	3
8.540000915527344	273	2.9850997807953994	0	3
8.545005798339844	276	2.9850997807953994	0	6
8.550003051757812	282	2.9850997807953994	0	8
8.555003881454468	290	2.9850997807953994	0	7
8.560011148452759	297	2.9850997807953994	0	12
8.565006494522095	309	2.9850997807953994	0	19
8.5700101852417	328	2.9850997807953994	0	37
8.575002431869507	365	2.9850891583071486	1	53
8.580007314682007	418	2.9850891583071486	0	61
8.58501124382019	479	2.9850891583071486	0	60
8.590002536773682	539	2.9850891583071486	0	38
8.595002889633179	577	2.9850891583071486	0	17
8.600008249282837	594	2.9850891583071486	0	8
8.605008602142334	602	2.9850891583071486	0	0
8.610006093978882	602	2.9850891583071486	0	-6
8.615000486373901	596	2.9850891583071486	0	-12
8.620008945465088	584	2.9850891583071486	0	-14
8.625003099441528	570	2.9850891583071486	0	-25
8.630002737045288	545	2.98511465240596	1	-34
8.635002851486206	511	2.98511465240596	0	-34
8.640008687973022	477	2.98511465240596	0	-20
8.645010471343994	457	2.98511465240596	0	-23
8.650003433227539	434	2.98511465240596	0	-34
8.655008554458618	400	2.98511465240596	0	-40
8.66000247001648	360	2.98511465240596	0	-34
8.665009498596191	326	2.98511465240596	0	-20
8.670007705688477	306	2.98511465240596	0	-13
8.675000429153442	293	2.98511465240596	0	-7
8.680001497268677	286	2.98511465240596	0	-4
8.685009479522705	282	2.98511465240596	0	-3
8.690006256103516	279	2.98511465240596	0	-2
8.695001602172852	277	2.98511465240596	0	-1
8.700005769729614	276	2.98511465240596	0	0
8.705008506774902	276	2.98511465240596	0	2
8.710005044937134	278	2.98511465240596	0	5
8.715010643005371	283	2.98511465240596	0	9
8.72001051902771	292	2.98511465240596	0	9
8.725005626678467	301	2.98511465240596	0	10
8.730000257492065	311	2.98511465240596	0	20
8.73500108718872	331	2.98511465240596	0	34
8.74000597000122	365	2.9412019626226553	1	53
8.745001077651978	418	2.9412019626226553	0	60
8.750004053115845	478	2.9412019626226553	0	55
8.755007266998291	533	2.9412019626226553	0	40
8.760002851486206	573	2.9412019626226553	0	24
8.765005350112915	597	2.9412019626226553	0	13
8.770003080368042	610	2.9412019626226553	0	3
8.775010585784912	613	2.9412019626226553	0	-1
8.780000925064087	612	2.9412019626226553	0	-10
8.785005331039429	602	2.9412019626226553	0	-13
8.790006637573242	589	2.9412019626226553	0	-12
8.795009851455688	577	2.9412019626226553	0	-22
8.800004959106445	555	2.985072162483195	1	-27
8.805000305175781	528	2.985072162483195	0	-30
8.810003995895386	498	2.985072162483195	0	-29
8.815008163452148	469	2.985072162483195	0	-35
8.82000470161438	434	2.985072162483195	0	-49
8.825006246566772	385	2.985072162483195	0	-45
8.830004215240479	340	2.985072162483195	0	-31
8.835011720657349	309	2.985072162483195	0	-18
8.840007066726685	291	2.985072162483195	0	-9
8.845011234283447	282	2.985072162483195	0	-5
8.850002527236938	277	2.985072162483195	0	-3
8.855005264282227	274	2.985072162483195	0	-3
8.860010623931885	271	2.985072162483195	0	-2
8.865004539489746	269	2.985072162483195	0	0
8.870006084442139	269	2.985072162483195	0	3
8.875000238418579	272	2.985072162483195	0	2
8.880010604858398	274	2.985072162483195	0	5
8.885006666183472	279	2.985072162483195	0	7
8.890010833740234	286	2.985072162483195	0	8
8.895011186599731	294	2.985072162483195	0	10
8.900001764297485	304	2.985072162483195	0	14
8.905002117156982	318	2.985072162483195	0	31
8.910007953643799	349	2.985025424965216	1	48
8.915005207061768	397	2.985025424965216	0	67
8.920007228851318	464	2.985025424965216	0	61
8.925008296966553	525	2.985025424965216	0	41
8.930007696151733	566	2.985025424965216	0	23
8.935010194778442	589	2.985025424965216	0	8
8.940006971359253	597	2.985025424965216	0	4
8.945003509521484	601	2.985025424965216	0	-5
8.95000958442688	596	2.985025424965216	0	-12
8.955000877380371	584	2.985025424965216	0	-17
8.96001124382019	567	2.985025424965216	0	-22
8.965006113052368	545	2.9850445446820384	1	-33
8.970005750656128	512	2.9850445446820384	0	-31
8.97500491142273	481	2.9850445446820384	0	-24
8.980006456375122	457	2.9850445446820384	0	-27
8.985001564025879	430	2.9850445446820384	0	-36
8.99001145362854	394	2.9850445446820384	0	-40
8.995007276535034	354	2.9850445446820384	0	-32
9.000009298324585	322	2.9850445446820384	0	-20
9.005009651184082	302	2.9850445446820384	0	-10
9.010009765625	292	2.9850445446820384	0	-7
9.015002965927124	285	2.9850445446820384	0	-3
9.020007133483887	282	2.9850445446820384	0	-4
9.025007486343384	278	2.9850445446820384	0	-2
9.030001401901245	276	2.9850445446820384	0	0
9.035002946853638	276	2.9850445446820384	0	0
9.040011644363403	276	2.9850445446820384	0	3
9.045002460479736	279	2.9850445446820384	0	7
9.050002813339233	286	2.9850445446820384	0	8
9.055004835128784	294	2.9850445446820384	0	8
9.060000896453857	302	2.9850445446820384	0	13
9.065006256103516	315	2.9850445446820384	0	22
9.070009708404541	337	3.0302687019194647	1	41
9.075005769729614	378	3.0302687019194647	0	56
9.080002784729004	434	3.0302687019194647	0	60
9.08500051498413	494	3.0302687019194647	0	52
9.090004444122314	546	3.0302687019194647	0	36
9.09501051902771	582	3.0302687019194647	0	20
9.100010633468628	602	3.0302687019194647	0	8
9.105001211166382	610	3.0302687019194647	0	3
9.110007286071777	613	3.0302687019194647	0	-6
9.115009307861328	607	3.0302687019194647	0	-10
9.120006322860718	597	3.0302687019194647	0	-11
9.125009298324585	586	3.0302687019194647	0	-15
9.130003690719604	571	3.0302687019194647	0	-22
9.135008811950684	549	2.985040295834911	1	-28
9.140002727508545	521	2.985040295834911	0	-31
9.145005464553833	490	2.985040295834911	0	-29
9.1500084400177	461	2.985040295834911	0	-43
9.155001640319824	418	2.985040295834911	0	-49
9.160002708435059	369	2.985040295834911	0	-41
9.165004014968872	328	2.985040295834911	0	-27
9.170007467269897	301	2.985040295834911	0	-13
9.175004720687866	288	2.985040295834911	0	-8
9.180009126663208	280	2.985040295834911	0	-5
9.18500828742981	275	2.985040295834911	0	-2
9.19000792503357	273	2.985040295834911	0	-3
9.195009231567383	270	2.985040295834911	0	-1
9.200007200241089	269	2.985040295834911	0	1
9.205007791519165	270	2.985040295834911	0	3
9.210005283355713	273	2.985040295834911	0	4
9.215006828308105	277	2.985040295834911	0	5
9.220004320144653	282	2.985040295834911	0	8
9.225009441375732	290	2.985040295834911	0	8
9.230011224746704	298	2.985040295834911	0	11
9.235000610351562	309	2.985040295834911	0	20
9.240009546279907	329	2.985040295834911	0	36
9.245006322860718	365	2.9850891583071486	1	57
9.250008344650269	422	2.9850891583071486	0	67
9.255006790161133	489	2.9850891583071486	0	55
9.26000714302063	544	2.9850891583071486	0	34
9.265007734298706	578	2.9850891583071486	0	16
9.270004749298096	594	2.9850891583071486	0	8
9.275002241134644	602	2.9850891583071486	0	-5
9.280004978179932	597	2.9850891583071486	0	-7
9.285000562667847	590	2.9850891583071486	0	-14
9.290002822875977	576	2.9850891583071486	0	-18
9.295003175735474	558	2.9850891583071486	0	-28
9.300005197525024	530	2.985082784850486	1	-32
9.30501127243042	498	2.985082784850486	0	-28
9.310011625289917	470	2.985082784850486	0	-24
9.315011501312256	446	2.985082784850486	0	-29
9.320005655288696	417	2.985082784850486	0	-42
9.325007438659668	375	2.985082784850486	0	-37
9.330010652542114	338	2.985082784850486	0	-27
9.335008144378662	311	2.985082784850486	0	-14
9.340000629425049	297	2.985082784850486	0	-8
9.34500527381897	289	2.985082784850486	0	-6
9.350011348724365	283	2.985082784850486	0	-3
9.355004787445068	280	2.985082784850486	0	-3
9.360001802444458	277	2.985082784850486	0	-1
9.365009546279907	276	2.985082784850486	0	-1
9.370006799697876	275	2.985082784850486	0	2
9.375010251998901	277	2.985082784850486	0	6
9.380006790161133	283	2.985082784850486	0	7
9.385005474090576	290	2.985082784850486	0	9
9.390008449554443	299	2.985082784850486	0	10
9.395010232925415	309	2.985082784850486	0	21
9.400003910064697	330	3.030356275865258	1	32
9.405010223388672	362	3.030356275865258	0	51
9.41000747680664	413	3.030356275865258	0	62
9.415007829666138	475	3.030356275865258	0	58
9.420010089874268	533	3.030356275865258	0	40
9.425004720687866	573	3.030356275865258	0	24
9.430002212524414	597	3.030356275865258	0	10
9.435007333755493	607	3.030356275865258	0	6
9.440004348754883	613	3.030356275865258	0	-3
9.445005416870117	610	3.030356275865258	0	-11
9.450001239776611	599	3.030356275865258	0	-12
9.455002069473267	587	3.030356275865258	0	-13
9.460006475448608	574	3.030356275865258	0	-22
9.465008020401001	552	3.030310298912592	1	-30
9.470001459121704	522	3.030310298912592	0	-29
9.475002765655518	493	3.030310298912592	0	-29
9.480011701583862	464	3.030310298912592	0	-40
9.485005140304565	424	3.030310298912592	0	-51
9.49000597000122	373	3.030310298912592	0	-42
9.495007991790771	331	3.030310298912592	0	-30
9.500002384185791	301	3.030310298912592	0	-11
9.505004644393921	290	3.030310298912592	0	-9
9.510006189346313	281	3.030310298912592	0	-5
9.515005588531494	276	3.030310298912592	0	-3
9.520001888275146	273	3.030310298912592	0	-3
9.525006294250488	270	3.030310298912592	0	-1
9.530004024505615	269	3.030310298912592	0	0
9.535009860992432	269	3.030310298912592	0	3
9.54000735282898	272	3.030310298912592	0	4
9.545003890991211	276	3.030310298912592	0	5
9.550007343292236	281	3.030310298912592	0	7
9.555001497268677	288	3.030310298912592	0	8
9.560004234313965	296	3.030310298912592	0	10
9.565005779266357	306	3.030310298912592	0	19
9.570002555847168	325	3.030310298912592	0	28
9.575011730194092	353	3.030253376999342	1	48
9.580006837844849	401	3.030253376999342	0	63
9.585007667541504	464	3.030253376999342	0	61
9.590008020401001	525	3.030253376999342	0	42
9.595002889633179	567	3.030253376999342	0	23
9.600000381469727	590	3.030253376999342	0	8
9.605003595352173	598	3.030253376999342	0	4
9.610009908676147	602	3.030253376999342	0	-5
9.615005731582642	597	3.030253376999342	0	-11
9.62000322341919	586	3.030253376999342	0	-16
9.625007629394531	570	3.030253376999342	0	-18
9.630002737045288	552	3.030253376999342	0	-32
9.635005235671997	520	2.9850742869506055	1	-31
9.640011548995972	489	2.9850742869506055	0	-25
9.645002603530884	464	2.9850742869506055	0	-25
9.650007247924805	439	2.9850742869506055	0	-30
9.655000448226929	409	2.9850742869506055	0	-42
9.660011291503906	367	2.9850742869506055	0	-35
9.665008783340454	332	2.9850742869506055	0	-23
9.670007944107056	309	2.9850742869506055	0	-14
9.675006866455078	295	2.9850742869506055	0	-7
9.68000054359436	288	2.9850742869506055	0	-5
9.685007095336914	283	2.9850742869506055	0	-6
9.690000295639038	277	2.9850742869506055	0	0
9.695009708404541	277	2.9850742869506055	0	0
9.700008869171143	277	2.9850742869506055	0	-2
9.705009937286377	275	2.9850742869506055	0	2
9.71000075340271	277	2.9850742869506055	0	4
9.715000629425049	281	2.9850742869506055	0	8
9.720003128051758	289	2.9850742869506055	0	9
9.725007772445679	298	2.9850742869506055	0	9
9.730006694793701	307	2.9850742869506055	0	15
9.735000133514404	322	2.9850742869506055	0	27
9.740005493164062	349	2.9411627760208123	1	44
9.74500584602356	393	2.9411627760208123	0	57
9.750003337860107	450	2.9411627760208123	0	59
9.755001068115234	509	2.9411627760208123	0	48
9.760006427764893	557	2.9411627760208123	0	32
9.765005111694336	589	2.9411627760208123	0	14
9.770005464553833	603	2.9411627760208123	0	10
9.77500295639038	613	2.9411627760208123	0	1
9.78000283241272	614	2.9411627760208123	0	-7
9.785002708435059	607	2.9411627760208123	0	-10
9.790002584457397	597	2.9411627760208123	0	-11
9.795005559921265	586	2.9411627760208123	0	-16
9.800004243850708	570	2.9411627760208123	0	-20
9.805001735687256	550	2.9411627760208123	0	-33
9.810008525848389	517	2.8985464780789987	1	-28
9.815004587173462	489	2.8985464780789987	0	-30
9.820011377334595	459	2.8985464780789987	0	-39
9.825009107589722	420	2.8985464780789987	0	-50
9.830007314682007	370	2.8985464780789987	0	-41
9.83500361442566	329	2.8985464780789987	0	-27
9.840007543563843	302	2.8985464780789987	0	-14
9.845006942749023	288	2.8985464780789987	0	-7
9.850010633468628	281	2.8985464780789987	0	-5
9.85500431060791	276	2.8985464780789987	0	-3
9.860000133514404	273	2.8985464780789987	0	-3
9.865000247955322	270	2.8985464780789987	0	-1
9.870001077651978	269	2.8985464780789987	0	0
9.875004291534424	269	2.8985464780789987	0	3
9.880006790161133	272	2.8985464780789987	0	4
9.885010480880737	276	2.8985464780789987	0	3
9.890010833740234	279	2.8985464780789987	0	9
9.895002126693726	288	2.8985464780789987	0	7
9.900004386901855	295	2.8985464780789987	0	10
9.90501070022583	305	2.8985464780789987	0	17
9.910002946853638	322	2.8985464780789987	0	31
9.915003061294556	353	2.941251462980715	1	49
9.920006036758423	402	2.941251462980715	0	64
9.925006628036499	466	2.941251462980715	0	60
9.930006265640259	526	2.941251462980715	0	41
9.935005187988281	567	2.941251462980715	0	23
9.940001010894775	590	2.941251462980715	0	8
9.945011615753174	598	2.941251462980715	0	3
9.95000171661377	601	2.941251462980715	0	-5
9.955000877380371	596	2.941251462980715	0	-14
9.960002899169922	582	2.941251462980715	0	-15
9.965008974075317	567	2.941251462980715	0	-21
9.970005512237549	546	2.985072162483195	1	-33
9.975009679794312	513	2.985072162483195	0	-31
9.980010509490967	482	2.985072162483195	0	-25
9.985008239746094	457	2.985072162483195	0	-26
9.990010499954224	431	2.985072162483195	0	-34
9.995002508163452	397	2.985072162483195	0	0
