6.4373016357421875e-06	883	0	0	0
0.0050013065338134766	883	0	0	0
0.010001659393310547	883	0	0	0
0.015000581741333008	883	0	0	0
0.020000219345092773	883	0	0	1
0.02500152587890625	884	0	0	-1
0.03000020980834961	883	0	0	-3
0.03500103950500488	880	0	0	0
0.04000115394592285	880	0	0	-3
0.04500150680541992	877	0	0	-4
0.050002098083496094	873	0	0	-1
0.05500078201293945	872	0	0	-7
0.06000113487243652	865	0	0	-7
0.06500053405761719	858	0	0	-11
0.07000088691711426	847	0	0	-13
0.07500028610229492	834	0	0	-14
0.0800013542175293	820	0	0	-18
0.08500075340270996	802	0	0	-15
0.09000086784362793	787	0	0	-16
0.0950002670288086	771	0	0	-11
0.10000085830688477	760	0	0	-6
0.10500192642211914	754	0	0	-8
0.1100015640258789	746	0	0	0
0.11500144004821777	746	0	0	-6
0.12000060081481934	740	0	0	-2
0.1250002384185791	738	0	0	1
0.13000082969665527	739	0	0	-7
0.13500046730041504	732	0	0	1
0.1400008201599121	733	0	0	-4
0.14500188827514648	729	0	0	-3
0.15000104904174805	726	0	0	2
0.15500092506408691	728	0	0	-5
0.16000056266784668	723	0	0	2
0.16500091552734375	725	0	0	-3
0.17000126838684082	722	0	0	0
0.17500042915344238	722	0	0	1
0.18000173568725586	723	0	0	-2
0.18500161170959473	721	0	0	4
0.1900007724761963	725	0	0	2
0.19500064849853516	727	0	0	5
0.20000100135803223	732	0	0	14
0.2050008773803711	746	0	0	16
0.21000218391418457	762	0	0	28
0.21500039100646973	790	0	1	29
0.220001220703125	819	0	0	26
0.22500038146972656	845	0	0	17
0.23000049591064453	862	0	0	10
0.2350006103515625	872	0	0	6
0.24000167846679688	878	0	0	2
0.24500036239624023	880	0	0	3
0.2500007152557373	883	0	0	1
0.2550008296966553	884	0	0	0
0.26000118255615234	884	0	0	0
0.2650015354156494	884	0	0	-3
0.2700016498565674	881	0	0	-2
0.27500033378601074	879	0	0	-8
0.280001163482666	871	0	0	-14
0.2850003242492676	857	0	0	-23
0.29000043869018555	834	3.333331214058422	1	-34
0.2950015068054199	800	3.333331214058422	0	-36
0.3000009059906006	764	3.333331214058422	0	-24
0.30500030517578125	740	3.333331214058422	0	-18
0.3100004196166992	722	3.333331214058422	0	-3
0.3150005340576172	719	3.333331214058422	0	-4
0.32000041007995605	715	3.333331214058422	0	-3
0.32500171661376953	712	3.333331214058422	0	2
0.3300018310546875	714	3.333331214058422	0	-3
0.33500123023986816	711	3.333331214058422	0	2
0.34000158309936523	713	3.333331214058422	0	0
0.3450016975402832	713	3.333331214058422	0	0
0.35000014305114746	713	3.333331214058422	0	2
0.35500168800354004	715	3.333331214058422	0	1
0.3600013256072998	716	3.333331214058422	0	9
0.36500120162963867	725	3.333331214058422	0	14
0.37000036239624023	739	3.333331214058422	0	31
0.3750004768371582	770	3.124998323620265	1	43
0.38000035285949707	813	3.124998323620265	0	34
0.38500070571899414	847	3.124998323620265	0	24
0.3900010585784912	871	3.124998323620265	0	9
0.3950014114379883	880	3.124998323620265	0	4
0.40000176429748535	884	3.124998323620265	0	5
0.4050004482269287	889	3.124998323620265	0	-1
0.4100008010864258	888	3.124998323620265	0	1
0.41500020027160645	889	3.124998323620265	0	0
0.4200003147125244	889	3.124998323620265	0	0
0.4250001907348633	889	3.124998323620265	0	1
0.43000078201293945	890	3.124998323620265	0	-1
0.4350006580352783	889	3.124998323620265	0	1
0.4400007724761963	890	3.124998323620265	0	-4
0.44500160217285156	886	3.124998323620265	0	-5
0.450000524520874	881	3.124998323620265	0	-7
0.4550004005432129	874	3.124998323620265	0	-23
0.46000170707702637	851	3.0612080458539723	1	-34
0.46500134468078613	817	3.0612080458539723	0	-39
0.4700021743774414	778	3.0612080458539723	0	-22
0.47500014305114746	756	3.0612080458539723	0	-9
0.48000025749206543	747	3.0612080458539723	0	-9
0.4850013256072998	738	3.0612080458539723	0	-2
0.49000120162963867	736	3.0612080458539723	0	-5
0.49500012397766113	731	3.0612080458539723	0	-4
0.5000016689300537	727	3.0612080458539723	0	-2
0.5050010681152344	725	3.0612080458539723	0	-3
0.5100018978118896	722	3.0612080458539723	0	1
0.5150012969970703	723	3.0612080458539723	0	-1
0.5200009346008301	722	3.0612080458539723	0	1
0.5250005722045898	723	3.0612080458539723	0	3
0.5300018787384033	726	3.0612080458539723	0	6
0.5350010395050049	732	3.0612080458539723	0	19
0.5400011539459229	751	3.0612080458539723	0	28
0.5450005531311035	779	3.0303015415559766	1	37
0.5500009059906006	816	3.0303015415559766	0	33
0.5550010204315186	849	3.0303015415559766	0	17
0.5600013732910156	866	3.0303015415559766	0	9
0.5650019645690918	875	3.0303015415559766	0	4
0.5700006484985352	879	3.0303015415559766	0	3
0.5750014781951904	882	3.0303015415559766	0	2
0.5800013542175293	884	3.0303015415559766	0	-2
0.5850012302398682	882	3.0303015415559766	0	-1
0.5900013446807861	881	3.0303015415559766	0	-5
0.5950009822845459	876	3.0303015415559766	0	-8
0.6000003814697266	868	3.0303015415559766	0	-20
0.60500168800354	848	3.0303015415559766	0	-37
0.6100001335144043	811	3.125002980235081	1	-40
0.6150007247924805	771	3.125002980235081	0	-33
0.6200017929077148	738	3.125002980235081	0	-15
0.6250016689300537	723	3.125002980235081	0	-5
0.6300013065338135	718	3.125002980235081	0	-6
0.6350009441375732	712	3.125002980235081	0	0
0.6400020122528076	712	3.125002980235081	0	-1
0.645000696182251	711	3.125002980235081	0	0
0.6500003337860107	711	3.125002980235081	0	3
0.655001163482666	714	3.125002980235081	0	-2
0.660001277923584	712	3.125002980235081	0	5
0.665001630783081	717	3.125002980235081	0	3
0.6700003147125244	720	3.125002980235081	0	10
0.6750009059906006	730	3.125002980235081	0	28
0.6800014972686768	758	3.2786775551937164	1	40
0.6850004196166992	798	3.2786775551937164	0	44
0.6900010108947754	842	3.2786775551937164	0	25
0.6950008869171143	867	3.2786775551937164	0	12
0.700000524520874	879	3.2786775551937164	0	6
0.7050004005432129	885	3.2786775551937164	0	2
0.7100009918212891	887	3.2786775551937164	0	2
0.7150015830993652	889	3.2786775551937164	0	0
0.7200016975402832	889	3.2786775551937164	0	-1
0.725001335144043	888	3.2786775551937164	0	3
0.7300002574920654	891	3.2786775551937164	0	-2
0.7350013256072998	889	3.2786775551937164	0	1
0.740001916885376	890	3.2786775551937164	0	-2
0.7450001239776611	888	3.2786775551937164	0	-4
0.7500007152557373	884	3.2786775551937164	0	-4
0.7550020217895508	880	3.2786775551937164	0	-18
0.760000467300415	862	3.2786775551937164	0	-32
0.7650015354156494	830	3.2786903699164047	1	-43
0.7700018882751465	787	3.2786903699164047	0	-28
0.7750003337860107	759	3.2786903699164047	0	-10
0.7800009250640869	749	3.2786903699164047	0	-10
0.7850010395050049	739	3.2786903699164047	0	-2
0.7900002002716064	737	3.2786903699164047	0	-5
0.795001745223999	732	3.2786903699164047	0	-4
0.8000016212463379	728	3.2786903699164047	0	0
0.805001974105835	728	3.2786903699164047	0	-6
0.8100018501281738	722	3.2786903699164047	0	1
0.8150007724761963	723	3.2786903699164047	0	-2
0.8200008869171143	721	3.2786903699164047	0	1
0.8250014781951904	722	3.2786903699164047	0	3
0.8300008773803711	725	3.2786903699164047	0	4
0.8350014686584473	729	3.2786903699164047	0	16
0.8400001525878906	745	3.2786903699164047	0	24
0.8450021743774414	769	3.333315319582484	1	36
0.850001335144043	805	3.333315319582484	0	35
0.85500168800354	840	3.333315319582484	0	19
0.8600010871887207	859	3.333315319582484	0	14
0.865001916885376	873	3.333315319582484	0	6
0.8700001239776611	879	3.333315319582484	0	2
0.8750011920928955	881	3.333315319582484	0	3
0.8800005912780762	884	3.333315319582484	0	-1
0.8850009441375732	883	3.333315319582484	0	1
0.890000581741333	884	3.333315319582484	0	-5
0.8950009346008301	879	3.333315319582484	0	-9
0.9000020027160645	870	3.333315319582484	0	-18
0.9050009250640869	852	3.333315319582484	0	-35
0.9100010395050049	817	3.3333232668015054	1	-40
0.9150009155273438	777	3.3333232668015054	0	-34
0.9200005531311035	743	3.3333232668015054	0	-17
0.9250004291534424	726	3.3333232668015054	0	-6
0.9300017356872559	720	3.3333232668015054	0	-8
0.9350018501281738	712	3.3333232668015054	0	1
0.9400017261505127	713	3.3333232668015054	0	-3
0.945000410079956	710	3.3333232668015054	0	1
0.9500007629394531	711	3.3333232668015054	0	3
0.9550001621246338	714	3.3333232668015054	0	-3
0.9600009918212891	711	3.3333232668015054	0	3
0.9650013446807861	714	3.3333232668015054	0	1
0.9700007438659668	715	3.3333232668015054	0	3
0.9750003814697266	718	3.3333232668015054	0	13
0.9800014495849609	731	3.3333232668015054	0	17
0.9850013256072998	748	3.3333232668015054	0	40
0.9900004863739014	788	3.22581697084362	1	41
0.9950013160705566	829	3.22581697084362	0	30
1.0000011920928955	859	3.22581697084362	0	17
1.0050008296966553	876	3.22581697084362	0	6
1.0100014209747314	882	3.22581697084362	0	5
1.015000581741333	887	3.22581697084362	0	1
1.0200004577636719	888	3.22581697084362	0	0
1.0250015258789062	888	3.22581697084362	0	1
1.0300018787384033	889	3.22581697084362	0	0
1.0350017547607422	889	3.22581697084362	0	1
1.0400002002716064	890	3.22581697084362	0	-1
1.0450019836425781	889	3.22581697084362	0	0
1.0500013828277588	889	3.22581697084362	0	-2
1.0550005435943604	887	3.22581697084362	0	-6
1.0600006580352783	881	3.22581697084362	0	-11
1.0650010108947754	870	3.22581697084362	0	-25
1.0700008869171143	845	3.278695495833529	1	-38
1.075000286102295	807	3.278695495833529	0	-32
1.080000638961792	775	3.278695495833529	0	-23
1.0850021839141846	752	3.278695495833529	0	-6
1.0900013446807861	746	3.278695495833529	0	-6
1.0950016975402832	740	3.278695495833529	0	-6
1.100001335144043	734	3.278695495833529	0	-2
1.1050012111663818	732	3.278695495833529	0	-6
1.1100013256072998	726	3.278695495833529	0	-1
1.1150002479553223	725	3.278695495833529	0	-1
1.1200006008148193	724	3.278695495833529	0	-2
1.1250011920928955	722	3.278695495833529	0	1
1.1300015449523926	723	3.278695495833529	0	-2
1.135000467300415	721	3.278695495833529	0	6
1.1400010585784912	727	3.278695495833529	0	4
1.1450018882751465	731	3.278695495833529	0	15
1.1500005722045898	746	3.278695495833529	0	29
1.155001163482666	775	3.22581697084362	1	33
1.1600017547607422	808	3.22581697084362	0	35
1.1650006771087646	843	3.22581697084362	0	21
1.1700212955474854	864	3.22581697084362	0	10
1.1750001907348633	874	3.22581697084362	0	6
1.1800007820129395	880	3.22581697084362	0	3
1.1850016117095947	883	3.22581697084362	0	0
1.1900005340576172	883	3.22581697084362	0	0
1.1950018405914307	883	3.22581697084362	0	-2
1.2000007629394531	881	3.22581697084362	0	-2
1.205000877380371	879	3.22581697084362	0	-7
1.2100005149841309	872	3.22581697084362	0	-12
1.2150001525878906	860	3.22581697084362	0	-28
1.220001220703125	832	3.225804566097667	1	-38
1.225001335144043	794	3.225804566097667	0	-37
1.2300002574920654	757	3.225804566097667	0	-25
1.2350001335144043	732	3.225804566097667	0	-12
1.2400002479553223	720	3.225804566097667	0	-4
1.2450003623962402	716	3.225804566097667	0	-5
1.2500486373901367	711	3.225804566097667	0	2
1.2550013065338135	713	3.225804566097667	0	-2
1.2600016593933105	711	3.225804566097667	0	2
1.2650017738342285	713	3.225804566097667	0	1
1.2700018882751465	714	3.225804566097667	0	-1
1.2750003337860107	713	3.225804566097667	0	5
1.2800207138061523	718	3.225804566097667	0	1
1.2850022315979004	719	3.225804566097667	0	12
1.2900004386901855	731	3.225804566097667	0	24
1.2950012683868408	755	3.2786801181302403	1	41
1.300001621246338	796	3.2786801181302403	0	43
1.3050076961517334	839	3.2786801181302403	0	26
1.3100008964538574	865	3.2786801181302403	0	14
1.3150007724761963	879	3.2786801181302403	0	6
1.3200013637542725	885	3.2786801181302403	0	3
1.3250010013580322	888	3.2786801181302403	0	1
1.3300011157989502	889	3.2786801181302403	0	0
1.3350017070770264	889	3.2786801181302403	0	15
1.3400001525878906	904	3.2786801181302403	0	-13
1.345001459121704	891	3.2786801181302403	0	0
1.3500018119812012	891	3.2786801181302403	0	-1
1.35500168800354	890	3.2786801181302403	0	-1
1.360001802444458	889	3.2786801181302403	0	-1
1.365001916885376	888	3.2786801181302403	0	-4
1.3700015544891357	884	3.2786801181302403	0	-8
1.3750011920928955	876	3.2786801181302403	0	-14
1.3800017833709717	862	3.2786801181302403	0	-35
1.3850014209747314	827	3.174597792323389	1	-38
1.3900017738342285	789	3.174597792323389	0	-28
1.3950004577636719	761	3.174597792323389	0	-14
1.4000003337860107	747	3.174597792323389	0	-4
1.4050018787384033	743	3.174597792323389	0	-9
1.410001516342163	734	3.174597792323389	0	-1
1.4150018692016602	733	3.174597792323389	0	-4
1.4200005531311035	729	3.174597792323389	0	-4
1.4250915050506592	725	3.174597792323389	0	1
1.430006980895996	726	3.174597792323389	0	-5
1.4350018501281738	721	3.174597792323389	0	2
1.4400017261505127	723	3.174597792323389	0	0
1.4450013637542725	723	3.174597792323389	0	-1
1.4500012397766113	722	3.174597792323389	0	7
1.4550013542175293	729	3.174597792323389	0	9
1.46000075340271	738	3.174597792323389	0	26
1.4650003910064697	764	3.225814489886797	1	34
1.4700007438659668	798	3.225814489886797	0	35
1.4750010967254639	833	3.225814489886797	0	25
1.4800012111663818	858	3.225814489886797	0	13
1.4850010871887207	871	3.225814489886797	0	7
1.4900009632110596	878	3.225814489886797	0	3
1.4950015544891357	881	3.225814489886797	0	3
1.5000007152557373	884	3.225814489886797	0	0
1.5050015449523926	884	3.225814489886797	0	0
1.5100061893463135	884	3.225814489886797	0	-2
1.5150020122528076	882	3.225814489886797	0	-6
1.5200016498565674	876	3.225814489886797	0	-8
1.5250005722045898	868	3.225814489886797	0	-19
1.5300004482269287	849	3.225814489886797	0	-31
1.535001277923584	818	3.1746025979294674	1	-36
1.540001392364502	782	3.1746025979294674	0	-34
1.5450003147125244	748	3.1746025979294674	0	-20
1.550001621246338	728	3.1746025979294674	0	-7
1.5550007820129395	721	3.1746025979294674	0	-7
1.5600006580352783	714	3.1746025979294674	0	0
1.565000295639038	714	3.1746025979294674	0	-2
1.5700008869171143	712	3.1746025979294674	0	0
1.575000286102295	712	3.1746025979294674	0	2
1.5800011157989502	714	3.1746025979294674	0	-2
1.5850019454956055	712	3.1746025979294674	0	1
1.5900013446807861	713	3.1746025979294674	0	2
1.595001459121704	715	3.1746025979294674	0	3
1.6000008583068848	718	3.1746025979294674	0	8
1.6050002574920654	726	3.1746025979294674	0	15
1.6100001335144043	741	3.1746025979294674	0	35
1.6150014400482178	776	3.124998323620265	1	42
1.6200003623962402	818	3.124998323620265	0	33
1.6250007152557373	851	3.124998323620265	0	23
1.6300392150878906	874	3.124998323620265	0	7
1.635000228881836	881	3.124998323620265	0	5
1.6400020122528076	886	3.124998323620265	0	2
1.6450014114379883	888	3.124998323620265	0	0
1.6500017642974854	888	3.124998323620265	0	1
1.655000925064087	889	3.124998323620265	0	0
1.660001277923584	889	3.124998323620265	0	1
1.6650004386901855	890	3.124998323620265	0	0
1.67000150680542	890	3.124998323620265	0	0
1.675002098083496	890	3.124998323620265	0	-1
1.6800017356872559	889	3.124998323620265	0	-2
1.6850013732910156	887	3.124998323620265	0	-2
1.6900017261505127	885	3.124998323620265	0	-6
1.6950018405914307	879	3.124998323620265	0	-16
1.7000019550323486	863	3.124998323620265	0	-28
1.705000877380371	835	3.125005308547693	1	-38
1.7100014686584473	797	3.125005308547693	0	-28
1.7150380611419678	769	3.125005308547693	0	-17
1.7200007438659668	752	3.125005308547693	0	-8
1.7250010967254639	744	3.125005308547693	0	-4
1.7300009727478027	740	3.125005308547693	0	-6
1.7350001335144043	734	3.125005308547693	0	-1
1.7400007247924805	733	3.125005308547693	0	-6
1.7450003623962402	727	3.125005308547693	0	-2
1.7500312328338623	725	3.125005308547693	0	0
1.7550005912780762	725	3.125005308547693	0	-4
1.7600014209747314	721	3.125005308547693	0	1
1.7650017738342285	722	3.125005308547693	0	0
1.7700002193450928	722	3.125005308547693	0	2
1.7750015258789062	724	3.125005308547693	0	6
1.7800002098083496	730	3.125005308547693	0	9
1.7850022315979004	739	3.125005308547693	0	24
1.7900002002716064	763	3.0769248826979902	1	33
1.7950007915496826	796	3.0769248826979902	0	33
1.8000004291534424	829	3.0769248826979902	0	27
1.8050003051757812	856	3.0769248826979902	0	12
1.8100008964538574	868	3.0769248826979902	0	9
1.8150005340576172	877	3.0769248826979902	0	4
1.8200011253356934	881	3.0769248826979902	0	1
1.8250007629394531	882	3.0769248826979902	0	2
1.8300018310546875	884	3.0769248826979902	0	-1
1.8350005149841309	883	3.0769248826979902	0	0
1.8400013446807861	883	3.0769248826979902	0	-2
1.845001459121704	881	3.0769248826979902	0	-6
1.8500008583068848	875	3.0769248826979902	0	-12
1.8550012111663818	863	3.0769248826979902	0	-20
1.8600001335144043	843	3.0769248826979902	0	-30
1.8650004863739014	813	3.030310298912592	1	-37
1.8700010776519775	776	3.030310298912592	0	-32
1.8750004768371582	744	3.030310298912592	0	-14
1.880000352859497	730	3.030310298912592	0	-12
1.8850018978118896	718	3.030310298912592	0	-5
1.8900017738342285	713	3.030310298912592	0	-1
1.8950011730194092	712	3.030310298912592	0	-1
1.9000005722045898	711	3.030310298912592	0	2
1.9050018787384033	713	3.030310298912592	0	-2
1.9100008010864258	711	3.030310298912592	0	2
1.915001392364502	713	3.030310298912592	0	0
1.9200019836425781	713	3.030310298912592	0	1
1.9250006675720215	714	3.030310298912592	0	5
1.9300010204315186	719	3.030310298912592	0	4
1.9350004196166992	723	3.030310298912592	0	15
1.9400012493133545	738	3.030310298912592	0	29
1.945000171661377	767	3.030314677609881	1	42
1.9500017166137695	809	3.030314677609881	0	39
1.9550020694732666	848	3.030314677609881	0	21
1.9600005149841309	869	3.030314677609881	0	12
1.965001106262207	881	3.030314677609881	0	4
1.9700002670288086	885	3.030314677609881	0	3
1.9750003814697266	888	3.030314677609881	0	1
1.98000168800354	889	3.030314677609881	0	-1
1.9850013256072998	888	3.030314677609881	0	2
1.9900009632110596	890	3.030314677609881	0	0
1.9950010776519775	890	3.030314677609881	0	0
2.0000007152557373	890	3.030314677609881	0	0
2.005002021789551	890	3.030314677609881	0	-1
2.0100018978118896	889	3.030314677609881	0	-1
2.0150015354156494	888	3.030314677609881	0	-4
2.020000696182251	884	3.030314677609881	0	-6
2.02500057220459	878	3.030314677609881	0	-12
2.0300018787384033	866	3.030314677609881	0	-25
2.035001277923584	841	3.0302993522247315	1	-34
2.040013313293457	807	3.0302993522247315	0	-33
2.04500150680542	774	3.0302993522247315	0	-20
2.050001859664917	754	3.0302993522247315	0	-7
2.055001974105835	747	3.0302993522247315	0	-7
2.0600013732910156	740	3.0302993522247315	0	-3
2.065000295639038	737	3.0302993522247315	0	-4
2.0700018405914307	733	3.0302993522247315	0	-4
2.0750014781951904	729	3.0302993522247315	0	-1
2.080000162124634	728	3.0302993522247315	0	-4
2.085000514984131	724	3.0302993522247315	0	0
2.090001106262207	724	3.0302993522247315	0	-2
2.095001220703125	722	3.0302993522247315	0	-1
2.1000659465789795	721	3.0302993522247315	0	2
2.105001211166382	723	3.0302993522247315	0	1
2.1100008487701416	724	3.0302993522247315	0	9
2.1150002479553223	733	3.0302993522247315	0	17
2.120002031326294	750	3.0302993522247315	0	24
2.1250007152557373	774	2.985070038018809	1	38
2.1300013065338135	812	2.985070038018809	0	30
2.135000228881836	842	2.985070038018809	0	20
2.140000581741333	862	2.985070038018809	0	11
2.1450014114379883	873	2.985070038018809	0	4
2.150000810623169	877	2.985070038018809	0	5
2.1550004482269287	882	2.985070038018809	0	-1
2.1600003242492676	881	2.985070038018809	0	3
2.1650099754333496	884	2.985070038018809	0	0
2.17000150680542	884	2.985070038018809	0	-4
2.1750011444091797	880	2.985070038018809	0	-1
2.1800010204315186	879	2.985070038018809	0	-9
2.1850461959838867	870	2.985070038018809	0	-13
2.1900012493133545	857	2.985070038018809	0	-26
2.195000648498535	831	3.0303015415559766	1	-35
2.2000019550323486	796	3.0303015415559766	0	-34
2.2050015926361084	762	3.0303015415559766	0	-26
2.210001230239868	736	3.0303015415559766	0	-12
2.215000629425049	724	3.0303015415559766	0	-6
2.220001697540283	718	3.0303015415559766	0	-5
2.2250001430511475	713	3.0303015415559766	0	1
2.2300984859466553	714	3.0303015415559766	0	-4
2.2350013256073	710	3.0303015415559766	0	4
2.2400002479553223	714	3.0303015415559766	0	-2
2.2450006008148193	712	3.0303015415559766	0	1
2.250002145767212	713	3.0303015415559766	0	2
2.2550017833709717	715	3.0303015415559766	0	0
2.260000705718994	715	3.0303015415559766	0	7
2.265001058578491	722	3.0303015415559766	0	11
2.270000457763672	733	3.0303015415559766	0	22
2.27500057220459	755	3.0302993522247315	1	43
2.280001640319824	798	3.0302993522247315	0	40
2.285000801086426	838	3.0302993522247315	0	27
2.2900006771087646	865	3.0302993522247315	0	15
2.295001745223999	880	3.0302993522247315	0	5
2.300001621246338	885	3.0302993522247315	0	3
2.3050003051757812	888	3.0302993522247315	0	0
2.310001850128174	888	3.0302993522247315	0	1
2.315035820007324	889	3.0302993522247315	0	1
2.3200743198394775	890	3.0302993522247315	0	1
2.325000762939453	891	3.0302993522247315	0	-1
2.330000638961792	890	3.0302993522247315	0	1
2.335001230239868	891	3.0302993522247315	0	-1
2.340001106262207	890	3.0302993522247315	0	-1
2.3450005054473877	889	3.0302993522247315	0	-3
2.350001573562622	886	3.0302993522247315	0	-3
2.3550007343292236	883	3.0302993522247315	0	-10
2.3600008487701416	873	3.0302993522247315	0	-17
2.3650004863739014	856	3.0302993522247315	0	-32
2.370000123977661	824	2.9850849093330165	1	-35
2.3750007152557373	789	2.9850849093330165	0	-24
2.3800010681152344	765	2.9850849093330165	0	-16
2.3850016593933105	749	2.9850849093330165	0	-5
2.390000820159912	744	2.9850849093330165	0	-6
2.3950021266937256	738	2.9850849093330165	0	-5
2.4000015258789062	733	2.9850849093330165	0	0
2.405000925064087	733	2.9850849093330165	0	-6
2.410000801086426	727	2.9850849093330165	0	-1
2.415001392364502	726	2.9850849093330165	0	-2
2.420001745223999	724	2.9850849093330165	0	-3
2.4250004291534424	721	2.9850849093330165	0	2
2.4300010204315186	723	2.9850849093330165	0	-2
2.4350011348724365	721	2.9850849093330165	0	4
2.4400010108947754	725	2.9850849093330165	0	5
2.445000410079956	730	2.9850849093330165	0	13
2.450000286102295	743	2.9850849093330165	0	23
2.4550013542175293	766	3.03029716289665	1	31
2.4600017070770264	797	3.03029716289665	0	36
2.465001344680786	833	3.03029716289665	0	23
2.470001459121704	856	3.03029716289665	0	15
2.4750001430511475	871	3.03029716289665	0	7
2.4800004959106445	878	3.03029716289665	0	3
2.4850006103515625	881	3.03029716289665	0	2
2.4900007247924805	883	3.03029716289665	0	0
2.4950015544891357	883	3.03029716289665	0	-1
2.500000476837158	882	3.03029716289665	0	1
2.505000352859497	883	3.03029716289665	0	-3
2.5100014209747314	880	3.03029716289665	0	-6
2.5150017738342285	874	3.03029716289665	0	-12
2.5200002193450928	862	3.03029716289665	0	-22
2.5250003337860107	840	3.030305920227957	1	-31
2.5300004482269287	809	3.030305920227957	0	-38
2.5350003242492676	771	3.030305920227957	0	-27
2.540001630783081	744	3.030305920227957	0	-16
2.545001268386841	728	3.030305920227957	0	-10
2.5500009059906006	718	3.030305920227957	0	-1
2.5550012588500977	717	3.030305920227957	0	-6
2.5600013732910156	711	3.030305920227957	0	2
2.5650017261505127	713	3.030305920227957	0	-1
2.5700008869171143	712	3.030305920227957	0	-2
2.575000524520874	710	3.030305920227957	0	4
2.5800015926361084	714	3.030305920227957	0	-2
2.585001230239868	712	3.030305920227957	0	4
2.5900003910064697	716	3.030305920227957	0	2
2.595001220703125	718	3.030305920227957	0	7
2.600001096725464	725	3.030305920227957	0	17
2.605001449584961	742	3.030305920227957	0	31
2.6100003719329834	773	2.9850764114210397	1	45
2.6150014400482178	818	2.9850764114210397	0	35
2.6200008392333984	853	2.9850764114210397	0	20
2.6250016689300537	873	2.9850764114210397	0	10
2.630000591278076	883	2.9850764114210397	0	3
2.6350014209747314	886	2.9850764114210397	0	2
2.640000820159912	888	2.9850764114210397	0	2
2.64500093460083	890	2.9850764114210397	0	1
2.65000057220459	891	2.9850764114210397	0	-1
2.6550002098083496	890	2.9850764114210397	0	0
2.660001754760742	890	2.9850764114210397	0	1
2.6650006771087646	891	2.9850764114210397	0	-1
2.6700003147125244	890	2.9850764114210397	0	-1
2.675001382827759	889	2.9850764114210397	0	0
2.6800012588500977	889	2.9850764114210397	0	-5
2.6850013732910156	884	2.9850764114210397	0	-6
2.6900014877319336	878	2.9850764114210397	0	-12
2.695000410079956	866	2.9850764114210397	0	-22
2.7000021934509277	844	3.0302840269945936	1	-33
2.7050013542175293	811	3.0302840269945936	0	-35
2.71000075340271	776	3.0302840269945936	0	-19
2.7150018215179443	757	3.0302840269945936	0	-11
2.720001220703125	746	3.0302840269945936	0	-6
2.725001573562622	740	3.0302840269945936	0	-4
2.7300007343292236	736	3.0302840269945936	0	-5
2.7350006103515625	731	3.0302840269945936	0	0
2.740001678466797	731	3.0302840269945936	0	-6
2.7450010776519775	725	3.0302840269945936	0	0
2.7500011920928955	725	3.0302840269945936	0	-1
2.755002021789551	724	3.0302840269945936	0	-4
2.7600009441375732	720	3.0302840269945936	0	3
2.765001058578491	723	3.0302840269945936	0	-1
2.77000093460083	722	3.0302840269945936	0	4
2.7750017642974854	726	3.0302840269945936	0	10
2.7800002098083496	736	3.0302840269945936	0	15
2.785001516342163	751	3.0302840269945936	0	29
2.7900004386901855	780	2.985082784850486	1	34
2.7950007915496826	814	2.985082784850486	0	31
2.8000006675720215	845	2.985082784850486	0	20
2.8050010204315186	865	2.985082784850486	0	8
2.810000419616699	873	2.985082784850486	0	7
2.8150010108947754	880	2.985082784850486	0	2
2.8200008869171143	882	2.985082784850486	0	2
2.8250014781951904	884	2.985082784850486	0	0
2.830000638961792	884	2.985082784850486	0	-1
2.8350002765655518	883	2.985082784850486	0	-1
2.8400003910064697	882	2.985082784850486	0	-4
2.8450002670288086	878	2.985082784850486	0	-8
2.850001573562622	870	2.985082784850486	0	-14
2.8550009727478027	856	2.985082784850486	0	-29
2.8600013256073	827	2.985065789099108	1	-33
2.8650002479553223	794	2.985065789099108	0	-34
2.8700013160705566	760	2.985065789099108	0	-26
2.8750014305114746	734	2.985065789099108	0	-9
2.8800015449523926	725	2.985065789099108	0	-9
2.8850009441375732	716	2.985065789099108	0	-2
2.890000343322754	714	2.985065789099108	0	-1
2.8950014114379883	713	2.985065789099108	0	-3
2.9000003337860107	710	2.985065789099108	0	3
2.9050021171569824	713	2.985065789099108	0	-2
2.910000801086426	711	2.985065789099108	0	3
2.915001153945923	714	2.985065789099108	0	-1
2.920001745223999	713	2.985065789099108	0	3
2.9250004291534424	716	2.985065789099108	0	7
2.9300007820129395	723	2.985065789099108	0	7
2.935002088546753	730	2.985065789099108	0	29
2.9400014877319336	759	3.0302927842499776	1	39
2.945000171661377	798	3.0302927842499776	0	40
2.9500010013580322	838	3.0302927842499776	0	28
2.9550015926361084	866	3.0302927842499776	0	12
2.96000075340271	878	3.0302927842499776	0	7
2.965001106262207	885	3.0302927842499776	0	3
2.9700005054473877	888	3.0302927842499776	0	1
2.975001335144043	889	3.0302927842499776	0	0
2.9800002574920654	889	3.0302927842499776	0	0
2.9850008487701416	889	3.0302927842499776	0	2
2.9900004863739014	891	3.0302927842499776	0	-1
2.995000123977661	890	3.0302927842499776	0	0
3.0000011920928955	890	3.0302927842499776	0	2
3.0050013065338135	892	3.0302927842499776	0	-4
3.010000228881836	888	3.0302927842499776	0	-1
3.015000820159912	887	3.0302927842499776	0	-5
3.020000696182251	882	3.0302927842499776	0	-11
3.0250003337860107	871	3.0302927842499776	0	-18
3.030001163482666	853	3.0302927842499776	0	-37
3.035001754760742	816	2.985078535894498	1	-34
3.0400006771087646	782	2.985078535894498	0	-24
3.0450003147125244	758	2.985078535894498	0	-12
3.0500009059906006	746	2.985078535894498	0	-3
3.0550007820129395	743	2.985078535894498	0	-7
3.0600016117095947	736	2.985078535894498	0	-2
3.065000295639038	734	2.985078535894498	0	-5
3.0700011253356934	729	2.985078535894498	0	-3
3.075000286102295	726	2.985078535894498	0	0
3.0800013542175293	726	2.985078535894498	0	-4
3.0850017070770264	722	2.985078535894498	0	0
3.090001344680786	722	2.985078535894498	0	0
3.0950002670288086	722	2.985078535894498	0	-1
3.1000001430511475	721	2.985078535894498	0	5
3.105001211166382	726	2.985078535894498	0	3
3.110001564025879	729	2.985078535894498	0	16
3.1150002479553223	745	2.985078535894498	0	21
3.120000123977661	766	3.030305920227957	1	30
3.1250011920928955	796	3.030305920227957	0	35
3.1300015449523926	831	3.030305920227957	0	23
3.135000705718994	854	3.030305920227957	0	15
3.140001058578491	869	3.030305920227957	0	7
3.145000696182251	876	3.030305920227957	0	4
3.1500017642974854	880	3.030305920227957	0	4
3.155001640319824	884	3.030305920227957	0	-2
3.160001516342163	882	3.030305920227957	0	2
3.165001392364502	884	3.030305920227957	0	-2
3.1700010299682617	882	3.030305920227957	0	-4
3.1750006675720215	878	3.030305920227957	0	-9
3.1800012588500977	869	3.030305920227957	0	-20
3.1850006580352783	849	3.030305920227957	0	-28
3.1900010108947754	821	3.030305920227957	1	-37
3.195000648498535	784	3.030305920227957	0	-33
3.2000010013580322	751	3.030305920227957	0	-18
3.2050013542175293	733	3.030305920227957	0	-13
3.21000075340271	720	3.030305920227957	0	-3
3.2150020599365234	717	3.030305920227957	0	-2
3.2200002670288086	715	3.030305920227957	0	-5
3.2250006198883057	710	3.030305920227957	0	3
3.2300004959106445	713	3.030305920227957	0	-3
3.235001802444458	710	3.030305920227957	0	3
3.2400014400482178	713	3.030305920227957	0	1
3.245001792907715	714	3.030305920227957	0	-2
3.2500007152557373	712	3.030305920227957	0	6
3.2550017833709717	718	3.030305920227957	0	0
3.260000467300415	718	3.030305920227957	0	11
3.2650015354156494	729	3.030305920227957	0	18
3.2700016498565674	747	3.030305920227957	0	35
3.2750015258789062	782	2.9850742869506055	1	43
3.280001401901245	825	2.9850742869506055	0	32
3.2850019931793213	857	2.9850742869506055	0	18
3.2900002002716064	875	2.9850742869506055	0	8
3.2950010299682617	883	2.9850742869506055	0	5
3.3000001907348633	888	2.9850742869506055	0	1
3.305001974105835	889	2.9850742869506055	0	1
3.3100719451904297	890	2.9850742869506055	0	-2
3.3150012493133545	888	2.9850742869506055	0	2
3.3200013637542725	890	2.9850742869506055	0	-1
3.3250019550323486	889	2.9850742869506055	0	2
3.330000400543213	891	2.9850742869506055	0	-1
3.335000514984131	890	2.9850742869506055	0	-1
3.340001106262207	889	2.9850742869506055	0	-2
3.3450019359588623	887	2.9850742869506055	0	-3
3.3500006198883057	884	2.9850742869506055	0	-8
3.355001211166382	876	2.9850742869506055	0	-20
3.3600010871887207	856	2.9850742869506055	0	-30
3.3650002479553223	826	3.0303168669632705	1	-34
3.370001792907715	792	3.0303168669632705	0	-31
3.3750014305114746	761	3.0303168669632705	0	-11
3.3800008296966553	750	3.0303168669632705	0	-9
3.3850014209747314	741	3.0303168669632705	0	-3
3.3900015354156494	738	3.0303168669632705	0	-3
3.39500093460083	735	3.0303168669632705	0	-4
3.4000015258789062	731	3.0303168669632705	0	-2
3.405000925064087	729	3.0303168669632705	0	-5
3.410001277923584	724	3.0303168669632705	0	0
3.4150002002716064	724	3.0303168669632705	0	-1
3.4200010299682617	723	3.0303168669632705	0	-2
3.425001859664917	721	3.0303168669632705	0	2
3.4300003051757812	723	3.0303168669632705	0	0
3.435000419616699	723	3.0303168669632705	0	6
3.440001964569092	729	3.0303168669632705	0	12
3.445091962814331	741	3.0303168669632705	0	20
3.450000286102295	761	3.0303168669632705	0	33
3.4550013542175293	794	2.985063664643793	1	34
3.460000991821289	828	2.985063664643793	0	25
3.4650015830993652	853	2.985063664643793	0	17
3.4700005054473877	870	2.985063664643793	0	6
3.4750003814697266	876	2.985063664643793	0	5
3.48000168800354	881	2.985063664643793	0	1
3.4850013256073	882	2.985063664643793	0	2
3.4900004863739014	884	2.985063664643793	0	3
3.4950010776519775	887	2.985063664643793	0	-5
3.500001907348633	882	2.985063664643793	0	-2
3.5050013065338135	880	2.985063664643793	0	-8
3.510000705718994	872	2.985063664643793	0	-10
3.515000820159912	862	2.985063664643793	0	-22
3.52000093460083	840	3.030303730890385	1	-36
3.5250015258789062	804	3.030303730890385	0	-34
3.5300002098083496	770	3.030303730890385	0	-31
3.535001516342163	739	3.030303730890385	0	-13
3.5400006771087646	726	3.030303730890385	0	-7
3.545001268386841	719	3.030303730890385	0	-4
3.550001382827759	715	3.030303730890385	0	-2
3.5550005435943604	713	3.030303730890385	0	-2
3.560000419616699	711	3.030303730890385	0	1
3.565001964569092	712	3.030303730890385	0	1
3.570000648498535	713	3.030303730890385	0	-1
3.5750017166137695	712	3.030303730890385	0	4
3.5800015926361084	716	3.030303730890385	0	-1
3.585001230239868	715	3.030303730890385	0	7
3.590001344680786	722	3.030303730890385	0	5
3.595001220703125	727	3.030303730890385	0	17
3.6000008583068848	744	3.030303730890385	0	37
3.605038642883301	781	3.029962232965102	1	40
3.6100010871887207	821	3.029962232965102	0	34
3.6150009632110596	855	3.029962232965102	0	18
3.620000123977661	873	3.029962232965102	0	8
3.6250014305114746	881	3.029962232965102	0	6
3.6300013065338135	887	3.029962232965102	0	1
3.635000467300415	888	3.029962232965102	0	1
3.640000820159912	889	3.029962232965102	0	0
3.6450018882751465	889	3.029962232965102	0	1
3.6500015258789062	890	3.029962232965102	0	1
3.6550002098083496	891	3.029962232965102	0	-1
3.660001754760742	890	3.029962232965102	0	1
3.665001630783081	891	3.029962232965102	0	-1
3.6700007915496826	890	3.029962232965102	0	-4
3.675001382827759	886	3.029962232965102	0	-1
3.680001974105835	885	3.029962232965102	0	-7
3.685001850128174	878	3.029962232965102	0	-10
3.6900014877319336	868	3.029962232965102	0	-29
3.6950020790100098	839	3.0302862163036943	1	-35
3.700000524520874	804	3.0302862163036943	0	-32
3.705000162124634	772	3.0302862163036943	0	-20
3.7100002765655518	752	3.0302862163036943	0	-6
3.715001344680786	746	3.0302862163036943	0	-6
3.720001459121704	740	3.0302862163036943	0	-8
3.7250008583068848	732	3.0302862163036943	0	2
3.7300004959106445	734	3.0302862163036943	0	-6
3.7350013256073	728	3.0302862163036943	0	-1
3.7400004863739014	727	3.0302862163036943	0	-3
3.7450013160705566	724	3.0302862163036943	0	-5
3.7500011920928955	719	3.0302862163036943	0	4
3.7550010681152344	723	3.0302862163036943	0	-2
3.760000705718994	721	3.0302862163036943	0	2
3.7650012969970703	723	3.0302862163036943	0	4
3.77000093460083	727	3.0302862163036943	0	5
3.7750003337860107	732	3.0302862163036943	0	17
3.780001401901245	749	3.0302862163036943	0	24
3.785001039505005	773	3.030305920227957	1	36
3.7900006771087646	809	3.030305920227957	0	33
3.7950003147125244	842	3.030305920227957	0	20
3.800001382827759	862	3.030305920227957	0	12
3.8050010204315186	874	3.030305920227957	0	5
3.810001850128174	879	3.030305920227957	0	3
3.8150014877319336	882	3.030305920227957	0	1
3.8200016021728516	883	3.030305920227957	0	0
3.8250014781951904	883	3.030305920227957	0	2
3.830000877380371	885	3.030305920227957	0	-3
3.835000991821289	882	3.030305920227957	0	-5
3.8400003910064697	877	3.030305920227957	0	-10
3.845001459121704	867	3.030305920227957	0	-21
3.8500006198883057	846	3.030305920227957	1	-27
3.855001449584961	819	3.030305920227957	0	-40
3.8600008487701416	779	3.030305920227957	0	-31
3.8650577068328857	748	3.030305920227957	0	-18
3.8700003623962402	730	3.030305920227957	0	-11
3.8750009536743164	719	3.030305920227957	0	-2
3.880000352859497	717	3.030305920227957	0	-6
3.8850009441375732	711	3.030305920227957	0	2
3.890000343322754	713	3.030305920227957	0	-1
3.895000457763672	712	3.030305920227957	0	-2
3.9000003337860107	710	3.030305920227957	0	3
3.905001163482666	713	3.030305920227957	0	-1
3.910000801086426	712	3.030305920227957	0	3
3.915001153945923	715	3.030305920227957	0	3
3.920001745223999	718	3.030305920227957	0	1
3.9250009059906006	719	3.030305920227957	0	12
3.9300003051757812	731	3.030305920227957	0	17
3.935001850128174	748	3.030305920227957	0	37
3.940000295639038	785	2.9854163656435797	1	42
3.9450013637542725	827	2.9854163656435797	0	28
3.9500012397766113	855	2.9854163656435797	0	21
3.9550020694732666	876	2.9854163656435797	0	6
3.9600017070770264	882	2.9854163656435797	0	4
3.965000867843628	886	2.9854163656435797	0	3
3.9700005054473877	889	2.9854163656435797	0	0
3.975001811981201	889	2.9854163656435797	0	1
3.9800007343292236	890	2.9854163656435797	0	0
3.9850013256073	890	2.9854163656435797	0	1
3.9900009632110596	891	2.9854163656435797	0	0
3.9950010776519775	891	2.9854163656435797	0	-2
4.000001668930054	889	2.9854163656435797	0	-1
4.005001068115234	888	2.9854163656435797	0	-2
4.010000944137573	886	2.9854163656435797	0	-3
4.01500129699707	883	2.9854163656435797	0	-8
4.02000093460083	875	2.9854163656435797	0	-19
4.025001287460327	856	2.9854163656435797	0	-29
4.030002117156982	827	2.9850742869506055	1	-38
4.035000562667847	789	2.9850742869506055	0	-24
4.040001630783081	765	2.9850742869506055	0	-14
4.045000791549683	751	2.9850742869506055	0	-9
4.050001859664917	742	2.9850742869506055	0	-2
4.055001258850098	740	2.9850742869506055	0	-7
4.060000658035278	733	2.9850742869506055	0	-1
4.065001964569092	732	2.9850742869506055	0	-4
4.070000171661377	728	2.9850742869506055	0	-4
4.0750017166137695	724	2.9850742869506055	0	1
4.0800018310546875	725	2.9850742869506055	0	-4
4.08500075340271	721	2.9850742869506055	0	2
4.090001344680786	723	2.9850742869506055	0	-1
4.095001697540283	722	2.9850742869506055	0	0
4.100001573562622	722	2.9850742869506055	0	8
4.105000257492065	730	2.9850742869506055	0	8
4.1100013256073	738	2.9850742869506055	0	22
4.11500096321106	760	3.030303730890385	1	32
4.120000600814819	792	3.030303730890385	0	34
4.125000238418579	826	3.030303730890385	0	29
4.130001783370972	855	3.030303730890385	0	13
4.13500189781189	868	3.030303730890385	0	8
4.1400017738342285	876	3.030303730890385	0	4
4.145001411437988	880	3.030303730890385	0	3
4.150001287460327	883	3.030303730890385	0	2
4.155002117156982	885	3.030303730890385	0	-3
4.160001754760742	882	3.030303730890385	0	1
4.165000677108765	883	3.030303730890385	0	-3
4.170000314712524	880	3.030303730890385	0	-7
4.175000905990601	873	3.030303730890385	0	-10
4.180001735687256	863	3.030303730890385	0	-23
4.1850011348724365	840	2.985070038018809	1	-30
4.190001964569092	810	2.985070038018809	0	-39
4.195001125335693	771	2.985070038018809	0	-29
4.2000017166137695	742	2.985070038018809	0	-14
4.205000162124634	728	2.985070038018809	0	-10
4.210002183914185	718	2.985070038018809	0	-2
4.215001583099365	716	2.985070038018809	0	-2
4.220001935958862	714	2.985070038018809	0	-4
4.225001096725464	710	2.985070038018809	0	3
4.230000972747803	713	2.985070038018809	0	-3
4.235000133514404	710	2.985070038018809	0	3
4.240001440048218	713	2.985070038018809	0	1
4.24500036239624	714	2.985070038018809	0	0
4.250000715255737	714	2.985070038018809	0	6
4.255001783370972	720	2.985070038018809	0	2
4.260000467300415	722	2.985070038018809	0	14
4.2650017738342285	736	2.985070038018809	0	26
4.270001411437988	762	3.0302927842499776	1	38
4.275001764297485	800	3.0302927842499776	0	41
4.280000925064087	841	3.0302927842499776	0	24
4.285000562667847	865	3.0302927842499776	0	14
4.29000186920166	879	3.0302927842499776	0	6
4.295001745223999	885	3.0302927842499776	0	2
4.30000114440918	887	3.0302927842499776	0	2
4.3050007820129395	889	3.0302927842499776	0	0
4.31000018119812	889	3.0302927842499776	0	1
4.315000534057617	890	3.0302927842499776	0	1
4.3200013637542725	891	3.0302927842499776	0	0
4.32500147819519	891	3.0302927842499776	0	0
4.3300018310546875	891	3.0302927842499776	0	-1
4.335001230239868	890	3.0302927842499776	0	-2
4.340000867843628	888	3.0302927842499776	0	-1
4.345001459121704	887	3.0302927842499776	0	-6
4.350001335144043	881	3.0302927842499776	0	-10
4.35500168800354	871	3.0302927842499776	0	-22
4.360000133514404	849	3.0303212456795405	1	-33
4.365001440048218	816	3.0303212456795405	0	-34
4.37000036239624	782	3.0303212456795405	0	-24
4.375001430511475	758	3.0303212456795405	0	-9
4.380000352859497	749	3.0303212456795405	0	-9
4.385000944137573	740	3.0303212456795405	0	-2
4.39000129699707	738	3.0303212456795405	0	-3
4.395000696182251	735	3.0303212456795405	0	-6
4.4000020027160645	729	3.0303212456795405	0	0
4.405000448226929	729	3.0303212456795405	0	-6
4.410000801086426	723	3.0303212456795405	0	1
4.415001392364502	724	3.0303212456795405	0	-2
4.4200005531311035	722	3.0303212456795405	0	-2
4.425000190734863	720	3.0303212456795405	0	4
4.4300010204315186	724	3.0303212456795405	0	0
4.435065507888794	724	3.0303212456795405	0	8
4.440001726150513	732	3.0303212456795405	0	14
4.445001125335693	746	3.0303212456795405	0	25
4.450000286102295	771	2.98508066037098	1	36
4.455000638961792	807	2.98508066037098	0	32
4.460002183914185	839	2.98508066037098	0	22
4.465001821517944	861	2.98508066037098	0	11
4.470001459121704	872	2.98508066037098	0	4
4.475000381469727	876	2.98508066037098	0	6
4.480001449584961	882	2.98508066037098	0	0
4.485001564025879	882	2.98508066037098	0	3
4.490001201629639	885	2.98508066037098	0	-2
4.495001554489136	883	2.98508066037098	0	-1
4.500000715255737	882	2.98508066037098	0	-2
4.5050013065338135	880	2.98508066037098	0	-9
4.5100014209747314	871	2.98508066037098	0	-13
4.515001535415649	858	2.98508066037098	0	-24
4.520000696182251	834	2.985078535894498	1	-36
4.525001287460327	798	2.985078535894498	0	-33
4.530001878738403	765	2.985078535894498	0	-28
4.535001516342163	737	2.985078535894498	0	-12
4.54000186920166	725	2.985078535894498	0	-7
4.545001268386841	718	2.985078535894498	0	-6
4.550000429153442	712	2.985078535894498	0	2
4.555001258850098	714	2.985078535894498	0	-3
4.56000018119812	711	2.985078535894498	0	2
4.565001010894775	713	2.985078535894498	0	0
4.570001840591431	713	2.985078535894498	0	-1
4.575000762939453	712	2.985078535894498	0	4
4.58000111579895	716	2.985078535894498	0	-1
4.585000514984131	715	2.985078535894498	0	4
4.590000629425049	719	2.985078535894498	0	8
4.595001459121704	727	2.985078535894498	0	14
4.600000619888306	741	2.985078535894498	0	35
4.605000972747803	776	2.985078535894498	1	42
4.610000133514404	818	2.985078535894498	0	35
4.615001678466797	853	2.985078535894498	0	21
4.620001792907715	874	2.985078535894498	0	9
4.625001907348633	883	2.985078535894498	0	3
4.6300013065338135	886	2.985078535894498	0	2
4.63500189781189	888	2.985078535894498	0	1
4.640001058578491	889	2.985078535894498	0	1
4.6450018882751465	890	2.985078535894498	0	-1
4.650000810623169	889	2.985078535894498	0	2
4.655000925064087	891	2.985078535894498	0	-1
4.660001039505005	890	2.985078535894498	0	1
4.6650002002716064	891	2.985078535894498	0	-1
4.670001268386841	890	2.985078535894498	0	-1
4.675000429153442	889	2.985078535894498	0	-3
4.680000305175781	886	2.985078535894498	0	-7
4.685000896453857	879	2.985078535894498	0	-13
4.6900012493133545	866	2.985078535894498	0	-25
4.695001602172852	841	2.9850615401915026	1	-38
4.7000017166137695	803	2.9850615401915026	0	-31
4.7050018310546875	772	2.9850615401915026	0	-20
4.710001468658447	752	2.9850615401915026	0	-7
4.715000629425049	745	2.9850615401915026	0	-5
4.720001220703125	740	2.9850615401915026	0	-6
4.725000381469727	734	2.9850615401915026	0	-1
4.730002164840698	733	2.9850615401915026	0	-6
4.735001802444458	727	2.9850615401915026	0	-1
4.740001201629639	726	2.9850615401915026	0	-2
4.745059490203857	724	2.9850615401915026	0	-4
4.750000715255737	720	2.9850615401915026	0	4
4.7550013065338135	724	2.9850615401915026	0	-3
4.760000228881836	721	2.9850615401915026	0	4
4.765000581741333	725	2.9850615401915026	0	4
4.770000219345093	729	2.9850615401915026	0	11
4.775001049041748	740	2.9850615401915026	0	22
4.78000020980835	762	3.030303730890385	1	28
4.785001993179321	790	3.030303730890385	0	37
4.790001392364502	827	3.030303730890385	0	26
4.795001268386841	853	3.030303730890385	0	14
4.8000006675720215	867	3.030303730890385	0	9
4.80501389503479	876	3.030303730890385	0	3
4.8100011348724365	879	3.030303730890385	0	4
4.815001964569092	883	3.030303730890385	0	1
4.820000648498535	884	3.030303730890385	0	0
4.825000524520874	884	3.030303730890385	0	1
4.830000638961792	885	3.030303730890385	0	-4
4.8350019454956055	881	3.030303730890385	0	-4
4.840000152587891	877	3.030303730890385	0	-9
4.845001459121704	868	3.030303730890385	0	-17
4.850001335144043	851	3.030303730890385	0	-28
4.855001211166382	823	2.985070038018809	1	-39
4.860001087188721	784	2.985070038018809	0	-33
4.865006923675537	751	2.985070038018809	0	-19
4.870001554489136	732	2.985070038018809	0	-12
4.8750011920928955	720	2.985070038018809	0	-2
4.880001544952393	718	2.985070038018809	0	-5
4.88500189781189	713	2.985070038018809	0	0
4.890001535415649	713	2.985070038018809	0	0
4.895000696182251	713	2.985070038018809	0	-2
4.9000020027160645	711	2.985070038018809	0	4
4.905001163482666	715	2.985070038018809	0	-2
4.910001277923584	713	2.985070038018809	0	3
4.9150004386901855	716	2.985070038018809	0	3
4.9200005531311035	719	2.985070038018809	0	6
4.925000429153442	725	2.985070038018809	0	21
4.930001497268677	746	3.076918111052994	1	31
4.935000658035278	777	3.076918111052994	0	42
4.940001964569092	819	3.076918111052994	0	33
4.945001125335693	852	3.076918111052994	0	19
4.950000286102295	871	3.076918111052994	0	11
4.955002069473267	882	3.076918111052994	0	5
4.96000075340271	887	3.076918111052994	0	1
4.965001821517944	888	3.076918111052994	0	2
4.970000982284546	890	3.076918111052994	0	-3
4.975000619888306	887	3.076918111052994	0	4
4.980000734329224	891	3.076918111052994	0	-2
4.9850013256073	889	3.076918111052994	0	2
4.990001678466797	891	3.076918111052994	0	-1
4.995000123977661	890	3.076918111052994	0	-1
5.000000953674316	889	3.076918111052994	0	0
5.005000829696655	889	3.076918111052994	0	-3
5.010000705718994	886	3.076918111052994	0	-4
5.015001535415649	882	3.076918111052994	0	-12
5.0200018882751465	870	3.076918111052994	0	-18
5.025000810623169	852	3.076918111052994	0	-36
5.030001163482666	816	2.985078535894498	1	-37
5.035001993179321	779	2.985078535894498	0	-19
5.04000186920166	760	2.985078535894498	0	-13
5.04500150680542	747	2.985078535894498	0	-7
5.050001382827759	740	2.985078535894498	0	-2
5.055001258850098	738	2.985078535894498	0	-6
5.060001850128174	732	2.985078535894498	0	-2
5.065001010894775	730	2.985078535894498	0	-3
5.0700013637542725	727	2.985078535894498	0	-3
5.075001001358032	724	2.985078535894498	0	2
5.080001354217529	726	2.985078535894498	0	-5
5.08500075340271	721	2.985078535894498	0	1
5.090002059936523	722	2.985078535894498	0	2
5.095001697540283	724	2.985078535894498	0	0
5.100001573562622	724	2.985078535894498	0	10
5.10500168800354	734	2.985078535894498	0	12
5.110000133514404	746	2.985078535894498	0	28
5.115001678466797	774	2.9850615401915026	1	34
5.120000123977661	808	2.9850615401915026	0	31
5.125001907348633	839	2.9850615401915026	0	23
5.130000352859497	862	2.9850615401915026	0	10
5.1350016593933105	872	2.9850615401915026	0	7
5.1400017738342285	879	2.9850615401915026	0	3
5.1450018882751465	882	2.9850615401915026	0	1
5.15000057220459	883	2.9850615401915026	0	2
5.155000448226929	885	2.9850615401915026	0	-1
5.160001993179321	884	2.9850615401915026	0	-1
5.165000915527344	883	2.9850615401915026	0	-6
5.170000791549683	877	2.9850615401915026	0	-4
5.175000905990601	873	2.9850615401915026	0	-11
5.1800010204315186	862	2.9850615401915026	0	-24
5.18500018119812	838	3.0303124882596544	1	-32
5.190000534057617	806	3.0303124882596544	0	-37
5.195000886917114	769	3.0303124882596544	0	-29
5.20000147819519	740	3.0303124882596544	0	-13
5.20500111579895	727	3.0303124882596544	0	-8
5.21000075340271	719	3.0303124882596544	0	-4
5.215001344680786	715	3.0303124882596544	0	-1
5.220000743865967	714	3.0303124882596544	0	-4
5.225001573562622	710	3.0303124882596544	0	3
5.2300004959106445	713	3.0303124882596544	0	-1
5.235001564025879	712	3.0303124882596544	0	2
5.24000096321106	714	3.0303124882596544	0	1
5.24500036239624	715	3.0303124882596544	0	-1
5.2500011920928955	714	3.0303124882596544	0	8
5.255002021789551	722	3.0303124882596544	0	4
5.260000705718994	726	3.0303124882596544	0	21
5.265000581741333	747	2.985082784850486	1	39
5.270000457763672	786	2.985082784850486	0	42
5.2750020027160645	828	2.985082784850486	0	31
5.280000448226929	859	2.985082784850486	0	18
5.285001039505005	877	2.985082784850486	0	9
5.2900002002716064	886	2.985082784850486	0	0
5.295000314712524	886	2.985082784850486	0	2
5.300000190734863	888	2.985082784850486	0	2
5.30500054359436	890	2.985082784850486	0	-1
5.310001611709595	889	2.985082784850486	0	2
5.315001726150513	891	2.985082784850486	0	0
5.320000886917114	891	2.985082784850486	0	-1
5.325000524520874	890	2.985082784850486	0	1
5.330000400543213	891	2.985082784850486	0	-2
5.335001230239868	889	2.985082784850486	0	-2
5.340001583099365	887	2.985082784850486	0	-3
5.345000267028809	884	2.985082784850486	0	-6
5.350000619888306	878	2.985082784850486	0	-12
5.355000734329224	866	2.985082784850486	0	-27
5.3600006103515625	839	3.030308109568693	1	-35
5.365001678466797	804	3.030308109568693	0	-31
5.370000839233398	773	3.030308109568693	0	-21
5.3750011920928955	752	3.030308109568693	0	-6
5.380000352859497	746	3.030308109568693	0	-7
5.385000228881836	739	3.030308109568693	0	-3
5.390001058578491	736	3.030308109568693	0	-3
5.395001173019409	733	3.030308109568693	0	-6
5.40000057220459	727	3.030308109568693	0	1
5.405000686645508	728	3.030308109568693	0	-4
5.410000801086426	724	3.030308109568693	0	-1
5.4150002002716064	723	3.030308109568693	0	0
5.42000150680542	723	3.030308109568693	0	-1
5.425000190734863	722	3.030308109568693	0	2
5.4300007820129395	724	3.030308109568693	0	2
5.435001850128174	726	3.030308109568693	0	12
5.440001010894775	738	3.030308109568693	0	19
5.445001125335693	757	3.030308109568693	0	30
5.45000147819519	787	2.9850764114210397	1	35
5.4550018310546875	822	2.9850764114210397	0	27
5.460001230239868	849	2.9850764114210397	0	17
5.465000629425049	866	2.9850764114210397	0	9
5.470001220703125	875	2.9850764114210397	0	5
5.475001335144043	880	2.9850764114210397	0	4
5.480000734329224	884	2.9850764114210397	0	-2
5.485000371932983	882	2.9850764114210397	0	2
5.49000096321106	884	2.9850764114210397	0	0
5.495001316070557	884	2.9850764114210397	0	-2
5.500000238418579	882	2.9850764114210397	0	-4
5.5050013065338135	878	2.9850764114210397	0	-9
5.5100014209747314	869	2.9850764114210397	0	-16
5.515000820159912	853	2.9850764114210397	0	-29
5.520001649856567	824	2.9850615401915026	1	-37
5.52500057220459	787	2.9850615401915026	0	-33
5.530001401901245	754	2.9850615401915026	0	-23
5.535001754760742	731	2.9850615401915026	0	-9
5.5400004386901855	722	2.9850615401915026	0	-5
5.545001029968262	717	2.9850615401915026	0	-4
5.550001382827759	713	2.9850615401915026	0	1
5.5550010204315186	714	2.9850615401915026	0	-3
5.5600011348724365	711	2.9850615401915026	0	2
5.565001964569092	713	2.9850615401915026	0	1
5.570000886917114	714	2.9850615401915026	0	-1
5.57500147819519	713	2.9850615401915026	0	4
5.580001354217529	717	2.9850615401915026	0	1
5.58500075340271	718	2.9850615401915026	0	7
5.590002059936523	725	2.9850615401915026	0	13
5.595000743865967	738	2.9850615401915026	0	30
5.600000858306885	768	2.985072162483195	1	43
5.60500168800354	811	2.985072162483195	0	36
5.610001087188721	847	2.985072162483195	0	22
5.615000247955322	869	2.985072162483195	0	12
5.620002031326294	881	2.985072162483195	0	4
5.625001430511475	885	2.985072162483195	0	4
5.630000829696655	889	2.985072162483195	0	0
5.6350016593933105	889	2.985072162483195	0	1
5.640002012252808	890	2.985072162483195	0	0
5.6450018882751465	890	2.985072162483195	0	1
5.650001764297485	891	2.985072162483195	0	0
5.655001640319824	891	2.985072162483195	0	-2
5.660001277923584	889	2.985072162483195	0	0
5.665000677108765	889	2.985072162483195	0	-1
5.670001745223999	888	2.985072162483195	0	-2
5.67500114440918	886	2.985072162483195	0	-5
5.6800010204315186	881	2.985072162483195	0	-10
5.6850011348724365	871	2.985072162483195	0	-21
5.690001010894775	850	3.0302993522247315	1	-36
5.695001125335693	814	3.0302993522247315	0	-38
5.70000147819519	776	3.0302993522247315	0	-18
5.705000638961792	758	3.0302993522247315	0	-12
5.710001468658447	746	3.0302993522247315	0	-5
5.715000152587891	741	3.0302993522247315	0	-2
5.720000267028809	739	3.0302993522247315	0	-7
5.725001096725464	732	3.0302993522247315	0	-1
5.730001449584961	731	3.0302993522247315	0	-6
5.735001564025879	725	3.0302993522247315	0	0
5.7400007247924805	725	3.0302993522247315	0	-1
5.745000600814819	724	3.0302993522247315	0	-2
5.750000476837158	722	3.0302993522247315	0	1
5.7550013065338135	723	3.0302993522247315	0	-1
5.760000944137573	722	3.0302993522247315	0	3
5.765001535415649	725	3.0302993522247315	0	5
5.770000696182251	730	3.0302993522247315	0	10
5.775001764297485	740	3.0302993522247315	0	23
5.780001401901245	763	3.030303730890385	1	33
5.785000801086426	796	3.030303730890385	0	39
5.7900002002716064	835	3.030303730890385	0	23
5.79500150680542	858	3.030303730890385	0	14
5.800000905990601	872	3.030303730890385	0	7
5.8050007820129395	879	3.030303730890385	0	3
5.810001611709595	882	3.030303730890385	0	2
5.815001487731934	884	3.030303730890385	0	-1
5.820001125335693	883	3.030303730890385	0	-1
5.8250017166137695	882	3.030303730890385	0	1
5.83000111579895	883	3.030303730890385	0	-6
5.835000514984131	877	3.030303730890385	0	-7
5.840000152587891	870	3.030303730890385	0	-14
5.845001459121704	856	3.030303730890385	0	-24
5.8500001430511475	832	3.0303168669632705	1	-30
5.855000734329224	802	3.0303168669632705	0	-38
5.860001087188721	764	3.0303168669632705	0	-24
5.865002155303955	740	3.0303168669632705	0	-14
5.870001316070557	726	3.0303168669632705	0	-8
5.875001668930054	718	3.0303168669632705	0	-3
5.88000226020813	715	3.0303168669632705	0	-1
5.885000944137573	714	3.0303168669632705	0	0
5.890000581741333	714	3.0303168669632705	0	-2
5.895038604736328	712	3.0303168669632705	0	-4
5.900000810623169	708	3.0303168669632705	0	7
5.905000686645508	715	3.0303168669632705	0	-2
5.910000562667847	713	3.0303168669632705	0	3
5.915002107620239	716	3.0303168669632705	0	2
5.920001745223999	718	3.0303168669632705	0	5
5.92500114440918	723	3.0303168669632705	0	16
5.930001258850098	739	3.0303168669632705	0	25
5.935002088546753	764	2.985063664643793	1	44
5.940000295639038	808	2.985063664643793	0	39
5.945000648498535	847	2.985063664643793	0	20
5.950001001358032	867	2.985063664643793	0	14
5.955000162124634	881	2.985063664643793	0	5
5.960061311721802	886	2.985063664643793	0	2
5.965001344680786	888	2.985063664643793	0	2
5.97008490562439	890	2.985063664643793	0	0
5.975000619888306	890	2.985063664643793	0	0
5.980005741119385	890	2.985063664643793	0	-1
5.985001802444458	889	2.985063664643793	0	2
5.990001201629639	891	2.985063664643793	0	-1
5.995001792907715	890	2.985063664643793	0	-3
6.000000953674316	887	2.985063664643793	0	1
6.005000829696655	888	2.985063664643793	0	-5
6.0100016593933105	883	2.985063664643793	0	-6
6.015001535415649	877	2.985063664643793	0	-14
6.02000093460083	863	2.985063664643793	0	-27
6.025001525878906	836	2.985070038018809	1	-33
6.030001163482666	803	2.985070038018809	0	-33
6.035001039505005	770	2.985070038018809	0	-15
6.040000677108765	755	2.985070038018809	0	-9
6.045001029968262	746	2.985070038018809	0	-7
6.050001859664917	739	2.985070038018809	0	-3
6.055001258850098	736	2.985070038018809	0	-4
6.060000658035278	732	2.985070038018809	0	-3
6.065001726150513	729	2.985070038018809	0	-2
6.070000886917114	727	2.985070038018809	0	-3
6.07500147819519	724	2.985070038018809	0	0
6.080000877380371	724	2.985070038018809	0	-2
6.085002183914185	722	2.985070038018809	0	1
6.090001583099365	723	2.985070038018809	0	0
6.095001697540283	723	2.985070038018809	0	1
6.100000619888306	724	2.985070038018809	0	10
6.1050004959106445	734	2.985070038018809	0	14
6.110000848770142	748	2.985070038018809	0	27
6.11500096321106	775	2.985078535894498	1	36
6.1200010776519775	811	2.985078535894498	0	32
6.125001430511475	843	2.985078535894498	0	21
6.130000591278076	864	2.985078535894498	0	10
6.1350016593933105	874	2.985078535894498	0	7
6.140000581741333	881	2.985078535894498	0	1
6.145002126693726	882	2.985078535894498	0	2
6.150001764297485	884	2.985078535894498	0	0
6.155000686645508	884	2.985078535894498	0	-1
6.160001277923584	883	2.985078535894498	0	-1
6.165001153945923	882	2.985078535894498	0	-5
6.170000791549683	877	2.985078535894498	0	-11
6.17500114440918	866	2.985078535894498	0	-17
6.1800010204315186	849	2.985078535894498	0	-32
6.185001611709595	817	2.9850615401915026	1	-35
6.1900012493133545	782	2.9850615401915026	0	-33
6.195000171661377	749	2.9850615401915026	0	-21
6.200001955032349	728	2.9850615401915026	0	-5
6.205000638961792	723	2.9850615401915026	0	-9
6.210000276565552	714	2.9850615401915026	0	0
6.215002059936523	714	2.9850615401915026	0	-1
6.220000267028809	713	2.9850615401915026	0	-2
6.225000619888306	711	2.9850615401915026	0	2
6.230000257492065	713	2.9850615401915026	0	-1
6.235001802444458	712	2.9850615401915026	0	2
6.24000096321106	714	2.9850615401915026	0	2
6.245001316070557	716	2.9850615401915026	0	-2
6.250000476837158	714	2.9850615401915026	0	8
6.255001783370972	722	2.9850615401915026	0	7
6.260000467300415	729	2.9850615401915026	0	22
6.26500129699707	751	3.030310298912592	1	35
6.270001411437988	786	3.030310298912592	0	41
6.275000333786011	827	3.030310298912592	0	32
6.280000686645508	859	3.030310298912592	0	15
6.285000562667847	874	3.030310298912592	0	9
6.2900004386901855	883	3.030310298912592	0	3
6.295000791549683	886	3.030310298912592	0	2
6.300000429153442	888	3.030310298912592	0	3
6.305000305175781	891	3.030310298912592	0	0
6.310000419616699	891	3.030310298912592	0	-1
6.315000772476196	890	3.030310298912592	0	1
6.320001602172852	891	3.030310298912592	0	0
6.325000762939453	891	3.030310298912592	0	-1
6.3300018310546875	890	3.030310298912592	0	-2
6.335000991821289	888	3.030310298912592	0	-2
6.340000152587891	886	3.030310298912592	0	-4
6.345000505447388	882	3.030310298912592	0	-10
6.350001811981201	872	3.030310298912592	0	-18
6.35500168800354	854	3.030310298912592	0	-33
6.360002040863037	821	2.985070038018809	1	-34
6.365001916885376	787	2.985070038018809	0	-25
6.370014667510986	762	2.985070038018809	0	-14
6.375000238418579	748	2.985070038018809	0	-4
6.380054235458374	744	2.985070038018809	0	-7
6.38500189781189	737	2.985070038018809	0	-1
6.390000581741333	736	2.985070038018809	0	-5
6.395001411437988	731	2.985070038018809	0	-4
6.400000810623169	727	2.985070038018809	0	0
6.405000686645508	727	2.985070038018809	0	-5
6.410001754760742	722	2.985070038018809	0	1
6.415001392364502	723	2.985070038018809	0	-1
6.420001745223999	722	2.985070038018809	0	-2
6.42500114440918	720	2.985070038018809	0	6
6.4300007820129395	726	2.985070038018809	0	2
6.435001611709595	728	2.985070038018809	0	15
6.440001726150513	743	2.985070038018809	0	21
6.445000886917114	764	3.030303730890385	1	31
6.450001001358032	795	3.030303730890385	0	37
6.4550018310546875	832	3.030303730890385	0	23
6.46000075340271	855	3.030303730890385	0	15
6.465001106262207	870	3.030303730890385	0	7
6.470000505447388	877	3.030303730890385	0	3
6.4750001430511475	880	3.030303730890385	0	4
6.480000257492065	884	3.030303730890385	0	-1
6.485000848770142	883	3.030303730890385	0	1
6.490000486373901	884	3.030303730890385	0	-1
6.495001554489136	883	3.030303730890385	0	-3
6.5000011920928955	880	3.030303730890385	0	-5
6.505000591278076	875	3.030303730890385	0	-13
6.510002136230469	862	3.030303730890385	0	-22
6.51500129699707	840	3.030305920227957	1	-33
6.520000457763672	807	3.030305920227957	0	-37
6.525000810623169	770	3.030305920227957	0	-26
6.53000020980835	744	3.030305920227957	0	-19
6.535000801086426	725	3.030305920227957	0	-6
6.540001392364502	719	3.030305920227957	0	-4
6.545001268386841	715	3.030305920227957	0	-4
6.550001621246338	711	3.030305920227957	0	3
6.555000305175781	714	3.030305920227957	0	-3
6.56000018119812	711	3.030305920227957	0	2
6.565002202987671	713	3.030305920227957	0	0
6.570000171661377	713	3.030305920227957	0	-1
6.575000286102295	712	3.030305920227957	0	5
6.580001592636108	717	3.030305920227957	0	1
6.58500075340271	718	3.030305920227957	0	8
6.59000039100647	726	3.030305920227957	0	15
6.595001697540283	741	3.030305920227957	0	29
6.6000001430511475	770	2.9850849093330165	1	44
6.605000972747803	814	2.9850849093330165	0	35
6.610001564025879	849	2.9850849093330165	0	22
6.615001440048218	871	2.9850849093330165	0	11
6.620000600814819	882	2.9850849093330165	0	2
6.625000715255737	884	2.9850849093330165	0	6
6.630000352859497	890	2.9850849093330165	0	-1
6.6350014209747314	889	2.9850849093330165	0	1
6.640000820159912	890	2.9850849093330165	0	1
6.6450018882751465	891	2.9850849093330165	0	-1
6.650001764297485	890	2.9850849093330165	0	1
6.655001401901245	891	2.9850849093330165	0	-2
6.660001039505005	889	2.9850849093330165	0	0
6.665000677108765	889	2.9850849093330165	0	-1
6.67000150680542	888	2.9850849093330165	0	-4
6.675000190734863	884	2.9850849093330165	0	-4
6.680001974105835	880	2.9850849093330165	0	-12
6.68500018119812	868	2.9850849093330165	0	-22
6.690000534057617	846	3.0303168669632705	1	-34
6.695001125335693	812	3.0303168669632705	0	-34
6.700000762939453	778	3.0303168669632705	0	-19
6.70500111579895	759	3.0303168669632705	0	-13
6.710001230239868	746	3.0303168669632705	0	-4
6.71500039100647	742	3.0303168669632705	0	-4
6.720001220703125	738	3.0303168669632705	0	-5
6.725001096725464	733	3.0303168669632705	0	-3
6.730001449584961	730	3.0303168669632705	0	-3
6.7350006103515625	727	3.0303168669632705	0	-2
6.740001678466797	725	3.0303168669632705	0	-1
6.745001316070557	724	3.0303168669632705	0	-3
6.750000715255737	721	3.0303168669632705	0	3
6.755000829696655	724	3.0303168669632705	0	-2
6.760000705718994	722	3.0303168669632705	0	5
6.7650017738342285	727	3.0303168669632705	0	8
6.770001411437988	735	3.0303168669632705	0	17
6.775001287460327	752	3.0303168669632705	0	31
6.780000925064087	783	2.9850742869506055	1	33
6.7850022315979	816	2.9850742869506055	0	31
6.7900002002716064	847	2.9850742869506055	0	17
6.795001268386841	864	2.9850742869506055	0	10
6.800001859664917	874	2.9850742869506055	0	6
6.8050010204315186	880	2.9850742869506055	0	0
6.810002088546753	880	2.9850742869506055	0	5
6.815000772476196	885	2.9850742869506055	0	-1
6.820001125335693	884	2.9850742869506055	0	0
6.82500147819519	884	2.9850742869506055	0	-3
6.830000400543213	881	2.9850742869506055	0	-6
6.835001468658447	875	2.9850742869506055	0	-10
6.840000629425049	865	2.9850742869506055	0	-14
6.845001697540283	851	2.9850742869506055	0	-28
6.850001573562622	823	2.985072162483195	1	-33
6.855001449584961	790	2.985072162483195	0	-36
6.860001802444458	754	2.985072162483195	0	-20
6.865001201629639	734	2.985072162483195	0	-11
6.870001554489136	723	2.985072162483195	0	-7
6.8750011920928955	716	2.985072162483195	0	-1
6.880000829696655	715	2.985072162483195	0	-3
6.88500189781189	712	2.985072162483195	0	1
6.890001535415649	713	2.985072162483195	0	-1
6.895001649856567	712	2.985072162483195	0	0
6.90000057220459	712	2.985072162483195	0	2
6.905001878738403	714	2.985072162483195	0	0
6.910000562667847	714	2.985072162483195	0	3
6.91500186920166	717	2.985072162483195	0	4
6.920001029968262	721	2.985072162483195	0	7
6.9250006675720215	728	2.985072162483195	0	25
6.9300007820129395	753	3.03029716289665	1	36
6.935000419616699	789	3.03029716289665	0	44
6.940001010894775	833	3.03029716289665	0	31
6.945000886917114	864	3.03029716289665	0	12
6.950001955032349	876	3.03029716289665	0	9
6.955000162124634	885	3.03029716289665	0	2
6.960001707077026	887	3.03029716289665	0	2
6.96500039100647	889	3.03029716289665	0	-1
6.970000743865967	888	3.03029716289665	0	1
6.975000381469727	889	3.03029716289665	0	1
6.980000972747803	890	3.03029716289665	0	1
6.985000848770142	891	3.03029716289665	0	0
6.990010738372803	891	3.03029716289665	0	-1
6.9950010776519775	890	3.03029716289665	0	-2
7.0000810623168945	888	3.03029716289665	0	0
7.005000829696655	888	3.03029716289665	0	-6
7.010000705718994	882	3.03029716289665	0	-8
7.015001535415649	874	3.03029716289665	0	-18
7.02009129524231	856	3.03029716289665	0	-30
7.02500057220459	826	2.9850742869506055	1	-33
7.030002117156982	793	2.9850742869506055	0	-29
7.035001516342163	764	2.9850742869506055	0	-13
7.040001392364502	751	2.9850742869506055	0	-7
7.045001268386841	744	2.9850742869506055	0	-7
7.050001382827759	737	2.9850742869506055	0	0
7.05500054359436	737	2.9850742869506055	0	-6
7.060001850128174	731	2.9850742869506055	0	-2
7.065000295639038	729	2.9850742869506055	0	-3
7.070029973983765	726	2.9850742869506055	0	-6
7.075000762939453	720	2.9850742869506055	0	4
7.080000162124634	724	2.9850742869506055	0	-2
7.085001707077026	722	2.9850742869506055	0	1
7.090001344680786	723	2.9850742869506055	0	3
7.095000982284546	726	2.9850742869506055	0	4
7.100001573562622	730	2.9850742869506055	0	14
7.105001926422119	744	2.9850742869506055	0	21
7.1100013256073	765	3.0302993522247315	1	35
7.115001440048218	800	3.0302993522247315	0	36
7.120001792907715	836	3.0302993522247315	0	22
7.125002145767212	858	3.0302993522247315	0	13
7.130000829696655	871	3.0302993522247315	0	6
7.1350016593933105	877	3.0302993522247315	0	4
7.140000820159912	881	3.0302993522247315	0	2
7.145000457763672	883	3.0302993522247315	0	0
7.15000057220459	883	3.0302993522247315	0	2
7.155001640319824	885	3.0302993522247315	0	-3
7.160001277923584	882	3.0302993522247315	0	-2
7.165000677108765	880	3.0302993522247315	0	-7
7.170001983642578	873	3.0302993522247315	0	-12
7.175001382827759	861	3.0302993522247315	0	-21
7.1800007820129395	840	3.030310298912592	1	-33
7.185000419616699	807	3.030310298912592	0	-35
7.190000534057617	772	3.030310298912592	0	-27
7.195001602172852	745	3.030310298912592	0	-19
7.200001239776611	726	3.030310298912592	0	-4
7.20500111579895	722	3.030310298912592	0	-7
7.210001230239868	715	3.030310298912592	0	-2
7.21500039100647	713	3.030310298912592	0	0
7.220000982284546	713	3.030310298912592	0	-3
7.225001096725464	710	3.030310298912592	0	4
7.230000972747803	714	3.030310298912592	0	-2
7.2350006103515625	712	3.030310298912592	0	1
7.240001916885376	713	3.030310298912592	0	3
7.245001316070557	716	3.030310298912592	0	1
7.250000238418579	717	3.030310298912592	0	9
7.255001544952393	726	3.030310298912592	0	13
7.260001182556152	739	3.030310298912592	0	33
7.265001535415649	772	2.9850679135574465	1	44
7.270000696182251	816	2.9850679135574465	0	37
7.275001764297485	853	2.9850679135574465	0	20
7.280001878738403	873	2.9850679135574465	0	9
7.285000801086426	882	2.9850679135574465	0	4
7.290001392364502	886	2.9850679135574465	0	3
7.295000314712524	889	2.9850679135574465	0	0
7.300000429153442	889	2.9850679135574465	0	3
7.305002212524414	892	2.9850679135574465	0	-2
7.310002088546753	890	2.9850679135574465	0	0
7.315001010894775	890	2.9850679135574465	0	1
7.320055723190308	891	2.9850679135574465	0	0
7.325000524520874	891	2.9850679135574465	0	-1
7.330000400543213	890	2.9850679135574465	0	-2
7.335001230239868	888	2.9850679135574465	0	-2
7.340000152587891	886	2.9850679135574465	0	-6
7.345001697540283	880	2.9850679135574465	0	-13
7.350000381469727	867	2.9850679135574465	0	-21
7.355001449584961	846	3.030294973571732	1	-37
7.360001087188721	809	3.030294973571732	0	-32
7.3650054931640625	777	3.030294973571732	0	-20
7.370000123977661	757	3.030294973571732	0	-12
7.375001668930054	745	3.030294973571732	0	-3
7.380002498626709	742	3.030294973571732	0	-6
7.38500189781189	736	3.030294973571732	0	-1
7.390002250671387	735	3.030294973571732	0	-5
7.395002126693726	730	3.030294973571732	0	-4
7.400009870529175	726	3.030294973571732	0	0
7.405001401901245	726	3.030294973571732	0	-4
7.410001039505005	722	3.030294973571732	0	1
7.415002107620239	723	3.030294973571732	0	0
7.420001029968262	723	3.030294973571732	0	0
7.425000905990601	723	3.030294973571732	0	6
7.430001735687256	729	3.030294973571732	0	8
7.4350011348724365	737	3.030294973571732	0	16
7.440001964569092	753	3.030294973571732	0	27
7.445000171661377	780	2.9850849093330165	1	33
7.450001239776611	813	2.9850849093330165	0	32
7.455000162124634	845	2.9850849093330165	0	17
7.460001707077026	862	2.9850849093330165	0	11
7.46500039100647	873	2.9850849093330165	0	5
7.470000743865967	878	2.9850849093330165	0	4
7.475000381469727	882	2.9850849093330165	0	3
7.48000168800354	885	2.9850849093330165	0	-1
7.485001087188721	884	2.9850849093330165	0	0
7.4900007247924805	884	2.9850849093330165	0	-2
7.495002031326294	882	2.9850849093330165	0	-6
7.500000238418579	876	2.9850849093330165	0	-5
7.505033254623413	871	2.9850849093330165	0	-16
7.510000228881836	855	2.9850849093330165	0	-27
7.51500129699707	828	2.985070038018809	1	-37
7.520000696182251	791	2.985070038018809	0	-36
7.52500057220459	755	2.985070038018809	0	-20
7.5300133228302	735	2.985070038018809	0	-14
7.535001516342163	721	2.985070038018809	0	-2
7.540000677108765	719	2.985070038018809	0	-4
7.545001029968262	715	2.985070038018809	0	-4
7.55000114440918	711	2.985070038018809	0	2
7.555001735687256	713	2.985070038018809	0	-2
7.560000896453857	711	2.985070038018809	0	2
7.565000772476196	713	2.985070038018809	0	1
7.570001125335693	714	2.985070038018809	0	-1
7.575001001358032	713	2.985070038018809	0	6
7.580000162124634	719	2.985070038018809	0	2
7.585001230239868	721	2.985070038018809	0	15
7.590000867843628	736	2.985070038018809	0	23
7.595001935958862	759	3.0302993522247315	1	35
7.600001096725464	794	3.0302993522247315	0	41
7.605000257492065	835	3.0302993522247315	0	27
7.6100013256073	862	3.0302993522247315	0	15
7.61500096321106	877	3.0302993522247315	0	6
7.620002031326294	883	3.0302993522247315	0	4
7.6250011920928955	887	3.0302993522247315	0	3
7.630001783370972	890	3.0302993522247315	0	0
7.635000705718994	890	3.0302993522247315	0	0
7.6400017738342285	890	3.0302993522247315	0	0
7.645000696182251	890	3.0302993522247315	0	-1
7.650001049041748	889	3.0302993522247315	0	2
7.655001401901245	891	3.0302993522247315	0	-2
7.660001516342163	889	3.0302993522247315	0	0
7.665000915527344	889	3.0302993522247315	0	-2
7.6700005531311035	887	3.0302993522247315	0	-4
7.67500114440918	883	3.0302993522247315	0	-8
7.680002212524414	875	3.0302993522247315	0	-23
7.68500018119812	852	3.030314677609881	1	-34
7.690001487731934	818	3.030314677609881	0	-36
7.695000171661377	782	3.030314677609881	0	-27
7.700002193450928	755	3.030314677609881	0	-6
7.705001592636108	749	3.030314677609881	0	-7
7.710000991821289	742	3.030314677609881	0	-3
7.715001344680786	739	3.030314677609881	0	-4
7.720000505447388	735	3.030314677609881	0	-5
7.725001811981201	730	3.030314677609881	0	-1
7.730001926422119	729	3.030314677609881	0	-4
7.735001802444458	725	3.030314677609881	0	-1
7.740000486373901	724	3.030314677609881	0	0
7.745000839233398	724	3.030314677609881	0	-4
7.750000476837158	720	3.030314677609881	0	4
7.755001544952393	724	3.030314677609881	0	-2
7.760000705718994	722	3.030314677609881	0	6
7.7650017738342285	728	3.030314677609881	0	9
7.770000457763672	737	3.030314677609881	0	15
7.7750020027160645	752	3.030314677609881	0	30
7.780001401901245	782	2.985063664643793	1	33
7.785000801086426	815	2.985063664643793	0	30
7.7900004386901855	845	2.985063664643793	0	20
7.795001029968262	865	2.985063664643793	0	9
7.80000114440918	874	2.985063664643793	0	5
7.805001258850098	879	2.985063664643793	0	1
7.810001611709595	880	2.985063664643793	0	4
7.815001726150513	884	2.985063664643793	0	-1
7.820001602172852	883	2.985063664643793	0	0
7.825000524520874	883	2.985063664643793	0	-2
7.83000111579895	881	2.985063664643793	0	-7
7.835000276565552	874	2.985063664643793	0	-12
7.840001344680786	862	2.985063664643793	0	-24
7.845000743865967	838	3.030308109568693	1	-35
7.850001811981201	803	3.030308109568693	0	-34
7.8550004959106445	769	3.030308109568693	0	-30
7.8600006103515625	739	3.030308109568693	0	-12
7.865000247955322	727	3.030308109568693	0	-7
7.870000600814819	720	3.030308109568693	0	-8
7.875001668930054	712	3.030308109568693	0	3
7.880001783370972	715	3.030308109568693	0	-4
7.8850016593933105	711	3.030308109568693	0	1
7.890000820159912	712	3.030308109568693	0	2
7.895001173019409	714	3.030308109568693	0	-2
7.90000057220459	712	3.030308109568693	0	3
7.905001401901245	715	3.030308109568693	0	-2
7.910000324249268	713	3.030308109568693	0	5
7.915002107620239	718	3.030308109568693	0	4
7.920001268386841	722	3.030308109568693	0	10
7.92500114440918	732	3.030308109568693	0	24
7.930000305175781	756	2.9850891583071486	1	35
7.935001611709595	791	2.9850891583071486	0	39
7.940000772476196	830	2.9850891583071486	0	33
7.945000410079956	863	2.9850891583071486	0	13
7.95000147819519	876	2.9850891583071486	0	8
7.955000638961792	884	2.9850891583071486	0	3
7.960001230239868	887	2.9850891583071486	0	2
7.96500039100647	889	2.9850891583071486	0	0
7.970002174377441	889	2.9850891583071486	0	0
7.975001573562622	889	2.9850891583071486	0	1
7.980000972747803	890	2.9850891583071486	0	0
7.985001802444458	890	2.9850891583071486	0	0
7.99000096321106	890	2.9850891583071486	0	-1
7.995000123977661	889	2.9850891583071486	0	0
