5.4836273193359375e-06	737	0	0	-1
0.005001544952392578	736	0	0	0
0.010001182556152344	736	0	0	1
0.015001535415649414	737	66.6598432955611	1	-1
0.02000117301940918	736	49.99706762346378	1	2
0.025000333786010742	738	39.99946594951316	1	4
0.03000044822692871	742	39.99946594951316	0	8
0.03500056266784668	750	39.99946594951316	0	11
0.04000139236450195	761	39.99946594951316	0	8
0.04500102996826172	769	39.99946594951316	0	10
0.050000667572021484	779	39.99946594951316	0	9
0.055001020431518555	788	39.99946594951316	0	12
0.060001373291015625	800	39.99946594951316	0	12
0.06500077247619629	812	39.99946594951316	0	9
0.07000041007995605	821	39.99946594951316	0	11
0.07500076293945312	832	39.99946594951316	0	6
0.08000040054321289	838	39.99946594951316	0	7
0.08500075340270996	845	39.99946594951316	0	5
0.09000110626220703	850	39.99946594951316	0	3
0.0950005054473877	853	39.99946594951316	0	5
0.10000061988830566	858	39.99946594951316	0	2
0.10500097274780273	860	39.99946594951316	0	3
0.1100006103515625	863	39.99946594951316	0	3
0.11500144004821777	866	39.99946594951316	0	-3
0.12000131607055664	863	8.333241940547005	1	-2
0.1250002384185791	861	8.333241940547005	0	-3
0.13000082969665527	858	8.333241940547005	0	-8
0.13500118255615234	850	8.333241940547005	0	-17
0.1400003433227539	833	8.333241940547005	0	-29
0.14500093460083008	804	8.333241940547005	0	-27
0.15000033378601074	777	8.333241940547005	0	-28
0.15500116348266602	749	8.333241940547005	0	-20
0.16000032424926758	729	8.333241940547005	0	-9
0.16500020027160645	720	8.333241940547005	0	-13
0.17000126838684082	707	8.333241940547005	0	-2
0.17500066757202148	705	8.333241940547005	0	-4
0.18000125885009766	701	8.333241940547005	0	-5
0.18500113487243652	696	8.333241940547005	0	2
0.1900010108947754	698	8.333241940547005	0	-4
0.19500041007995605	694	8.333241940547005	0	4
0.20000100135803223	698	5.405421009763591	1	1
0.2050011157989502	699	5.405421009763591	0	4
0.21000027656555176	703	5.405421009763591	0	11
0.21500039100646973	714	5.405421009763591	0	16
0.2200005054473877	730	5.405421009763591	0	30
0.22500014305114746	760	5.405421009763591	0	27
0.23000168800354004	787	5.405421009763591	0	21
0.2350008487701416	808	5.405421009763591	0	14
0.24000072479248047	822	5.405421009763591	0	8
0.24500060081481934	830	5.405421009763591	0	10
0.2500002384185791	840	5.405421009763591	0	5
0.2550013065338135	845	5.405421009763591	0	5
0.26000070571899414	850	5.405421009763591	0	3
0.2650008201599121	853	5.405421009763591	0	-1
0.2700011730194092	852	5.405421009763591	0	0
0.27500057220458984	852	5.405421009763591	0	-8
0.2800002098083496	844	3.846168094890946	1	-10
0.2850015163421631	834	3.846168094890946	0	-17
0.29000020027160645	817	3.846168094890946	0	-31
0.2950007915496826	786	3.846168094890946	0	-26
0.3000001907348633	760	3.846168094890946	0	-21
0.30500078201293945	739	3.846168094890946	0	-13
0.3100008964538574	726	3.846168094890946	0	-9
0.3150012493133545	717	3.846168094890946	0	-10
0.32000136375427246	707	3.846168094890946	0	-1
0.32500123977661133	706	3.846168094890946	0	-5
0.3300004005432129	701	3.846168094890946	0	-2
0.33500123023986816	699	3.846168094890946	0	2
0.34000110626220703	701	3.846168094890946	0	0
0.3450007438659668	701	3.846168094890946	0	13
0.35000109672546387	714	3.076915853844619	1	15
0.35500121116638184	729	3.076915853844619	0	28
0.3600003719329834	757	3.076915853844619	0	32
0.36500072479248047	789	3.076915853844619	0	24
0.37000131607055664	813	3.076915853844619	0	21
0.3750011920928955	834	3.076915853844619	0	11
0.3800008296966553	845	3.076915853844619	0	9
0.38500022888183594	854	3.076915853844619	0	6
0.3900012969970703	860	3.076915853844619	0	1
0.3950014114379883	861	3.076915853844619	0	3
0.40000104904174805	864	3.076915853844619	0	-10
0.405001163482666	854	3.5087738084084004	1	-19
0.4100005626678467	835	3.5087738084084004	0	-35
0.41500091552734375	800	3.5087738084084004	0	-45
0.4200010299682617	755	3.5087738084084004	0	-25
0.4250006675720215	730	3.5087738084084004	0	-17
0.43000030517578125	713	3.5087738084084004	0	-9
0.4350008964538574	704	3.5087738084084004	0	-3
0.4400007724761963	701	3.5087738084084004	0	-6
0.44500112533569336	695	3.5087738084084004	0	1
0.4500010013580322	696	3.5087738084084004	0	0
0.4550008773803711	696	3.5087738084084004	0	4
0.46000027656555176	700	3.5087738084084004	0	10
0.46500062942504883	710	3.773590201972309	1	17
0.4700014591217041	727	3.773590201972309	0	32
0.47500014305114746	759	3.773590201972309	0	29
0.48000025749206543	788	3.773590201972309	0	23
0.4850001335144043	811	3.773590201972309	0	15
0.49000120162963867	826	3.773590201972309	0	7
0.49500012397766113	833	3.773590201972309	0	10
0.5000009536743164	843	3.773590201972309	0	5
0.5050005912780762	848	3.773590201972309	0	3
0.5100002288818359	851	3.773590201972309	0	1
0.5150010585784912	852	3.773590201972309	0	-4
0.5200011730194092	848	3.773590201972309	0	-7
0.5250003337860107	841	4.081630587628515	1	-17
0.5300006866455078	824	4.081630587628515	0	-29
0.5350010395050049	795	4.081630587628515	0	-29
0.540001630783081	766	4.081630587628515	0	-27
0.5450003147125244	739	4.081630587628515	0	-13
0.5500006675720215	726	4.081630587628515	0	-12
0.5550012588500977	714	4.081630587628515	0	-7
0.5600011348724365	707	4.081630587628515	0	-2
0.5650005340576172	705	4.081630587628515	0	-6
0.570000410079956	699	4.081630587628515	0	1
0.5750010013580322	700	4.081630587628515	0	0
0.5800013542175293	700	4.081630587628515	0	6
0.5850002765655518	706	4.081630587628515	0	17
0.590001106262207	723	4.166666501098216	1	26
0.5950002670288086	749	4.166666501098216	0	36
0.600001335144043	785	4.166666501098216	0	28
0.6050004959106445	813	4.166666501098216	0	21
0.6100010871887207	834	4.166666501098216	0	14
0.6150012016296387	848	4.166666501098216	0	6
0.6200006008148193	854	4.166666501098216	0	7
0.6250004768371582	861	4.166666501098216	0	1
0.6300003528594971	862	4.166666501098216	0	-3
0.6350014209747314	859	4.166666501098216	0	-9
0.6400010585784912	850	4.255321048514651	1	-30
0.6450004577636719	820	4.255321048514651	0	-42
0.650001049041748	778	4.255321048514651	0	-37
0.6550009250640869	741	4.255321048514651	0	-21
0.6600003242492676	720	4.255321048514651	0	-12
0.6650011539459229	708	4.255321048514651	0	-9
0.6700005531311035	699	4.255321048514651	0	-1
0.6750004291534424	698	4.255321048514651	0	-3
0.6800007820129395	695	4.255321048514651	0	0
0.6850011348724365	695	4.255321048514651	0	5
0.6900002956390381	700	4.255321048514651	0	5
0.6950006484985352	705	4.255321048514651	0	19
0.7000002861022949	724	4.25532536574478	1	24
0.705000638961792	748	4.25532536574478	0	38
0.7100014686584473	786	4.25532536574478	0	26
0.7150003910064697	812	4.25532536574478	0	13
0.7200005054473877	825	4.25532536574478	0	11
0.7250003814697266	836	4.25532536574478	0	7
0.7300014495849609	843	4.25532536574478	0	6
0.7350003719329834	849	4.25532536574478	0	3
0.7400007247924805	852	4.25532536574478	0	0
0.7450006008148193	852	4.25532536574478	0	-4
0.7500011920928955	848	4.25532536574478	0	-10
0.7550003528594971	838	4.347825726399154	1	-20
0.7600007057189941	818	4.347825726399154	0	-28
0.7650008201599121	790	4.347825726399154	0	-32
0.7700011730194092	758	4.347825726399154	0	-21
0.775000810623169	737	4.347825726399154	0	-15
0.7800004482269287	722	4.347825726399154	0	-11
0.7850005626678467	711	4.347825726399154	0	-3
0.7900004386901855	708	4.347825726399154	0	-7
0.7950012683868408	701	4.347825726399154	0	-1
0.8000001907348633	700	4.347825726399154	0	-1
0.8050010204315186	699	4.347825726399154	0	3
0.8100001811981201	702	4.347825726399154	0	14
0.8150007724761963	716	4.444451037758141	1	20
0.820000171661377	736	4.444451037758141	0	36
0.8250010013580322	772	4.444451037758141	0	32
0.8300001621246338	804	4.444451037758141	0	24
0.8350012302398682	828	4.444451037758141	0	16
0.840001106262207	844	4.444451037758141	0	9
0.8450005054473877	853	4.444451037758141	0	6
0.8500008583068848	859	4.444451037758141	0	3
0.8550007343292236	862	4.444451037758141	0	-1
0.8600010871887207	861	4.444451037758141	0	-6
0.8650007247924805	855	4.444451037758141	0	-20
0.8700010776519775	835	4.347825726399154	1	-40
0.8750016689300537	795	4.347825726399154	0	-43
0.8800003528594971	752	4.347825726399154	0	-27
0.8850002288818359	725	4.347825726399154	0	-14
0.890000581741333	711	4.347825726399154	0	-10
0.8950014114379883	701	4.347825726399154	0	-2
0.900000810623169	699	4.347825726399154	0	-3
0.9050002098083496	696	4.347825726399154	0	-1
0.9100015163421631	695	4.347825726399154	0	4
0.9150004386901855	699	4.347825726399154	0	5
0.9200005531311035	704	4.347825726399154	0	17
0.9250006675720215	721	4.444436909252745	1	30
0.9300014972686768	751	4.444436909252745	0	30
0.9350001811981201	781	4.444436909252745	0	27
0.9400012493133545	808	4.444436909252745	0	14
0.945000410079956	822	4.444436909252745	0	13
0.9500014781951904	835	4.444436909252745	0	6
0.9550001621246338	841	4.444436909252745	0	6
0.9600002765655518	847	4.444436909252745	0	5
0.9650003910064697	852	4.444436909252745	0	-1
0.9700005054473877	851	4.444436909252745	0	-3
0.9750003814697266	848	4.444436909252745	0	-10
0.9800007343292236	838	4.444436909252745	1	-22
0.9850003719329834	816	4.444436909252745	0	-31
0.9900012016296387	785	4.444436909252745	0	-31
0.9950003623962402	754	4.444436909252745	0	-20
1.000000238418579	734	4.444436909252745	0	-14
1.0050005912780762	720	4.444436909252745	0	-9
1.0100009441375732	711	4.444436909252745	0	-4
1.015000343322754	707	4.444436909252745	0	-7
1.0200011730194092	700	4.444436909252745	0	0
1.0250012874603271	700	4.444436909252745	0	-1
1.0300014019012451	699	4.444436909252745	0	2
1.0350010395050049	701	4.444436909252745	0	10
1.0400006771087646	711	4.444446328246362	1	15
1.0450005531311035	726	4.444446328246362	0	35
1.0500006675720215	761	4.444446328246362	0	34
1.0550010204315186	795	4.444446328246362	0	28
1.0600013732910156	823	4.444446328246362	0	18
1.0650010108947754	841	4.444446328246362	0	11
1.0700011253356934	852	4.444446328246362	0	7
1.0750017166137695	859	4.444446328246362	0	2
1.0800001621246338	861	4.444446328246362	0	-1
1.0850012302398682	860	4.444446328246362	0	-6
1.0900006294250488	854	4.444446328246362	0	-29
1.0950002670288086	825	4.444460456811643	1	-40
1.1000008583068848	785	4.444460456811643	0	-40
1.1050002574920654	745	4.444460456811643	0	-24
1.1100006103515625	721	4.444460456811643	0	-11
1.1150007247924805	710	4.444460456811643	0	-10
1.1200003623962402	700	4.444460456811643	0	-2
1.1250009536743164	698	4.444460456811643	0	-2
1.130000352859497	696	4.444460456811643	0	1
1.1350014209747314	697	4.444460456811643	0	2
1.1400010585784912	699	4.444460456811643	0	2
1.1450002193450928	701	4.444460456811643	0	15
1.150000810623169	716	4.444441618744563	1	23
1.155001163482666	739	4.444441618744563	0	31
1.1600010395050049	770	4.444441618744563	0	34
1.1650009155273438	804	4.444441618744563	0	17
1.1700007915496826	821	4.444441618744563	0	12
1.1750011444091797	833	4.444441618744563	0	11
1.1800012588500977	844	4.444441618744563	0	5
1.1850004196166992	849	4.444441618744563	0	4
1.1900012493133545	853	4.444441618744563	0	-2
1.1950011253356934	851	4.444441618744563	0	-4
1.2000007629394531	847	4.444441618744563	0	-9
1.205000400543213	838	4.444451037758141	1	-20
1.210000991821289	818	4.444451037758141	0	-28
1.2150001525878906	790	4.444451037758141	0	-31
1.2200007438659668	759	4.444451037758141	0	-20
1.2250006198883057	739	4.444451037758141	0	-16
1.23000168800354	723	4.444451037758141	0	-10
1.2350006103515625	713	4.444451037758141	0	-5
1.2400002479553223	708	4.444451037758141	0	-6
1.2450006008148193	702	4.444451037758141	0	-1
1.2500011920928955	701	4.444451037758141	0	-2
1.2550010681152344	699	4.444451037758141	0	2
1.260000228881836	701	4.444451037758141	0	11
1.2650010585784912	712	4.444436909252745	1	19
1.2700011730194092	731	4.444436909252745	0	36
1.2750015258789062	767	4.444436909252745	0	33
1.2800016403198242	800	4.444436909252745	0	26
1.2850008010864258	826	4.444436909252745	0	18
1.2900006771087646	844	4.444436909252745	0	8
1.2950003147125244	852	4.444436909252745	0	7
1.300001621246338	859	4.444436909252745	0	4
1.3050010204315186	863	4.444436909252745	0	-1
1.3100001811981201	862	4.444436909252745	0	-12
1.3150012493133545	850	4.545434250409915	1	-29
1.3200013637542725	821	4.545434250409915	0	-40
1.3250007629394531	781	4.545434250409915	0	-39
1.330000638961792	742	4.545434250409915	0	-22
1.3350005149841309	720	4.545434250409915	0	-12
1.340000867843628	708	4.545434250409915	0	-8
1.3450007438659668	700	4.545434250409915	0	-3
1.3500008583068848	697	4.545434250409915	0	-2
1.3550012111663818	695	4.545434250409915	0	-1
1.3600013256072998	694	4.545434250409915	0	6
1.3650007247924805	700	4.545434250409915	0	4
1.3700001239776611	704	4.545434250409915	0	16
1.375000238418579	720	4.4444557472799024	1	27
1.3800005912780762	747	4.4444557472799024	0	33
1.385000467300415	780	4.4444557472799024	0	29
1.390000820159912	809	4.4444557472799024	0	15
1.39500093460083	824	4.4444557472799024	0	12
1.400001049041748	836	4.4444557472799024	0	8
1.4050006866455078	844	4.4444557472799024	0	6
1.4100005626678467	850	4.4444557472799024	0	3
1.4150011539459229	853	4.4444557472799024	0	-4
1.4200005531311035	849	4.4444557472799024	0	-4
1.4250009059906006	845	4.4444557472799024	0	-14
1.4300005435943604	831	4.444441618744563	1	-23
1.4350008964538574	808	4.444441618744563	0	-31
1.4400010108947754	777	4.444441618744563	0	-29
1.4450006484985352	748	4.444441618744563	0	-16
1.4500012397766113	732	4.444441618744563	0	-14
1.4550011157989502	718	4.444441618744563	0	-9
1.4600014686584473	709	4.444441618744563	0	-3
1.465000867843628	706	4.444441618744563	0	-6
1.470000982284546	700	4.444441618744563	0	0
1.4750008583068848	700	4.444441618744563	0	0
1.4800004959106445	700	4.444441618744563	0	6
1.4850003719329834	706	4.444441618744563	0	14
1.4900014400482178	720	4.444436909252745	1	24
1.4950006008148193	744	4.444436909252745	0	37
1.5000007152557373	781	4.444436909252745	0	31
1.5050015449523926	812	4.444436909252745	0	21
1.5100007057189941	833	4.444436909252745	0	15
1.515000581741333	848	4.444436909252745	0	7
1.5200016498565674	855	4.444436909252745	0	6
1.5250003337860107	861	4.444436909252745	0	3
1.5300006866455078	864	4.444436909252745	0	-6
1.535001277923584	858	4.444436909252745	0	-16
1.5400009155273438	842	4.444451037758141	1	-36
1.5450007915496826	806	4.444451037758141	0	-44
1.5500011444091797	762	4.444451037758141	0	-30
1.5550010204315186	732	4.444451037758141	0	-19
1.5600011348724365	713	4.444451037758141	0	-7
1.5650007724761963	706	4.444451037758141	0	-7
1.5700011253356934	699	4.444451037758141	0	-2
1.575000286102295	697	4.444451037758141	0	-1
1.580000877380371	696	4.444451037758141	0	0
1.5850005149841309	696	4.444451037758141	0	8
1.590001106262207	704	4.651144016438617	1	8
1.5950007438659668	712	4.651144016438617	0	27
1.6000010967254639	739	4.651144016438617	0	33
1.6050007343292236	772	4.651144016438617	0	30
1.6100010871887207	802	4.651144016438617	0	19
1.6150014400482178	821	4.651144016438617	0	11
1.6200010776519775	832	4.651144016438617	0	9
1.625000238418579	841	4.651144016438617	0	8
1.6300008296966553	849	4.651144016438617	0	1
1.6350011825561523	850	4.651144016438617	0	3
1.6400010585784912	853	4.651144016438617	0	-5
1.64500093460083	848	4.651144016438617	0	-7
1.6500005722045898	841	4.651144016438617	0	-18
1.6550006866455078	823	4.444441618744563	1	-29
1.6600005626678467	794	4.444441618744563	0	-31
1.6650006771087646	763	4.444441618744563	0	-26
1.6700012683868408	737	4.444441618744563	0	-13
1.6750011444091797	724	4.444441618744563	0	-11
1.6800003051757812	713	4.444441618744563	0	-8
1.6850006580352783	705	4.444441618744563	0	-1
1.6900014877319336	704	4.444441618744563	0	-6
1.6950011253356934	698	4.444441618744563	0	2
1.700000286102295	700	4.444441618744563	0	4
1.705000400543213	704	4.444441618744563	0	9
1.710000991821289	713	4.54546380636037	1	26
1.7150001525878906	739	4.54546380636037	0	32
1.7200007438659668	771	4.54546380636037	0	36
1.7250001430511475	807	4.54546380636037	0	22
1.7300004959106445	829	4.54546380636037	0	15
1.7350001335144043	844	4.54546380636037	0	11
1.7400009632110596	855	4.54546380636037	0	2
1.7450001239776611	857	4.54546380636037	0	6
1.7500009536743164	863	4.54546380636037	0	-2
1.7550013065338135	861	4.54546380636037	0	-13
1.7600007057189941	848	4.545458880341936	1	-24
1.7650015354156494	824	4.545458880341936	0	-46
1.7700004577636719	778	4.545458880341936	0	-36
1.775000810623169	742	4.545458880341936	0	-22
1.7800014019012451	720	4.545458880341936	0	-15
1.7850008010864258	705	4.545458880341936	0	-3
1.7900004386901855	702	4.545458880341936	0	-7
1.7950003147125244	695	4.545458880341936	0	1
1.8000006675720215	696	4.545458880341936	0	0
1.8050012588500977	696	4.545458880341936	0	3
1.8100008964538574	699	4.545458880341936	0	12
1.815000295639038	711	4.444460456811643	1	22
1.8200008869171143	733	4.444460456811643	0	37
1.825000286102295	770	4.444460456811643	0	30
1.830000638961792	800	4.444460456811643	0	19
1.8350002765655518	819	4.444460456811643	0	14
1.8400006294250488	833	4.444460456811643	0	7
1.845001220703125	840	4.444460456811643	0	9
1.8500001430511475	849	4.444460456811643	0	2
1.8550004959106445	851	4.444460456811643	0	0
1.8600010871887207	851	4.444460456811643	0	-2
1.8650004863739014	849	4.444460456811643	0	-9
1.8700003623962402	840	4.651169805294897	1	-17
1.8750011920928955	823	4.651169805294897	0	-31
1.880000352859497	792	4.651169805294897	0	-31
1.8850007057189941	761	4.651169805294897	0	-22
1.890000581741333	739	4.651169805294897	0	-17
1.8950011730194092	722	4.651169805294897	0	-9
1.9000003337860107	713	4.651169805294897	0	-6
1.9050006866455078	707	4.651169805294897	0	-6
1.910001516342163	701	4.651169805294897	0	0
1.9150006771087646	701	4.651169805294897	0	-3
1.9200010299682617	698	4.651169805294897	0	6
1.9250011444091797	704	4.651169805294897	0	9
1.9300005435943604	713	4.54546380636037	1	23
1.9350008964538574	736	4.54546380636037	0	37
1.9400012493133545	773	4.54546380636037	0	33
1.9450006484985352	806	4.54546380636037	0	24
1.9500007629394531	830	4.54546380636037	0	15
1.955000638961792	845	4.54546380636037	0	9
1.9600012302398682	854	4.54546380636037	0	7
1.9650003910064697	861	4.54546380636037	0	0
1.9700007438659668	861	4.54546380636037	0	1
1.9750006198883057	862	4.54546380636037	0	-14
1.9800009727478027	848	4.545449028337098	1	-30
1.9850008487701416	818	4.545449028337098	0	-42
1.9900009632110596	776	4.545449028337098	0	-38
1.9950001239776611	738	4.545449028337098	0	-19
2.0000011920928955	719	4.545449028337098	0	-12
2.0050017833709717	707	4.545449028337098	0	-8
2.0100009441375732	699	4.545449028337098	0	-1
2.015000820159912	698	4.545449028337098	0	-4
2.0200002193450928	694	4.545449028337098	0	3
2.0250003337860107	697	4.545449028337098	0	4
2.030001163482666	701	4.545449028337098	0	8
2.035000801086426	709	4.545444102350693	1	25
2.0400006771087646	734	4.545444102350693	0	34
2.0450010299682617	768	4.545444102350693	0	32
2.0500004291534424	800	4.545444102350693	0	20
2.0550012588500977	820	4.545444102350693	0	11
2.06000018119812	831	4.545444102350693	0	11
2.0650010108947754	842	4.545444102350693	0	6
2.070000410079956	848	4.545444102350693	0	3
2.075000286102295	851	4.545444102350693	0	1
2.0800013542175293	852	4.545444102350693	0	-5
2.0850002765655518	847	4.545444102350693	0	-6
2.0900001525878906	841	4.545444102350693	0	-19
2.095000982284546	822	4.444432199770907	1	-29
2.100001335144043	793	4.444432199770907	0	-33
2.105001211166382	760	4.444432199770907	0	-24
2.1100003719329834	736	4.444432199770907	0	-13
2.1150014400482178	723	4.444432199770907	0	-12
2.1200006008148193	711	4.444432199770907	0	-5
2.1250007152557373	706	4.444432199770907	0	-4
2.1300008296966553	702	4.444432199770907	0	-3
2.1350014209747314	699	4.444432199770907	0	2
2.140000581741333	701	4.444432199770907	0	3
2.14500093460083	704	4.444432199770907	0	16
2.1500003337860107	720	4.545458880341936	1	29
2.155001163482666	749	4.545458880341936	0	35
2.1600005626678467	784	4.545458880341936	0	32
2.1650004386901855	816	4.545458880341936	0	19
2.1700003147125244	835	4.545458880341936	0	15
2.1750006675720215	850	4.545458880341936	0	6
2.1800010204315186	856	4.545458880341936	0	3
2.1850008964538574	859	4.545458880341936	0	4
2.190000295639038	863	4.545458880341936	0	-6
2.195000410079956	857	4.545458880341936	0	-15
2.200000762939453	842	4.545458880341936	1	-34
2.205000400543213	808	4.545458880341936	0	-45
2.2100014686584473	763	4.545458880341936	0	-29
2.215001106262207	734	4.545458880341936	0	-20
2.2200005054473877	714	4.545458880341936	0	-8
2.225001573562622	706	4.545458880341936	0	-6
2.230001211166382	700	4.545458880341936	0	-4
2.2350008487701416	696	4.545458880341936	0	2
2.2400004863739014	698	4.545458880341936	0	-1
2.2450013160705566	697	4.545458880341936	0	8
2.2500007152557373	705	4.651164647500762	1	15
2.255000591278076	720	4.651164647500762	0	31
2.260000705718994	751	4.651164647500762	0	34
2.2650015354156494	785	4.651164647500762	0	24
2.2700002193450928	809	4.651164647500762	0	16
2.275001287460327	825	4.651164647500762	0	10
2.280000925064087	835	4.651164647500762	0	8
2.285001754760742	843	4.651164647500762	0	7
2.2900004386901855	850	4.651164647500762	0	1
2.2950005531311035	851	4.651164647500762	0	1
2.3000001907348633	852	4.651164647500762	0	-5
2.3050003051757812	847	4.651164647500762	0	-11
2.310000419616699	836	4.65117496310047	1	-22
2.315000295639038	814	4.65117496310047	0	-36
2.3200008869171143	778	4.65117496310047	0	-29
2.3250012397766113	749	4.65117496310047	0	-18
2.330000877380371	731	4.65117496310047	0	-15
2.335000991821289	716	4.65117496310047	0	-6
2.340001344680786	710	4.65117496310047	0	-9
2.3450005054473877	701	4.65117496310047	0	-1
2.3500001430511475	700	4.65117496310047	0	-1
2.3550004959106445	699	4.65117496310047	0	1
2.3600013256073	700	4.65117496310047	0	11
2.3650002479553223	711	4.651164647500762	1	15
2.370000123977661	726	4.651164647500762	0	34
2.3750016689300537	760	4.651164647500762	0	33
2.380000591278076	793	4.651164647500762	0	26
2.385000467300415	819	4.651164647500762	0	21
2.390000343322754	840	4.651164647500762	0	10
2.39500093460083	850	4.651164647500762	0	7
2.4000015258789062	857	4.651164647500762	0	4
2.405001163482666	861	4.651164647500762	0	1
2.410000801086426	862	4.651164647500762	0	-7
2.415001153945923	855	4.651164647500762	0	-25
2.420001268386841	830	4.545444102350693	1	-42
2.4250006675720215	788	4.545444102350693	0	-41
2.4300003051757812	747	4.545444102350693	0	-26
2.43500018119812	721	4.545444102350693	0	-11
2.4400012493133545	710	4.545444102350693	0	-12
2.4450008869171143	698	4.545444102350693	0	-1
2.4500014781951904	697	4.545444102350693	0	-1
2.455000162124634	696	4.545444102350693	0	-2
2.460001230239868	694	4.545444102350693	0	6
2.4650003910064697	700	4.545444102350693	0	6
2.470001220703125	706	4.545444102350693	0	20
2.4750008583068848	726	4.444441618744563	1	30
2.4800009727478027	756	4.444441618744563	0	34
2.4850013256073	790	4.444441618744563	0	24
2.4900007247924805	814	4.444441618744563	0	12
2.4950003623962402	826	4.444441618744563	0	11
2.5000009536743164	837	4.444441618744563	0	8
2.5050013065338135	845	4.444441618744563	0	5
2.5100011825561523	850	4.444441618744563	0	3
2.515001058578491	853	4.444441618744563	0	-4
2.5200016498565674	849	4.444441618744563	0	-9
2.5250003337860107	840	4.651164647500762	1	-17
2.530000686645508	823	4.651164647500762	0	-29
2.5350005626678467	794	4.651164647500762	0	-31
2.5400002002716064	763	4.651164647500762	0	-24
2.5450003147125244	739	4.651164647500762	0	-14
2.5500004291534424	725	4.651164647500762	0	-11
2.5550005435943604	714	4.651164647500762	0	-8
2.5600016117095947	706	4.651164647500762	0	-2
2.5650010108947754	704	4.651164647500762	0	-5
2.5700011253356934	699	4.651164647500762	0	1
2.5750012397766113	700	4.651164647500762	0	2
2.5800013542175293	702	4.651164647500762	0	6
2.58500075340271	708	4.651164647500762	0	22
2.590000629425049	730	4.444436909252745	1	32
2.5950005054473877	762	4.444436909252745	0	35
2.600001335144043	797	4.444436909252745	0	28
2.605001211166382	825	4.444436909252745	0	17
2.6100008487701416	842	4.444436909252745	0	11
2.6150007247924805	853	4.444436909252745	0	5
2.620000123977661	858	4.444436909252745	0	5
2.6250011920928955	863	4.444436909252745	0	-3
2.630000591278076	860	4.444436909252745	0	-12
2.6350014209747314	848	4.651159489718068	1	-28
2.640000343322754	820	4.651159489718068	0	-47
2.645001173019409	773	4.651159489718068	0	-36
2.650001049041748	737	4.651159489718068	0	-19
2.655000925064087	718	4.651159489718068	0	-13
2.660001039505005	705	4.651159489718068	0	-4
2.6650004386901855	701	4.651159489718068	0	-6
2.6700003147125244	695	4.651159489718068	0	1
2.6750004291534424	696	4.651159489718068	0	1
2.6800007820129395	697	4.651159489718068	0	2
2.68500018119812	699	4.651159489718068	0	13
2.6900014877319336	712	4.651149174186995	1	19
2.695000648498535	731	4.651149174186995	0	33
2.7000010013580322	764	4.651149174186995	0	31
2.705000877380371	795	4.651149174186995	0	21
2.7100002765655518	816	4.651149174186995	0	14
2.715000629425049	830	4.651149174186995	0	7
2.720000982284546	837	4.651149174186995	0	9
2.7250006198883057	846	4.651149174186995	0	5
2.7300007343292236	851	4.651149174186995	0	1
2.7350006103515625	852	4.651149174186995	0	-3
2.7400009632110596	849	4.651149174186995	0	-11
2.7450006008148193	838	4.545449028337098	1	-20
2.750000476837158	818	4.545449028337098	0	-31
2.7550008296966553	787	4.545449028337098	0	-32
2.7600016593933105	755	4.545449028337098	0	-21
2.765000343322754	734	4.545449028337098	0	-15
2.7700002193450928	719	4.545449028337098	0	-8
2.775001049041748	711	4.545449028337098	0	-6
2.780001401901245	705	4.545449028337098	0	-4
2.785001277923584	701	4.545449028337098	0	0
2.790001153945923	701	4.545449028337098	0	-2
2.795001268386841	699	4.545449028337098	0	4
2.8000004291534424	703	4.545449028337098	0	12
2.8050007820129395	715	4.651159489718068	1	21
2.81000018119812	736	4.651159489718068	0	38
2.8150007724761963	774	4.651159489718068	0	32
2.820000171661377	806	4.651159489718068	0	26
2.825000286102295	832	4.651159489718068	0	14
2.83000111579895	846	4.651159489718068	0	6
2.8350002765655518	852	4.651159489718068	0	9
2.840000629425049	861	4.651159489718068	0	0
2.845001459121704	861	4.651159489718068	0	-3
2.850001096725464	858	4.651159489718068	0	-16
2.8550004959106445	842	4.5454736584292705	1	-34
2.8600010871887207	808	4.5454736584292705	0	-46
2.8650014400482178	762	4.5454736584292705	0	-32
2.8700003623962402	730	4.5454736584292705	0	-17
2.875000476837158	713	4.5454736584292705	0	-8
2.8800010681152344	705	4.5454736584292705	0	-7
2.8850011825561523	698	4.5454736584292705	0	-1
2.8900012969970703	697	4.5454736584292705	0	-3
2.895001173019409	694	4.5454736584292705	0	3
2.900001287460327	697	4.5454736584292705	0	7
2.9050004482269287	704	4.5454736584292705	0	11
2.9100003242492676	715	4.545478584479735	1	29
2.9150004386901855	744	4.545478584479735	0	33
2.9200010299682617	777	4.545478584479735	0	27
2.9250011444091797	804	4.545478584479735	0	16
2.9300005435943604	820	4.545478584479735	0	14
2.935000419616699	834	4.545478584479735	0	9
2.9400012493133545	843	4.545478584479735	0	5
2.945000648498535	848	4.545478584479735	0	4
2.950000286102295	852	4.545478584479735	0	-1
2.955000162124634	851	4.545478584479735	0	-6
2.9600002765655518	845	4.545478584479735	0	-11
2.965000629425049	834	4.545453954334178	1	-27
2.970001459121704	807	4.545453954334178	0	-32
2.9750001430511475	775	4.545453954334178	0	-28
2.9800002574920654	747	4.545453954334178	0	-20
2.985001564025879	727	4.545453954334178	0	-11
2.9900007247924805	716	4.545453954334178	0	-9
2.995000123977661	707	4.545453954334178	0	-4
3.000000476837158	703	4.545453954334178	0	-2
3.0050013065338135	701	4.545453954334178	0	-3
3.010000705718994	698	4.545453954334178	0	4
3.015000581741333	702	4.545453954334178	0	6
3.020001173019409	708	4.545453954334178	0	18
3.025001287460327	726	4.545444102350693	1	30
3.030000925064087	756	4.545444102350693	0	34
3.035001039505005	790	4.545444102350693	0	30
3.040001392364502	820	4.545444102350693	0	18
3.0450010299682617	838	4.545444102350693	0	13
3.0500011444091797	851	4.545444102350693	0	7
3.0550005435943604	858	4.545444102350693	0	3
3.0600013732910156	861	4.545444102350693	0	0
3.0650007724761963	861	4.545444102350693	0	-11
3.0700008869171143	850	4.651154331946811	1	-29
3.075000524520874	821	4.651154331946811	0	-44
3.080000162124634	777	4.651154331946811	0	-38
3.085001230239868	739	4.651154331946811	0	-18
3.090000629425049	721	4.651154331946811	0	-15
3.095000982284546	706	4.651154331946811	0	-5
3.1000006198883057	701	4.651154331946811	0	-4
3.1050007343292236	697	4.651154331946811	0	-3
3.1100003719329834	694	4.651154331946811	0	3
3.1150012016296387	697	4.651154331946811	0	0
3.120000123977661	697	4.651154331946811	0	9
3.1250014305114746	706	4.651138858701679	1	19
3.1300008296966553	725	4.651138858701679	0	32
3.1350009441375732	757	4.651138858701679	0	37
3.140000343322754	794	4.651138858701679	0	22
3.145000696182251	816	4.651138858701679	0	14
3.150000810623169	830	4.651138858701679	0	9
3.155001401901245	839	4.651138858701679	0	10
3.160000801086426	849	4.651138858701679	0	3
3.1650004386901855	852	4.651138858701679	0	-1
3.1700005531311035	851	4.651138858701679	0	-3
3.1750011444091797	848	4.651138858701679	0	-9
3.1800005435943604	839	4.651164647500762	1	-20
3.1850006580352783	819	4.651164647500762	0	-29
3.190000295639038	790	4.651164647500762	0	-33
3.1950008869171143	757	4.651164647500762	0	-21
3.2000010013580322	736	4.651164647500762	0	-14
3.205000877380371	722	4.651164647500762	0	-11
3.2100002765655518	711	4.651164647500762	0	-6
3.2150003910064697	705	4.651164647500762	0	-4
3.220001220703125	701	4.651164647500762	0	-2
3.2250003814697266	699	4.651164647500762	0	1
3.2300009727478027	700	4.651164647500762	0	2
3.2350001335144043	702	4.651164647500762	0	14
3.2400004863739014	716	4.651180120917482	1	26
3.2450003623962402	742	4.651180120917482	0	36
3.2500011920928955	778	4.651180120917482	0	32
3.2550013065338135	810	4.651180120917482	0	22
3.260000467300415	832	4.651180120917482	0	15
3.265000343322754	847	4.651180120917482	0	7
3.270000696182251	854	4.651180120917482	0	6
3.27500057220459	860	4.651180120917482	0	2
3.280000686645508	862	4.651180120917482	0	-5
3.285001277923584	857	4.651180120917482	0	-15
3.290001153945923	842	4.545449028337098	1	-41
3.2950003147125244	801	4.545449028337098	0	-41
3.300001382827759	760	4.545449028337098	0	-29
3.3050012588500977	731	4.545449028337098	0	-19
3.31000018119812	712	4.545449028337098	0	-7
3.3150007724761963	705	4.545449028337098	0	-8
3.320000171661377	697	4.545449028337098	0	-1
3.325000286102295	696	4.545449028337098	0	0
3.330000162124634	696	4.545449028337098	0	0
3.3350002765655518	696	4.545449028337098	0	9
3.340001344680786	705	4.651164647500762	1	13
3.345001220703125	718	4.651164647500762	0	32
3.3500003814697266	750	4.651164647500762	0	38
3.355001449584961	788	4.651164647500762	0	23
3.3600010871887207	811	4.651164647500762	0	17
3.3650002479553223	828	4.651164647500762	0	9
3.3700010776519775	837	4.651164647500762	0	9
3.3750011920928955	846	4.651164647500762	0	5
3.3800013065338135	851	4.651164647500762	0	3
3.3850009441375732	854	4.651164647500762	0	-4
3.390000581741333	850	4.651164647500762	0	-8
3.3950002193450928	842	4.651169805294897	1	-15
3.40000057220459	827	4.651169805294897	0	-28
3.405001163482666	799	4.651169805294897	0	-34
3.4100005626678467	765	4.651169805294897	0	-23
3.4150009155273438	742	4.651169805294897	0	-19
3.4200010299682617	723	4.651169805294897	0	-10
3.4250001907348633	713	4.651169805294897	0	-5
3.4300005435943604	708	4.651169805294897	0	-7
3.4350006580352783	701	4.651169805294897	0	0
3.440000534057617	701	4.651169805294897	0	-3
3.4450011253356934	698	4.651169805294897	0	5
3.4500010013580322	703	4.651169805294897	0	11
3.455000400543213	714	4.651164647500762	1	23
3.46000075340271	737	4.651164647500762	0	37
3.465000629425049	774	4.651164647500762	0	31
3.4700005054473877	805	4.651164647500762	0	25
3.4750001430511475	830	4.651164647500762	0	15
3.480001211166382	845	4.651164647500762	0	9
3.4850008487701416	854	4.651164647500762	0	6
3.4900012016296387	860	4.651164647500762	0	2
3.4950010776519775	862	4.651164647500762	0	-2
3.500000238418579	860	4.651164647500762	0	-16
3.505000352859497	844	4.651180120917482	1	-36
3.5100009441375732	808	4.651180120917482	0	-43
3.5150012969970703	765	4.651180120917482	0	-34
3.520000457763672	731	4.651180120917482	0	-17
3.5250015258789062	714	4.651180120917482	0	-10
3.530000925064087	704	4.651180120917482	0	-7
3.535001039505005	697	4.651180120917482	0	1
3.5400006771087646	698	4.651180120917482	0	-3
3.545001268386841	695	4.651180120917482	0	3
3.5500001907348633	698	4.651180120917482	0	7
3.5550003051757812	705	4.651180120917482	0	15
3.5600011348724365	720	4.545458880341936	1	32
3.565000295639038	752	4.545458880341936	0	35
3.570000410079956	787	4.545458880341936	0	26
3.5750010013580322	813	4.545458880341936	0	15
3.580000877380371	828	4.545458880341936	0	8
3.5850002765655518	836	4.545458880341936	0	10
3.590000867843628	846	4.545458880341936	0	3
3.5950002670288086	849	4.545458880341936	0	3
3.6000008583068848	852	4.545458880341936	0	-2
3.6050007343292236	850	4.545458880341936	0	-8
3.6100006103515625	842	4.651154331946811	1	-13
3.6150004863739014	829	4.651154331946811	0	-31
3.620000123977661	798	4.651154331946811	0	-31
3.6250011920928955	767	4.651154331946811	0	-26
3.630000591278076	741	4.651154331946811	0	-17
3.6350009441375732	724	4.651154331946811	0	-10
3.640000820159912	714	4.651154331946811	0	-8
3.64500093460083	706	4.651154331946811	0	-4
3.650001049041748	702	4.651154331946811	0	-1
3.655001163482666	701	4.651154331946811	0	-3
3.660001277923584	698	4.651154331946811	0	6
3.6650009155273438	704	4.651154331946811	0	9
3.6700007915496826	713	4.651154331946811	1	25
3.6750011444091797	738	4.651154331946811	0	37
3.6800007820129395	775	4.651154331946811	0	31
3.6850011348724365	806	4.651154331946811	0	25
3.690000534057617	831	4.651154331946811	0	15
3.6950008869171143	846	4.651154331946811	0	8
3.700000286102295	854	4.651154331946811	0	6
3.70500111579895	860	4.651154331946811	0	2
3.710001230239868	862	4.651154331946811	0	-3
3.7150003910064697	859	4.651154331946811	0	-18
3.720000982284546	841	4.651149174186995	1	-35
3.725001335144043	806	4.651149174186995	0	-46
3.730001211166382	760	4.651149174186995	0	-33
3.7350008487701416	727	4.651149174186995	0	-14
3.7400014400482178	713	4.651149174186995	0	-11
3.745000123977661	702	4.651149174186995	0	-4
3.7500007152557373	698	4.651149174186995	0	-1
3.755000591278076	697	4.651149174186995	0	-2
3.760000467300415	695	4.651149174186995	0	5
3.765000820159912	700	4.651149174186995	0	6
3.770000457763672	706	4.651149174186995	0	21
3.7750003337860107	727	4.651180120917482	1	33
3.780001401901245	760	4.651180120917482	0	31
3.785000801086426	791	4.651180120917482	0	26
3.790001153945923	817	4.651180120917482	0	12
3.795001268386841	829	4.651180120917482	0	9
3.8000001907348633	838	4.651180120917482	0	8
3.8050012588500977	846	4.651180120917482	0	4
3.810000419616699	850	4.651180120917482	0	1
3.8150012493133545	851	4.651180120917482	0	-2
3.820000171661377	849	4.651180120917482	0	-6
3.8250010013580322	843	4.651180120917482	0	-15
3.830000877380371	828	4.545449028337098	1	-31
3.83500075340271	797	4.545449028337098	0	-31
3.840000629425049	766	4.545449028337098	0	-28
3.845000982284546	738	4.545449028337098	0	-16
3.850001096725464	722	4.545449028337098	0	-10
3.855001449584961	712	4.545449028337098	0	-8
3.8600006103515625	704	4.545449028337098	0	-1
3.8650007247924805	703	4.545449028337098	0	-2
3.870000123977661	701	4.545449028337098	0	-1
3.8750014305114746	700	4.545449028337098	0	8
3.8800010681152344	708	4.761898490585317	1	11
3.885000228881836	719	4.761898490585317	0	30
3.890000581741333	749	4.761898490585317	0	33
3.89500093460083	782	4.761898490585317	0	31
3.900001049041748	813	4.761898490585317	0	21
3.9050004482269287	834	4.761898490585317	0	12
3.910001039505005	846	4.761898490585317	0	11
3.9150009155273438	857	4.761898490585317	0	2
3.9200007915496826	859	4.761898490585317	0	3
3.9250006675720215	862	4.761898490585317	0	-4
3.9300007820129395	858	4.761898490585317	0	-20
3.935000419616699	838	4.65117496310047	1	-37
3.940000295639038	801	4.65117496310047	0	-48
3.945000171661377	753	4.65117496310047	0	-26
3.9500014781951904	727	4.65117496310047	0	-15
3.9550013542175293	712	4.65117496310047	0	-12
3.960001230239868	700	4.65117496310047	0	-1
3.9650001525878906	699	4.65117496310047	0	-4
3.970001220703125	695	4.65117496310047	0	2
3.9750008583068848	697	4.65117496310047	0	3
3.9800002574920654	700	4.65117496310047	0	8
3.9850008487701416	708	4.761893084288708	1	23
3.9900002479553223	731	4.761893084288708	0	31
3.9950003623962402	762	4.761893084288708	0	32
4.000000476837158	794	4.761893084288708	0	23
4.005000352859497	817	4.761893084288708	0	10
4.010000467300415	827	4.761893084288708	0	12
4.015000820159912	839	4.761893084288708	0	7
4.020000696182251	846	4.761893084288708	0	5
4.025000810623169	851	4.761893084288708	0	1
4.030000925064087	852	4.761893084288708	0	-4
4.035000324249268	848	4.761893084288708	0	-8
4.040001630783081	840	4.761887678004376	1	-21
4.045000791549683	819	4.761887678004376	0	-31
4.05000114440918	788	4.761887678004376	0	-32
4.0550007820129395	756	4.761887678004376	0	-24
4.06000018119812	732	4.761887678004376	0	-12
4.065000295639038	720	4.761887678004376	0	-11
4.070000886917114	709	4.761887678004376	0	-4
4.075000286102295	705	4.761887678004376	0	-3
4.080000877380371	702	4.761887678004376	0	-3
4.085000276565552	699	4.761887678004376	0	2
4.090000629425049	701	4.761887678004376	0	4
4.095000743865967	705	4.761887678004376	0	15
4.1000001430511475	720	4.5454736584292705	1	27
4.105000734329224	747	4.5454736584292705	0	33
4.110000848770142	780	4.5454736584292705	0	33
4.1150007247924805	813	4.5454736584292705	0	21
4.120000839233398	834	4.5454736584292705	0	14
4.125000953674316	848	4.5454736584292705	0	9
4.130000829696655	857	4.5454736584292705	0	3
4.135001182556152	860	4.5454736584292705	0	1
4.140000820159912	861	4.5454736584292705	0	-9
4.14500093460083	852	4.761893084288708	1	-25
4.150001525878906	827	4.761893084288708	0	-43
4.155000686645508	784	4.761893084288708	0	-43
4.160000324249268	741	4.761893084288708	0	-19
4.1650002002716064	722	4.761893084288708	0	-15
4.170000314712524	707	4.761893084288708	0	-6
4.175000429153442	701	4.761893084288708	0	-3
4.1800007820129395	698	4.761893084288708	0	-5
4.185000419616699	693	4.761893084288708	0	5
4.190001487731934	698	4.761893084288708	0	0
4.195000648498535	698	4.761893084288708	0	8
4.200000524520874	706	4.651169805294897	1	18
4.205000400543213	724	4.651169805294897	0	29
4.210000991821289	753	4.651169805294897	0	37
4.215000152587891	790	4.651169805294897	0	24
4.220000505447388	814	4.651169805294897	0	15
4.225000381469727	829	4.651169805294897	0	11
4.23000168800354	840	4.651169805294897	0	6
4.2350006103515625	846	4.651169805294897	0	5
4.240000247955322	851	4.651169805294897	0	1
4.2450010776519775	852	4.651169805294897	0	-4
4.250000238418579	848	4.651169805294897	0	-10
4.255000591278076	838	4.651185278745935	1	-22
4.260000944137573	816	4.651185278745935	0	-30
4.265001535415649	786	4.651185278745935	0	-32
4.270000457763672	754	4.651185278745935	0	-20
4.275000810623169	734	4.651185278745935	0	-14
4.280000686645508	720	4.651185278745935	0	-11
4.285000801086426	709	4.651185278745935	0	-3
4.2900002002716064	706	4.651185278745935	0	-6
4.295000314712524	700	4.651185278745935	0	-1
4.300001382827759	699	4.651185278745935	0	1
4.305001258850098	700	4.651185278745935	0	3
4.3100011348724365	703	4.651185278745935	0	15
4.315000772476196	718	4.651149174186995	1	25
4.320000886917114	743	4.651149174186995	0	39
4.325000524520874	782	4.651149174186995	0	33
4.33000111579895	815	4.651149174186995	0	19
4.335001230239868	834	4.651149174186995	0	15
4.340000867843628	849	4.651149174186995	0	7
4.345000267028809	856	4.651149174186995	0	6
4.3500001430511475	862	4.651149174186995	0	0
4.355000734329224	862	4.651149174186995	0	-9
4.360001087188721	853	4.651159489718068	1	-23
4.3650007247924805	830	4.651159489718068	0	-44
4.3700010776519775	786	4.651159489718068	0	-41
4.375001430511475	745	4.651159489718068	0	-23
4.380000829696655	722	4.651159489718068	0	-15
4.385000228881836	707	4.651159489718068	0	-4
4.39000129699707	703	4.651159489718068	0	-6
4.395001411437988	697	4.651159489718068	0	-1
4.400001287460327	696	4.651159489718068	0	0
4.405000925064087	696	4.651159489718068	0	0
4.410000562667847	696	4.651159489718068	0	10
4.4150004386901855	706	4.651164647500762	1	15
4.420001029968262	721	4.651164647500762	0	31
4.4250006675720215	752	4.651164647500762	0	37
4.4300007820129395	789	4.651164647500762	0	24
4.43500018119812	813	4.651164647500762	0	15
4.440000534057617	828	4.651164647500762	0	9
4.445000648498535	837	4.651164647500762	0	9
4.450001001358032	846	4.651164647500762	0	5
4.455000400543213	851	4.651164647500762	0	0
4.460000514984131	851	4.651164647500762	0	-1
4.465000152587891	850	4.651164647500762	0	-10
4.470000505447388	840	4.651164647500762	1	-17
4.475000619888306	823	4.651164647500762	0	-29
4.480000972747803	794	4.651164647500762	0	-34
4.4850006103515625	760	4.651164647500762	0	-22
4.49000096321106	738	4.651164647500762	0	-17
4.495000123977661	721	4.651164647500762	0	-9
4.500000953674316	712	4.651164647500762	0	-6
4.505000591278076	706	4.651164647500762	0	-6
4.510001182556152	700	4.651164647500762	0	1
4.515000343322754	701	4.651164647500762	0	-2
4.520000219345093	699	4.651164647500762	0	5
4.525000333786011	704	4.651164647500762	0	14
4.530000925064087	718	4.651159489718068	1	24
4.535000324249268	742	4.651159489718068	0	39
4.540000915527344	781	4.651159489718068	0	30
4.545001029968262	811	4.651159489718068	0	23
4.550000429153442	834	4.651159489718068	0	14
4.5550010204315186	848	4.651159489718068	0	6
4.5600011348724365	854	4.651159489718068	0	7
4.565000534057617	861	4.651159489718068	0	0
4.570000410079956	861	4.651159489718068	0	-5
4.575001239776611	856	4.651159489718068	0	-22
4.580001354217529	834	4.545449028337098	1	-44
4.585000514984131	790	4.545449028337098	0	-40
4.590001106262207	750	4.545449028337098	0	-27
4.595000982284546	723	4.545449028337098	0	-14
4.600000619888306	709	4.545449028337098	0	-7
4.605000734329224	702	4.545449028337098	0	-6
4.6100006103515625	696	4.545449028337098	0	1
4.615001440048218	697	4.545449028337098	0	-1
4.620000839233398	696	4.545449028337098	0	2
4.625000953674316	698	4.545449028337098	0	10
4.630001068115234	708	4.651149174186995	1	17
4.635000944137573	725	4.651149174186995	0	34
4.640001058578491	759	4.651149174186995	0	31
4.645001411437988	790	4.651149174186995	0	25
4.65000057220459	815	4.651149174186995	0	11
4.655001163482666	826	4.651149174186995	0	12
4.660000324249268	838	4.651149174186995	0	8
4.665001153945923	846	4.651149174186995	0	4
4.670000791549683	850	4.651149174186995	0	2
4.67500114440918	852	4.651149174186995	0	-3
4.68000054359436	849	4.651149174186995	0	-10
4.6850011348724365	839	4.651149174186995	1	-16
4.690001487731934	823	4.651149174186995	0	-30
4.695000648498535	793	4.651149174186995	0	-34
4.700000762939453	759	4.651149174186995	0	-22
4.70500111579895	737	4.651149174186995	0	-17
4.710001230239868	720	4.651149174186995	0	-7
4.715000629425049	713	4.651149174186995	0	-8
4.720000743865967	705	4.651149174186995	0	-4
4.7250001430511475	701	4.651149174186995	0	0
4.730000734329224	701	4.651149174186995	0	-3
4.735001087188721	698	4.651149174186995	0	8
4.740000247955322	706	4.76192011589451	1	13
4.74500036239624	719	4.76192011589451	0	29
4.750000476837158	748	4.76192011589451	0	37
4.755000829696655	785	4.76192011589451	0	31
4.760000705718994	816	4.76192011589451	0	21
4.765001535415649	837	4.76192011589451	0	11
4.77000093460083	848	4.76192011589451	0	8
4.775000810623169	856	4.76192011589451	0	6
4.780000925064087	862	4.76192011589451	0	0
4.785000562667847	862	4.76192011589451	0	-5
4.7900002002716064	857	4.76192011589451	0	-22
4.795000791549683	835	4.65117496310047	1	-38
4.800000429153442	797	4.65117496310047	0	-42
4.805001258850098	755	4.65117496310047	0	-30
4.8100011348724365	725	4.65117496310047	0	-14
4.8150012493133545	711	4.65117496310047	0	-9
4.820000171661377	702	4.65117496310047	0	-4
4.825000762939453	698	4.65117496310047	0	-1
4.830000400543213	697	4.65117496310047	0	-3
4.835000276565552	694	4.65117496310047	0	7
4.840001106262207	701	4.65117496310047	0	7
4.845000982284546	708	4.65117496310047	0	23
4.850000858306885	731	4.545458880341936	1	35
4.855001211166382	766	4.545458880341936	0	31
4.8600013256073	797	4.545458880341936	0	23
4.865000486373901	820	4.545458880341936	0	11
4.870000123977661	831	4.545458880341936	0	10
4.875000238418579	841	4.545458880341936	0	7
4.880000591278076	848	4.545458880341936	0	3
4.885001182556152	851	4.545458880341936	0	1
4.890000820159912	852	4.545458880341936	0	-5
4.895001411437988	847	4.545458880341936	0	-9
4.900001287460327	838	4.651159489718068	1	-19
4.905000448226929	819	4.651159489718068	0	-31
4.910000324249268	788	4.651159489718068	0	-28
4.9150004386901855	760	4.651159489718068	0	-26
4.920000791549683	734	4.651159489718068	0	-13
4.925000429153442	721	4.651159489718068	0	-9
4.9300007820129395	712	4.651159489718068	0	-8
4.93500018119812	704	4.651159489718068	0	-2
4.940000772476196	702	4.651159489718068	0	-3
4.945000648498535	699	4.651159489718068	0	1
4.950001239776611	700	4.651159489718068	0	7
4.95500111579895	707	4.651159489718068	0	16
4.96000075340271	723	4.545444102350693	1	35
4.965000867843628	758	4.545444102350693	0	36
4.970001697540283	794	4.545444102350693	0	28
4.975001096725464	822	4.545444102350693	0	19
4.980000972747803	841	4.545444102350693	0	10
4.9850013256073	851	4.545444102350693	0	6
4.990000247955322	857	4.545444102350693	0	5
4.995000123977661	862	4.545444102350693	0	-1
5.000000953674316	861	4.545444102350693	0	-9
5.005000591278076	852	4.761909303215361	1	-29
5.010000705718994	823	4.761909303215361	0	-39
5.015000581741333	784	4.761909303215361	0	-41
5.020001173019409	743	4.761909303215361	0	-22
5.025000810623169	721	4.761909303215361	0	-12
5.03000020980835	709	4.761909303215361	0	-10
5.035001516342163	699	4.761909303215361	0	0
5.0400002002716064	699	4.761909303215361	0	-3
5.0450005531311035	696	4.761909303215361	0	0
5.050000429153442	696	4.761909303215361	0	5
5.055001258850098	701	4.761909303215361	0	7
5.060001373291016	708	4.761909303215361	0	28
5.065001010894775	736	4.651159489718068	1	34
5.070000410079956	770	4.651159489718068	0	31
5.075001001358032	801	4.651159489718068	0	19
5.08000111579895	820	4.651159489718068	0	11
5.085001230239868	831	4.651159489718068	0	11
5.090000867843628	842	4.651159489718068	0	6
5.095000267028809	848	4.651159489718068	0	3
5.1000001430511475	851	4.651159489718068	0	0
5.105000972747803	851	4.651159489718068	0	-7
5.110000371932983	844	4.651159489718068	0	-10
5.115000247955322	834	4.651185278745935	1	-22
5.12000036239624	812	4.651185278745935	0	-33
5.125000238418579	779	4.651185278745935	0	-27
5.1300013065338135	752	4.651185278745935	0	-23
5.135001182556152	729	4.651185278745935	0	-10
5.140000820159912	719	4.651185278745935	0	-11
5.145000457763672	708	4.651185278745935	0	-5
5.15000057220459	703	4.651185278745935	0	-1
5.15500020980835	702	4.651185278745935	0	-5
5.160000324249268	697	4.651185278745935	0	4
5.165000677108765	701	4.651185278745935	0	6
5.170001268386841	707	4.651185278745935	0	19
5.1750006675720215	726	4.651164647500762	1	31
5.180000305175781	757	4.651164647500762	0	36
5.185000419616699	793	4.651164647500762	0	29
5.190000534057617	822	4.651164647500762	0	17
5.195000648498535	839	4.651164647500762	0	11
5.200000286102295	850	4.651164647500762	0	8
5.205000400543213	858	4.651164647500762	0	2
5.210001707077026	860	4.651164647500762	0	1
5.215000152587891	861	4.651164647500762	0	-11
5.220001220703125	850	4.651149174186995	1	-29
5.225000619888306	821	4.651149174186995	0	-44
5.230001211166382	777	4.651149174186995	0	-40
5.235000133514404	737	4.651149174186995	0	-19
5.240000486373901	718	4.651149174186995	0	-12
5.245000123977661	706	4.651149174186995	0	-7
5.250000953674316	699	4.651149174186995	0	-1
5.255000829696655	698	4.651149174186995	0	-4
5.260000944137573	694	4.651149174186995	0	4
5.26500129699707	698	4.651149174186995	0	4
5.270000696182251	702	4.651149174186995	0	13
5.275001287460327	715	4.761898490585317	1	30
5.280000686645508	745	4.761898490585317	0	33
5.285000801086426	778	4.761898490585317	0	29
5.290000915527344	807	4.761898490585317	0	17
5.295000791549683	824	4.761898490585317	0	10
5.30000114440918	834	4.761898490585317	0	9
5.3050007820129395	843	4.761898490585317	0	5
5.310000419616699	848	4.761898490585317	0	4
5.315001010894775	852	4.761898490585317	0	-1
5.3200013637542725	851	4.761898490585317	0	-6
5.325001239776611	845	4.761898490585317	0	-9
5.330000162124634	836	4.651164647500762	1	-25
5.335000991821289	811	4.651164647500762	0	-34
5.340001344680786	777	4.651164647500762	0	-30
5.345000743865967	747	4.651164647500762	0	-19
5.350000858306885	728	4.651164647500762	0	-12
5.3550004959106445	716	4.651164647500762	0	-10
5.360001087188721	706	4.651164647500762	0	-3
5.36500096321106	703	4.651164647500762	0	-4
5.370000123977661	699	4.651164647500762	0	0
5.375000476837158	699	4.651164647500762	0	5
5.380001068115234	704	4.651164647500762	0	8
5.385000705718994	712	4.761903896894201	1	24
5.390000343322754	736	4.761903896894201	0	32
5.395001173019409	768	4.761903896894201	0	33
5.400000810623169	801	4.761903896894201	0	25
5.405001401901245	826	4.761903896894201	0	15
5.410000801086426	841	4.761903896894201	0	12
5.415000677108765	853	4.761903896894201	0	5
5.420000314712524	858	4.761903896894201	0	4
5.42500114440918	862	4.761903896894201	0	-1
5.430000305175781	861	4.761903896894201	0	-13
5.435000658035278	848	4.65117496310047	1	-29
5.440000772476196	819	4.65117496310047	0	-49
5.445001125335693	770	4.65117496310047	0	-37
5.450000286102295	733	4.65117496310047	0	-17
5.455000162124634	716	4.65117496310047	0	-13
5.46000075340271	703	4.65117496310047	0	-4
5.46500039100647	699	4.65117496310047	0	-5
5.470000505447388	694	4.65117496310047	0	0
5.475000858306885	694	4.65117496310047	0	4
5.4800004959106445	698	4.65117496310047	0	3
5.485000133514404	701	4.65117496310047	0	14
5.49000096321106	715	4.651169805294897	1	23
5.495000839233398	738	4.651169805294897	0	30
5.500000953674316	768	4.651169805294897	0	33
5.505001544952393	801	4.651169805294897	0	18
5.510001182556152	819	4.651169805294897	0	15
5.515001058578491	834	4.651169805294897	0	8
5.52000093460083	842	4.651169805294897	0	6
5.525001525878906	848	4.651169805294897	0	4
5.530000448226929	852	4.651169805294897	0	-2
5.535000562667847	850	4.651169805294897	0	-6
5.5400004386901855	844	4.651169805294897	0	-14
5.545001029968262	830	4.651144016438617	1	-24
5.5500006675720215	806	4.651144016438617	0	-31
5.555001258850098	775	4.651144016438617	0	-30
5.5600011348724365	745	4.651144016438617	0	-15
5.5650012493133545	730	4.651144016438617	0	-14
5.570000410079956	716	4.651144016438617	0	-8
5.575001001358032	708	4.651144016438617	0	-3
5.580001592636108	705	4.651144016438617	0	-6
5.585001230239868	699	4.651144016438617	0	0
5.590000867843628	699	4.651144016438617	0	1
5.595000505447388	700	4.651144016438617	0	7
5.600000858306885	707	4.651144016438617	0	21
5.605000972747803	728	4.545449028337098	1	30
5.610000371932983	758	4.545449028337098	0	39
5.615001440048218	797	4.545449028337098	0	28
5.6200010776519775	825	4.545449028337098	0	17
5.625000953674316	842	4.545449028337098	0	12
5.630001783370972	854	4.545449028337098	0	4
5.635000228881836	858	4.545449028337098	0	4
5.640000581741333	862	4.545449028337098	0	-4
5.64500093460083	858	4.545449028337098	0	-15
5.650000810623169	843	4.651159489718068	1	-34
5.655001401901245	809	4.651159489718068	0	-46
5.660001277923584	763	4.651159489718068	0	-29
5.6650002002716064	734	4.651159489718068	0	-19
5.670000314712524	715	4.651159489718068	0	-13
5.675000905990601	702	4.651159489718068	0	-2
5.6800010204315186	700	4.651159489718068	0	-5
5.6850011348724365	695	4.651159489718068	0	2
5.690000295639038	697	4.651159489718068	0	0
5.695000886917114	697	4.651159489718068	0	4
5.700000286102295	701	4.651159489718068	0	15
5.705000162124634	716	4.651180120917482	1	23
5.710000991821289	739	4.651180120917482	0	37
5.71500039100647	776	4.651180120917482	0	27
5.720000743865967	803	4.651180120917482	0	19
5.725001335144043	822	4.651180120917482	0	13
5.7300004959106445	835	4.651180120917482	0	7
5.7350013256073	842	4.651180120917482	0	7
5.740000247955322	849	4.651180120917482	0	4
5.74500036239624	853	4.651180120917482	0	-3
5.750000476837158	850	4.651180120917482	0	-5
5.755000829696655	845	4.651180120917482	0	-17
5.760001182556152	828	4.651159489718068	1	-27
5.765001535415649	801	4.651159489718068	0	-34
5.770000457763672	767	4.651159489718068	0	-27
5.775000333786011	740	4.651159489718068	0	-14
5.780001640319824	726	4.651159489718068	0	-15
5.785000562667847	711	4.651159489718068	0	-4
5.790000677108765	707	4.651159489718068	0	-5
5.795001029968262	702	4.651159489718068	0	-4
5.800000429153442	698	4.651159489718068	0	2
5.80500054359436	700	4.651159489718068	0	1
5.810000658035278	701	4.651159489718068	0	12
5.815000772476196	713	4.761909303215361	1	22
5.820000886917114	735	4.761909303215361	0	34
5.825000286102295	769	4.761909303215361	0	35
5.830000877380371	804	4.761909303215361	0	23
5.835001230239868	827	4.761909303215361	0	18
5.840001344680786	845	4.761909303215361	0	10
5.845000982284546	855	4.761909303215361	0	5
5.850000381469727	860	4.761909303215361	0	3
5.855001211166382	863	4.761909303215361	0	-6
5.860000848770142	857	4.761909303215361	0	-20
5.86500096321106	837	4.651159489718068	1	-42
5.870000123977661	795	4.651159489718068	0	-44
5.8750011920928955	751	4.651159489718068	0	-24
5.880000352859497	727	4.651159489718068	0	-19
5.885000705718994	708	4.651159489718068	0	-4
5.890000343322754	704	4.651159489718068	0	-6
5.895000696182251	698	4.651159489718068	0	-3
5.900001287460327	695	4.651159489718068	0	2
5.905001163482666	697	4.651159489718068	0	-1
5.910000324249268	696	4.651159489718068	0	8
5.915001153945923	704	4.761882271732318	1	14
5.920001029968262	718	4.761882271732318	0	30
5.925000429153442	748	4.761882271732318	0	39
5.930001258850098	787	4.761882271732318	0	25
5.9350011348724365	812	4.761882271732318	0	16
5.940000772476196	828	4.761882271732318	0	9
5.945000648498535	837	4.761882271732318	0	9
5.950001239776611	846	4.761882271732318	0	5
5.95500111579895	851	4.761882271732318	0	0
5.960000991821289	851	4.761882271732318	0	-3
5.965000152587891	848	4.761882271732318	0	-9
5.970000505447388	839	4.76192011589451	1	-19
5.975000619888306	820	4.76192011589451	0	-28
5.980000972747803	792	4.76192011589451	0	-35
5.985000133514404	757	4.76192011589451	0	-21
5.99000096321106	736	4.76192011589451	0	-16
5.995000123977661	720	4.76192011589451	0	-9
6.000000238418579	711	4.76192011589451	0	-5
6.005001544952393	706	4.76192011589451	0	-7
6.010001182556152	699	4.76192011589451	0	1
6.01500129699707	700	4.76192011589451	0	-1
6.020000696182251	699	4.76192011589451	0	7
6.025000333786011	706	4.76192011589451	0	16
6.03000020980835	722	4.65117496310047	1	26
6.035000324249268	748	4.65117496310047	0	38
6.0400004386901855	786	4.65117496310047	0	30
6.045000791549683	816	4.65117496310047	0	21
6.050000905990601	837	4.65117496310047	0	13
6.0550007820129395	850	4.65117496310047	0	6
6.0600011348724365	856	4.65117496310047	0	5
6.065000534057617	861	4.65117496310047	0	0
6.070000648498535	861	4.65117496310047	0	-8
6.075000286102295	853	4.76192011589451	1	-25
6.080001354217529	828	4.76192011589451	0	-46
6.085001468658447	782	4.76192011589451	0	-38
6.090000152587891	744	4.76192011589451	0	-25
6.095001459121704	719	4.76192011589451	0	-13
6.100000858306885	706	4.76192011589451	0	-5
6.105001211166382	701	4.76192011589451	0	-5
6.110000133514404	696	4.76192011589451	0	1
6.115001440048218	697	4.76192011589451	0	0
6.1200010776519775	697	4.76192011589451	0	4
6.125000715255737	701	4.76192011589451	0	13
6.130000829696655	714	4.651169805294897	1	24
6.1350014209747314	738	4.651169805294897	0	37
6.140000820159912	775	4.651169805294897	0	29
6.14500093460083	804	4.651169805294897	0	18
6.150000333786011	822	4.651169805294897	0	12
6.155001401901245	834	4.651169805294897	0	7
6.160000801086426	841	4.651169805294897	0	7
6.1650004386901855	848	4.651169805294897	0	3
6.170001268386841	851	4.651169805294897	0	-1
6.175001382827759	850	4.651169805294897	0	-4
6.1800010204315186	846	4.651169805294897	0	-14
6.1850011348724365	832	4.651149174186995	1	-22
6.190001487731934	810	4.651149174186995	0	-34
6.195000171661377	776	4.651149174186995	0	-30
6.200000286102295	746	4.651149174186995	0	-17
6.205000638961792	729	4.651149174186995	0	-15
6.21000075340271	714	4.651149174186995	0	-6
6.215000629425049	708	4.651149174186995	0	-5
6.220000982284546	703	4.651149174186995	0	-3
6.225000619888306	700	4.651149174186995	0	1
6.230000972747803	701	4.651149174186995	0	0
6.235000848770142	701	4.651149174186995	0	14
6.240001201629639	715	4.761882271732318	1	25
6.2450010776519775	740	4.761882271732318	0	36
6.250000238418579	776	4.761882271732318	0	34
6.2550013065338135	810	4.761882271732318	0	23
6.260000467300415	833	4.761882271732318	0	14
6.26500129699707	847	4.761882271732318	0	8
6.270000696182251	855	4.761882271732318	0	4
6.275000810623169	859	4.761882271732318	0	3
6.280000925064087	862	4.761882271732318	0	-6
6.285000801086426	856	4.761882271732318	0	-17
6.290001153945923	839	4.651144016438617	1	-40
6.295001268386841	799	4.651144016438617	0	-44
6.30000114440918	755	4.651144016438617	0	-27
6.30500054359436	728	4.651144016438617	0	-17
6.3100011348724365	711	4.651144016438617	0	-7
6.315000772476196	704	4.651144016438617	0	-6
6.320000171661377	698	4.651144016438617	0	-2
6.325001001358032	696	4.651144016438617	0	1
6.330000162124634	697	4.651144016438617	0	1
6.33500075340271	698	4.651144016438617	0	12
6.340000867843628	710	4.761903896894201	1	22
6.345000505447388	732	4.761903896894201	0	36
6.3500001430511475	768	4.761903896894201	0	34
6.355000734329224	802	4.761903896894201	0	18
6.360000848770142	820	4.761903896894201	0	13
6.365001201629639	833	4.761903896894201	0	8
6.3700010776519775	841	4.761903896894201	0	7
6.375000953674316	848	4.761903896894201	0	4
6.380000591278076	852	4.761903896894201	0	-2
6.3850014209747314	850	4.761903896894201	0	-4
6.390000820159912	846	4.761903896894201	0	-13
6.395000696182251	833	4.7619147095487975	1	-25
6.400001049041748	808	4.7619147095487975	0	-32
6.405000925064087	776	4.7619147095487975	0	-31
6.410000801086426	745	4.7619147095487975	0	-17
6.415000915527344	728	4.7619147095487975	0	-13
6.420001268386841	715	4.7619147095487975	0	-9
6.425000905990601	706	4.7619147095487975	0	-2
6.43000054359436	704	4.7619147095487975	0	-5
6.435000658035278	699	4.7619147095487975	0	1
6.440000295639038	700	4.7619147095487975	0	1
6.445000410079956	701	4.7619147095487975	0	10
6.450000286102295	711	4.761925522252498	1	25
6.455000638961792	736	4.761925522252498	0	34
6.460000276565552	770	4.761925522252498	0	34
6.46500039100647	804	4.761925522252498	0	26
6.470001220703125	830	4.761925522252498	0	15
6.4750001430511475	845	4.761925522252498	0	10
6.480000257492065	855	4.761925522252498	0	4
6.4850013256073	859	4.761925522252498	0	4
6.4900007247924805	863	4.761925522252498	0	-6
6.49500036239624	857	4.761925522252498	0	-19
6.500000953674316	838	4.761909303215361	1	-37
6.505001544952393	801	4.761909303215361	0	-46
6.510001182556152	755	4.761909303215361	0	-29
6.515001058578491	726	4.761909303215361	0	-15
6.520000696182251	711	4.761909303215361	0	-8
6.525001049041748	703	4.761909303215361	0	-4
6.530000925064087	699	4.761909303215361	0	-5
6.535000324249268	694	4.761909303215361	0	3
6.5400002002716064	697	4.761909303215361	0	2
6.545001029968262	699	4.761909303215361	0	9
6.550000190734863	708	4.76192011589451	1	23
6.55500054359436	731	4.76192011589451	0	33
6.560001373291016	764	4.76192011589451	0	36
6.565000534057617	800	4.76192011589451	0	19
6.570000886917114	819	4.76192011589451	0	12
6.575001239776611	831	4.76192011589451	0	11
6.580000877380371	842	4.76192011589451	0	6
6.585000514984131	848	4.76192011589451	0	4
6.590000867843628	852	4.76192011589451	0	-2
6.595000743865967	850	4.76192011589451	0	-4
6.600001096725464	846	4.76192011589451	0	-10
6.605000972747803	836	4.761898490585317	1	-26
6.610001087188721	810	4.761898490585317	0	-31
6.615000486373901	779	4.761898490585317	0	-31
6.62000036239624	748	4.761898490585317	0	-20
6.625000715255737	728	4.761898490585317	0	-11
6.6300013065338135	717	4.761898490585317	0	-11
6.635000467300415	706	4.761898490585317	0	-2
6.640000581741333	704	4.761898490585317	0	-4
6.645000696182251	700	4.761898490585317	0	-2
6.65000057220459	698	4.761898490585317	0	5
6.655000925064087	703	4.761898490585317	0	9
6.660000801086426	712	4.761893084288708	1	26
6.665000915527344	738	4.761893084288708	0	38
6.670000314712524	776	4.761893084288708	0	33
6.67500114440918	809	4.761893084288708	0	24
6.680000305175781	833	4.761893084288708	0	16
6.6850011348724365	849	4.761893084288708	0	7
6.6900012493133545	856	4.761893084288708	0	4
6.695000171661377	860	4.761893084288708	0	2
6.700001001358032	862	4.761893084288708	0	-6
6.705000638961792	856	4.761893084288708	0	-21
6.710001468658447	835	4.761893084288708	1	-38
6.71500039100647	797	4.761893084288708	0	-45
6.720000982284546	752	4.761893084288708	0	-27
6.7250001430511475	725	4.761893084288708	0	-14
6.730000972747803	711	4.761893084288708	0	-10
6.735000371932983	701	4.761893084288708	0	-2
6.7400007247924805	699	4.761893084288708	0	-3
6.745000600814819	696	4.761893084288708	0	-3
6.750000953674316	693	4.761893084288708	0	8
6.755001068115234	701	4.878027902995455	1	6
6.760000467300415	707	4.878027902995455	0	26
6.765001535415649	733	4.878027902995455	0	34
6.770000696182251	767	4.878027902995455	0	34
6.775000333786011	801	4.878027902995455	0	21
6.780000925064087	822	4.878027902995455	0	9
6.785001277923584	831	4.878027902995455	0	11
6.7900002002716064	842	4.878027902995455	0	5
6.795001268386841	847	4.878027902995455	0	6
6.80000114440918	853	4.878027902995455	0	-2
6.805000305175781	851	4.878027902995455	0	-6
6.8100011348724365	845	4.878027902995455	0	-11
6.815001010894775	834	4.761903896894201	1	-25
6.820000171661377	809	4.761903896894201	0	-35
6.825001239776611	774	4.761903896894201	0	-27
6.830000400543213	747	4.761903896894201	0	-22
6.835000514984131	725	4.761903896894201	0	-9
6.840000867843628	716	4.761903896894201	0	-9
6.845001459121704	707	4.761903896894201	0	-6
6.850001096725464	701	4.761903896894201	0	0
6.8550004959106445	701	4.761903896894201	0	-2
6.8600006103515625	699	4.761903896894201	0	6
6.865001440048218	705	4.761903896894201	0	11
6.87000036239624	716	4.7619147095487975	1	26
6.875000238418579	742	4.7619147095487975	0	40
6.880000591278076	782	4.7619147095487975	0	30
6.885000467300415	812	4.7619147095487975	0	24
6.89000129699707	836	4.7619147095487975	0	13
6.895000219345093	849	4.7619147095487975	0	7
6.90000057220459	856	4.7619147095487975	0	6
6.905001163482666	862	4.7619147095487975	0	0
6.910001039505005	862	4.7619147095487975	0	-6
6.915000915527344	856	4.7619147095487975	0	-22
6.920001029968262	834	4.7619147095487975	1	-42
6.92500114440918	792	4.7619147095487975	0	-41
6.9300007820129395	751	4.7619147095487975	0	-29
6.935001373291016	722	4.7619147095487975	0	-13
6.940000295639038	709	4.7619147095487975	0	-6
6.945000886917114	703	4.7619147095487975	0	-6
6.950000286102295	697	4.7619147095487975	0	0
6.955000877380371	697	4.7619147095487975	0	-3
6.960001230239868	694	4.7619147095487975	0	7
6.965000629425049	701	4.7619147095487975	0	11
6.970000743865967	712	4.651169805294897	1	27
6.975000619888306	739	4.651169805294897	0	39
6.980000257492065	778	4.651169805294897	0	27
6.9850006103515625	805	4.651169805294897	0	18
6.99000096321106	823	4.651169805294897	0	12
6.995000839233398	835	4.651169805294897	0	7
7.000000953674316	842	4.651169805294897	0	7
7.005001068115234	849	4.651169805294897	0	2
7.010000705718994	851	4.651169805294897	0	0
7.015000581741333	851	4.651169805294897	0	-7
7.020000696182251	844	4.651169805294897	0	-14
7.025001287460327	830	4.761898490585317	1	-24
7.030000686645508	806	4.761898490585317	0	-38
7.035000562667847	768	4.761898490585317	0	-25
7.0400004386901855	743	4.761898490585317	0	-18
7.045000314712524	725	4.761898490585317	0	-13
7.050000905990601	712	4.761898490585317	0	-4
7.05500054359436	708	4.761898490585317	0	-7
7.060001373291016	701	4.761898490585317	0	-1
7.065001010894775	700	4.761898490585317	0	0
7.070000886917114	700	4.761898490585317	0	3
7.075000286102295	703	4.761898490585317	0	18
7.08000111579895	721	4.761887678004376	1	25
7.085000514984131	746	4.761887678004376	0	39
7.09000039100647	785	4.761887678004376	0	31
7.095000982284546	816	4.761887678004376	0	20
7.100000619888306	836	4.761887678004376	0	14
7.1050004959106445	850	4.761887678004376	0	6
7.110000848770142	856	4.761887678004376	0	6
7.115000247955322	862	4.761887678004376	0	-1
7.120000123977661	861	4.761887678004376	0	-7
7.125000476837158	854	4.761887678004376	0	-24
7.130000829696655	830	4.761909303215361	1	-47
7.135000228881836	783	4.761909303215361	0	-40
7.140000581741333	743	4.761909303215361	0	-23
7.14500093460083	720	4.761909303215361	0	-14
7.15000057220459	706	4.761909303215361	0	-4
7.155001163482666	702	4.761909303215361	0	-7
7.160000324249268	695	4.761909303215361	0	1
7.1650004386901855	696	4.761909303215361	0	1
7.170001745223999	697	4.761909303215361	0	4
7.175001621246338	701	4.761909303215361	0	16
7.180000305175781	717	4.7619147095487975	1	26
7.185000896453857	743	4.7619147095487975	0	38
7.190000534057617	781	4.7619147095487975	0	27
7.195000886917114	808	4.7619147095487975	0	17
7.200001239776611	825	4.7619147095487975	0	11
7.205000877380371	836	4.7619147095487975	0	7
7.210000991821289	843	4.7619147095487975	0	7
7.215000629425049	850	4.7619147095487975	0	2
7.220001220703125	852	4.7619147095487975	0	-2
7.225000858306885	850	4.7619147095487975	0	-6
7.230000972747803	844	4.7619147095487975	0	-19
7.235000848770142	825	4.7619147095487975	1	-25
7.240001440048218	800	4.7619147095487975	0	-34
7.245000600814819	766	4.7619147095487975	0	-27
7.250000238418579	739	4.7619147095487975	0	-15
7.255001068115234	724	4.7619147095487975	0	-12
7.260000228881836	712	4.7619147095487975	0	-6
7.265000820159912	706	4.7619147095487975	0	-4
7.270001411437988	702	4.7619147095487975	0	-3
7.275000810623169	699	4.7619147095487975	0	2
7.280000686645508	701	4.7619147095487975	0	3
7.285000562667847	704	4.7619147095487975	0	16
7.2900002002716064	720	4.761925522252498	1	31
7.295001029968262	751	4.761925522252498	0	39
7.300001382827759	790	4.761925522252498	0	30
7.3050010204315186	820	4.761925522252498	0	19
7.310000419616699	839	4.761925522252498	0	13
7.315001010894775	852	4.761925522252498	0	6
7.320000410079956	858	4.761925522252498	0	2
7.325000524520874	860	4.761925522252498	0	0
7.330000162124634	860	4.761925522252498	0	-16
7.335001230239868	844	4.878039249436519	1	-32
7.340000152587891	812	4.878039249436519	0	-47
7.345001220703125	765	4.878039249436519	0	-35
7.350000619888306	730	4.878039249436519	0	-14
7.355001211166382	716	4.878039249436519	0	-13
7.360000848770142	703	4.878039249436519	0	-3
7.365001201629639	700	4.878039249436519	0	-4
7.370000839233398	696	4.878039249436519	0	-2
7.3750011920928955	694	4.878039249436519	0	5
7.380001544952393	699	4.878039249436519	0	3
7.385001182556152	702	4.878039249436519	0	16
7.39000129699707	718	4.761882271732318	1	29
7.39500093460083	747	4.761882271732318	0	36
7.400000333786011	783	4.761882271732318	0	27
7.405000686645508	810	4.761882271732318	0	15
7.410000324249268	825	4.761882271732318	0	12
7.415000677108765	837	4.761882271732318	0	8
7.420001268386841	845	4.761882271732318	0	4
7.4250006675720215	849	4.761882271732318	0	3
7.430001258850098	852	4.761882271732318	0	-4
7.435000658035278	848	4.761882271732318	0	-10
7.440000295639038	838	4.878061942477001	1	-20
7.445001125335693	818	4.878061942477001	0	-34
7.450000762939453	784	4.878061942477001	0	-29
7.455000638961792	755	4.878061942477001	0	-23
7.460000514984131	732	4.878061942477001	0	-12
7.465000629425049	720	4.878061942477001	0	-10
7.470001220703125	710	4.878061942477001	0	-8
7.475000858306885	702	4.878061942477001	0	0
7.480000257492065	702	4.878061942477001	0	-5
7.485000371932983	697	4.878061942477001	0	4
7.490000486373901	701	4.878061942477001	0	6
7.495000123977661	707	4.878061942477001	0	18
7.500000476837158	725	4.761898490585317	1	37
7.505001544952393	762	4.761898490585317	0	36
7.510000228881836	798	4.761898490585317	0	28
7.515001058578491	826	4.761898490585317	0	17
7.520001173019409	843	4.761898490585317	0	9
7.525000810623169	852	4.761898490585317	0	7
7.53000020980835	859	4.761898490585317	0	2
7.535000324249268	861	4.761898490585317	0	-3
7.540001392364502	858	4.761898490585317	0	-17
7.545000314712524	841	4.761925522252498	1	-41
7.5500006675720215	800	4.761925522252498	0	-46
7.555000305175781	754	4.761925522252498	0	-29
7.560000658035278	725	4.761925522252498	0	-14
7.565000772476196	711	4.761925522252498	0	-9
7.570000886917114	702	4.761925522252498	0	-6
7.575001239776611	696	4.761925522252498	0	1
7.580000400543213	697	4.761925522252498	0	-2
7.585000991821289	695	4.761925522252498	0	5
7.590000867843628	700	4.761925522252498	0	8
7.595000743865967	708	4.878061942477001	1	21
7.600000858306885	729	4.878061942477001	0	37
7.605001449584961	766	4.878061942477001	0	30
7.610001087188721	796	4.878061942477001	0	22
7.615001440048218	818	4.878061942477001	0	13
7.6200010776519775	831	4.878061942477001	0	8
7.625000476837158	839	4.878061942477001	0	9
7.630000352859497	848	4.878061942477001	0	3
7.635001182556152	851	4.878061942477001	0	2
7.640001535415649	853	4.878061942477001	0	-7
7.645001411437988	846	4.878061942477001	0	-13
7.65000057220459	833	4.761898490585317	1	-24
7.655001163482666	809	4.761898490585317	0	-35
7.660000562667847	774	4.761898490585317	0	-28
7.665000915527344	746	4.761898490585317	0	-19
7.670001268386841	727	4.761898490585317	0	-13
7.6750006675720215	714	4.761898490585317	0	-5
7.680001258850098	709	4.761898490585317	0	-8
7.685000658035278	701	4.761898490585317	0	-1
7.690000295639038	700	4.761898490585317	0	0
7.695000171661377	700	4.761898490585317	0	2
7.700000762939453	702	4.761898490585317	0	16
7.705000877380371	718	4.878039249436519	1	27
7.710000276565552	745	4.878039249436519	0	40
7.715000629425049	785	4.878039249436519	0	31
7.720000982284546	816	4.878039249436519	0	20
7.725001335144043	836	4.878039249436519	0	15
7.7300004959106445	851	4.878039249436519	0	5
7.7350006103515625	856	4.878039249436519	0	6
7.740000486373901	862	4.878039249436519	0	0
7.745000123977661	862	4.878039249436519	0	-12
7.750000238418579	850	4.878050595930368	1	-27
7.755000829696655	823	4.878050595930368	0	-45
7.760000228881836	778	4.878050595930368	0	-37
7.765001058578491	741	4.878050595930368	0	-22
7.770001173019409	719	4.878050595930368	0	-14
7.775001287460327	705	4.878050595930368	0	-4
7.780000925064087	701	4.878050595930368	0	-6
7.785001277923584	695	4.878050595930368	0	0
7.7900002002716064	695	4.878050595930368	0	4
7.795001029968262	699	4.878050595930368	0	2
7.800001382827759	701	4.878050595930368	0	18
7.8050007820129395	719	4.761903896894201	1	28
7.810000658035278	747	4.761903896894201	0	40
7.815000534057617	787	4.761903896894201	0	25
7.820000410079956	812	4.761903896894201	0	15
7.825000286102295	827	4.761903896894201	0	12
7.83000111579895	839	4.761903896894201	0	5
7.835001230239868	844	4.761903896894201	0	7
7.840000867843628	851	4.761903896894201	0	1
7.845001220703125	852	4.761903896894201	0	-5
7.850000858306885	847	4.761903896894201	0	-8
7.855000257492065	839	4.761903896894201	0	-22
7.860001087188721	817	4.761893084288708	1	-31
7.86500096321106	786	4.761893084288708	0	-33
7.870000839233398	753	4.761893084288708	0	-22
7.8750011920928955	731	4.761893084288708	0	-12
7.880000352859497	719	4.761893084288708	0	-11
7.885000705718994	708	4.761893084288708	0	-4
7.890000820159912	704	4.761893084288708	0	-3
7.895000696182251	701	4.761893084288708	0	-3
7.900000333786011	698	4.761893084288708	0	5
7.90500020980835	703	4.761893084288708	0	6
7.910000801086426	709	4.761893084288708	0	25
7.915001153945923	734	4.761898490585317	1	36
7.920001029968262	770	4.761898490585317	0	34
7.925000190734863	804	4.761898490585317	0	28
7.930001497268677	832	4.761898490585317	0	12
7.935000896453857	844	4.761898490585317	0	10
7.940000772476196	854	4.761898490585317	0	6
7.945000410079956	860	4.761898490585317	0	1
7.950001239776611	861	4.761898490585317	0	-2
7.955000162124634	859	4.761898490585317	0	-21
7.960000991821289	838	4.761887678004376	1	-38
7.965000152587891	800	4.761887678004376	0	-47
7.970000982284546	753	4.761887678004376	0	-29
7.9750001430511475	724	4.761887678004376	0	-14
7.980000734329224	710	4.761887678004376	0	-10
7.985000371932983	700	4.761887678004376	0	-2
7.99000096321106	698	4.761887678004376	0	-2
7.995000600814819	696	4.761887678004376	0	-1
8.000000238418579	695	4.761887678004376	0	8
8.005001306533813	703	4.761887678004376	0	10
8.010001182556152	713	4.878039249436519	1	30
8.015000581741333	743	4.878039249436519	0	36
8.020000696182251	779	4.878039249436519	0	27
8.025001764297485	806	4.878039249436519	0	19
8.030001163482666	825	4.878039249436519	0	9
8.035000562667847	834	4.878039249436519	0	11
8.040000200271606	845	4.878039249436519	0	6
8.045000314712524	851	4.878039249436519	0	-1
8.05000114440918	850	4.878039249436519	0	1
8.05500054359436	851	4.878039249436519	0	-8
8.060000658035278	843	4.878039249436519	0	-13
8.065000534057617	830	4.878061942477001	1	-29
8.070001125335693	801	4.878061942477001	0	-37
8.075001239776611	764	4.878061942477001	0	-24
8.080000400543213	740	4.878061942477001	0	-19
8.085000276565552	721	4.878061942477001	0	-9
8.09000015258789	712	4.878061942477001	0	-7
8.095000743865967	705	4.878061942477001	0	-5
8.100000619888306	700	4.878061942477001	0	1
8.105000257492065	701	4.878061942477001	0	-2
8.110000371932983	699	4.878061942477001	0	9
8.11500072479248	708	5.000010728859081	1	19
8.12000036239624	727	5.000010728859081	0	33
8.125000476837158	760	5.000010728859081	0	38
8.130001306533813	798	5.000010728859081	0	26
8.135000228881836	824	5.000010728859081	0	18
8.140000343322754	842	5.000010728859081	0	11
8.14500117301941	853	5.000010728859081	0	4
8.150001049041748	857	5.000010728859081	0	5
8.155001401901245	862	5.000010728859081	0	-3
8.160000801086426	859	5.000010728859081	0	-13
8.165000677108765	846	4.878056269197087	1	-32
8.17000126838684	814	4.878056269197087	0	-48
8.175000667572021	766	4.878056269197087	0	-32
8.18000078201294	734	4.878056269197087	0	-22
8.185001134872437	712	4.878056269197087	0	-8
8.190000295639038	704	4.878056269197087	0	-5
8.195000648498535	699	4.878056269197087	0	-5
8.200001001358032	694	4.878056269197087	0	4
8.205000400543213	698	4.878056269197087	0	0
8.210000276565552	698	4.878056269197087	0	11
8.21500039100647	709	4.878067615770113	1	22
8.220000267028809	731	4.878067615770113	0	32
8.225000381469727	763	4.878067615770113	0	33
8.230000495910645	796	4.878067615770113	0	20
8.235000371932983	816	4.878067615770113	0	16
8.240000486373901	832	4.878067615770113	0	7
8.245001077651978	839	4.878067615770113	0	8
8.250001192092896	847	4.878067615770113	0	4
8.255001068115234	851	4.878067615770113	0	0
8.260001182556152	851	4.878067615770113	0	-5
8.26500129699707	846	4.878067615770113	0	-12
8.270000219345093	834	4.878056269197087	1	-27
8.27500057220459	807	4.878056269197087	0	-35
8.280000925064087	772	4.878056269197087	0	-30
8.285001277923584	742	4.878056269197087	0	-16
8.290000200271606	726	4.878056269197087	0	-12
8.295000314712524	714	4.878056269197087	0	-9
8.300000429153442	705	4.878056269197087	0	-3
8.305001258850098	702	4.878056269197087	0	-4
8.310000658035278	698	4.878056269197087	0	2
8.315000534057617	700	4.878056269197087	0	4
8.320001125335693	704	4.878056269197087	0	11
8.325001001358032	715	4.761898490585317	1	29
8.330000638961792	744	4.761898490585317	0	33
8.335000276565552	777	4.761898490585317	0	35
8.34000015258789	812	4.761898490585317	0	20
8.345000982284546	832	4.761898490585317	0	15
8.350001096725464	847	4.761898490585317	0	9
8.35500168800354	856	4.761898490585317	0	5
8.360000610351562	861	4.761898490585317	0	1
8.365000486373901	862	4.761898490585317	0	-12
8.370000839233398	850	4.878044922676845	1	-32
8.375000238418579	818	4.878044922676845	0	-46
8.380001068115234	772	4.878044922676845	0	-38
8.385001182556152	734	4.878044922676845	0	-19
8.390000820159912	715	4.878044922676845	0	-10
8.395001411437988	705	4.878044922676845	0	-7
8.400000810623169	698	4.878044922676845	0	0
8.405000448226929	698	4.878044922676845	0	-4
8.410000562667847	694	4.878044922676845	0	5
8.415000438690186	699	4.878044922676845	0	4
8.420001029968262	703	4.878044922676845	0	12
8.42500114440918	715	4.761887678004376	1	30
8.430001497268677	745	4.761887678004376	0	34
8.435000658035278	779	4.761887678004376	0	30
8.440000772476196	809	4.761887678004376	0	17
8.445000648498535	826	4.761887678004376	0	9
8.45000147819519	835	4.761887678004376	0	11
8.45500135421753	846	4.761887678004376	0	4
8.46000051498413	850	4.761887678004376	0	1
8.46500015258789	851	4.761887678004376	0	-4
8.470000505447388	847	4.761887678004376	0	-12
8.475000858306885	835	4.878033576209389	1	-21
8.480000257492065	814	4.878033576209389	0	-36
8.485000371932983	778	4.878033576209389	0	-29
8.490000247955322	749	4.878033576209389	0	-19
8.49500036239624	730	4.878033576209389	0	-15
8.500000715255737	715	4.878033576209389	0	-4
8.505001068115234	711	4.878033576209389	0	-9
8.510000228881836	702	4.878033576209389	0	-2
8.515001058578491	700	4.878033576209389	0	-1
8.520000457763672	699	4.878033576209389	0	1
8.525001049041748	700	4.878033576209389	0	11
8.530001163482666	711	4.878044922676845	1	18
8.535001039505005	729	4.878044922676845	0	39
8.540000438690186	768	4.878044922676845	0	36
8.545001029968262	804	4.878044922676845	0	27
8.550000190734863	831	4.878044922676845	0	15
8.55500078201294	846	4.878044922676845	0	8
8.56000018119812	854	4.878044922676845	0	7
8.565000295639038	861	4.878044922676845	0	1
8.570000171661377	862	4.878044922676845	0	-9
8.575000286102295	853	4.878061942477001	1	-24
8.580000877380371	829	4.878061942477001	0	-49
8.585000991821289	780	4.878061942477001	0	-40
8.590000867843628	740	4.878061942477001	0	-22
8.595000505447388	718	4.878061942477001	0	-14
8.600000858306885	704	4.878061942477001	0	-4
8.605000972747803	700	4.878061942477001	0	-5
8.610000610351562	695	4.878061942477001	0	0
8.615001440048218	695	4.878061942477001	0	2
8.62000060081482	697	4.878061942477001	0	3
8.625001192092896	700	4.878061942477001	0	14
8.630000829696655	714	4.878056269197087	1	24
8.635000944137573	738	4.878056269197087	0	36
8.640000343322754	774	4.878056269197087	0	31
8.64500117301941	805	4.878056269197087	0	18
8.650001764297485	823	4.878056269197087	0	12
8.655000925064087	835	4.878056269197087	0	8
8.660000324249268	843	4.878056269197087	0	7
8.665001153945923	850	4.878056269197087	0	2
8.670000791549683	852	4.878056269197087	0	-4
8.6750009059906	848	4.878056269197087	0	-8
8.68000054359436	840	4.878056269197087	1	-20
8.685000658035278	820	4.878056269197087	0	-32
8.690001010894775	788	4.878056269197087	0	-33
8.695001125335693	755	4.878056269197087	0	-23
8.700000524520874	732	4.878056269197087	0	-12
8.705000162124634	720	4.878056269197087	0	-12
8.710001230239868	708	4.878056269197087	0	-4
8.715001106262207	704	4.878056269197087	0	-3
8.720000743865967	701	4.878056269197087	0	-4
8.725000858306885	697	4.878056269197087	0	5
8.730001449584961	702	4.878056269197087	0	4
8.735000371932983	706	4.878056269197087	0	17
8.74000096321106	723	4.761909303215361	1	31
8.74500060081482	754	4.761909303215361	0	37
8.750001192092896	791	4.761909303215361	0	32
8.755000591278076	823	4.761909303215361	0	18
8.760000705718994	841	4.761909303215361	0	12
8.76500129699707	853	4.761909303215361	0	7
8.77000117301941	860	4.761909303215361	0	1
8.77500033378601	861	4.761909303215361	0	-2
8.780000448226929	859	4.761909303215361	0	-18
8.785001039505005	841	4.761887678004376	1	-37
8.790001153945923	804	4.761887678004376	0	-47
8.79500126838684	757	4.761887678004376	0	-32
8.80000114440918	725	4.761887678004376	0	-12
8.80500054359436	713	4.761887678004376	0	-12
8.810001134872437	701	4.761887678004376	0	-4
8.815001010894775	697	4.761887678004376	0	-1
8.820000886917114	696	4.761887678004376	0	-2
8.825000762939453	694	4.761887678004376	0	7
8.83000111579895	701	4.761887678004376	0	6
8.835000991821289	707	4.761887678004376	0	22
8.840001106262207	729	4.761898490585317	1	33
8.845000267028809	762	4.761898490585317	0	32
8.850000619888306	794	4.761898490585317	0	25
8.855000734329224	819	4.761898490585317	0	12
8.860000848770142	831	4.761898490585317	0	9
8.865000486373901	840	4.761898490585317	0	8
8.870001077651978	848	4.761898490585317	0	2
8.875000476837158	850	4.761898490585317	0	1
8.880000829696655	851	4.761898490585317	0	-7
8.885001420974731	844	4.761898490585317	0	-16
8.890000820159912	828	4.761898490585317	1	-28
8.895001411437988	800	4.761898490585317	0	-36
8.900001287460327	764	4.761898490585317	0	-24
8.90500020980835	740	4.761898490585317	0	-17
8.910001039505005	723	4.761898490585317	0	-10
8.915001153945923	713	4.761898490585317	0	-6
8.920000314712524	707	4.761898490585317	0	-7
8.925000429153442	700	4.761898490585317	0	0
8.930000305175781	700	4.761898490585317	0	-1
8.935001134872437	699	4.761898490585317	0	3
8.940000534057617	702	4.761898490585317	0	13
8.945001125335693	715	4.878044922676845	1	25
8.950000286102295	740	4.878044922676845	0	42
8.955000638961792	782	4.878044922676845	0	32
8.96000051498413	814	4.878044922676845	0	23
8.96500015258789	837	4.878044922676845	0	13
8.970000982284546	850	4.878044922676845	0	6
8.975000619888306	856	4.878044922676845	0	2
8.980000972747803	858	4.878044922676845	0	1
8.9850013256073	859	4.878044922676845	0	-11
8.99000096321106	848	4.878050595930368	1	-31
8.99500036239624	817	4.878050595930368	0	-47
9.000000238418579	770	4.878050595930368	0	-33
9.005001544952393	737	4.878050595930368	0	-22
9.010000228881836	715	4.878050595930368	0	-10
9.01500153541565	705	4.878050595930368	0	-5
9.020000457763672	700	4.878050595930368	0	-5
9.025001049041748	695	4.878050595930368	0	2
9.030000448226929	697	4.878050595930368	0	0
9.035000324249268	697	4.878050595930368	0	4
9.040001392364502	701	4.878050595930368	0	16
9.045000314712524	717	4.878067615770113	1	30
9.050000190734863	747	4.878067615770113	0	40
9.055001020431519	787	4.878067615770113	0	25
9.060001373291016	812	4.878067615770113	0	16
9.065000295639038	828	4.878067615770113	0	10
9.070000171661377	838	4.878067615770113	0	7
9.075000286102295	845	4.878067615770113	0	6
9.08000111579895	851	4.878067615770113	0	0
9.085001230239868	851	4.878067615770113	0	-4
9.090001344680786	847	4.878067615770113	0	-10
9.095000267028809	837	4.878061942477001	1	-23
9.100000858306885	814	4.878061942477001	0	-32
9.105000495910645	782	4.878061942477001	0	-33
9.110000371932983	749	4.878061942477001	0	-19
9.115001678466797	730	4.878061942477001	0	-13
9.120000123977661	717	4.878061942477001	0	-11
9.125000953674316	706	4.878061942477001	0	-2
9.130000352859497	704	4.878061942477001	0	-5
9.135000228881836	699	4.878061942477001	0	0
9.140000343322754	699	4.878061942477001	0	3
9.145000219345093	702	4.878061942477001	0	6
9.150001049041748	708	4.878061942477001	0	25
9.155001163482666	733	4.761903896894201	1	34
9.160000562667847	767	4.761903896894201	0	37
9.165000438690186	804	4.761903896894201	0	25
9.17000150680542	829	4.761903896894201	0	15
9.1750009059906	844	4.761903896894201	0	11
9.18000054359436	855	4.761903896894201	0	4
9.185000896453857	859	4.761903896894201	0	2
9.190000295639038	861	4.761903896894201	0	-5
9.195000648498535	856	4.761903896894201	0	-22
9.200000286102295	834	4.76192011589451	1	-41
9.205001592636108	793	4.76192011589451	0	-45
9.210001468658447	748	4.76192011589451	0	-26
9.21500015258789	722	4.76192011589451	0	-13
9.220000267028809	709	4.76192011589451	0	-9
9.225000858306885	700	4.76192011589451	0	-2
9.230001449584961	698	4.76192011589451	0	-4
9.235000848770142	694	4.76192011589451	0	2
9.24000072479248	696	4.76192011589451	0	7
9.245001316070557	703	4.76192011589451	0	9
9.250000953674316	712	4.878033576209389	1	30
9.255000352859497	742	4.878033576209389	0	34
9.260000944137573	776	4.878033576209389	0	30
9.26500153541565	806	4.878033576209389	0	17
9.270000457763672	823	4.878033576209389	0	12
9.27500057220459	835	4.878033576209389	0	10
9.280000448226929	845	4.878033576209389	0	3
9.285001277923584	848	4.878033576209389	0	4
9.290000438690186	852	4.878033576209389	0	-3
9.29500150680542	849	4.878033576209389	0	-7
9.30000114440918	842	4.878033576209389	0	-14
9.30500054359436	828	4.761898490585317	1	-30
9.310001134872437	798	4.761898490585317	0	-32
9.315000295639038	766	4.761898490585317	0	-26
9.320000886917114	740	4.761898490585317	0	-18
9.32500147819519	722	4.761898490585317	0	-9
9.330000877380371	713	4.761898490585317	0	-8
9.335000276565552	705	4.761898490585317	0	-3
9.340001344680786	702	4.761898490585317	0	-2
9.345000505447388	700	4.761898490585317	0	-2
9.350000143051147	698	4.761898490585317	0	9
9.355000257492065	707	5.000022649867618	1	17
9.3600013256073	724	5.000022649867618	0	35
9.365000247955322	759	5.000022649867618	0	38
9.370001077651978	797	5.000022649867618	0	26
9.375000238418579	823	5.000022649867618	0	20
9.380001306533813	843	5.000022649867618	0	9
9.385000467300415	852	5.000022649867618	0	7
9.39000129699707	859	5.000022649867618	0	3
9.395001411437988	862	5.000022649867618	0	-4
9.40000033378601	858	5.000022649867618	0	-15
9.405001401901245	843	4.878022229794717	1	-39
9.410001516342163	804	4.878022229794717	0	-46
9.415000915527344	758	4.878022229794717	0	-29
9.420000791549683	729	4.878022229794717	0	-19
9.42500114440918	710	4.878022229794717	0	-6
9.430000305175781	704	4.878022229794717	0	-8
9.435001134872437	696	4.878022229794717	0	-1
9.440000772476196	695	4.878022229794717	0	2
9.445000886917114	697	4.878022229794717	0	2
9.450001001358032	699	4.878022229794717	0	9
9.455000877380371	708	4.878050595930368	1	20
9.46000051498413	728	4.878050595930368	0	35
9.465000867843628	763	4.878050595930368	0	33
9.470000982284546	796	4.878050595930368	0	20
9.475000143051147	816	4.878050595930368	0	15
9.480000495910645	831	4.878050595930368	0	9
9.4850013256073	840	4.878050595930368	0	6
9.490001440048218	846	4.878050595930368	0	5
9.49500036239624	851	4.878050595930368	0	-1
9.500000715255737	850	4.878050595930368	0	-3
9.505001544952393	847	4.878050595930368	0	-12
9.510000944137573	835	4.878039249436519	1	-22
9.515001058578491	813	4.878039249436519	0	-34
9.520000219345093	779	4.878039249436519	0	-34
9.525001049041748	745	4.878039249436519	0	-17
9.530000686645508	728	4.878039249436519	0	-15
9.535000562667847	713	4.878039249436519	0	-7
9.540000677108765	706	4.878039249436519	0	-3
9.545000791549683	703	4.878039249436519	0	-5
9.55000114440918	698	4.878039249436519	0	2
9.555000305175781	700	4.878039249436519	0	4
9.56000018119812	704	4.878039249436519	0	16
9.565001010894775	720	4.761887678004376	1	28
9.570000171661377	748	4.761887678004376	0	36
9.575000286102295	784	4.761887678004376	0	32
9.580000162124634	816	4.761887678004376	0	19
9.585001230239868	835	4.761887678004376	0	14
9.590000867843628	849	4.761887678004376	0	8
9.595000267028809	857	4.761887678004376	0	3
9.600001573562622	860	4.761887678004376	0	1
9.605000734329224	861	4.761887678004376	0	-9
9.610000371932983	852	4.87807328907642	1	-26
9.615001201629639	826	4.87807328907642	0	-44
9.620001316070557	782	4.87807328907642	0	-42
9.625000715255737	740	4.87807328907642	0	-21
9.630001068115234	719	4.87807328907642	0	-14
9.635000467300415	705	4.87807328907642	0	-7
9.640000581741333	698	4.87807328907642	0	-1
9.64500117301941	697	4.87807328907642	0	-3
9.650001049041748	694	4.87807328907642	0	5
9.65500020980835	699	4.87807328907642	0	6
9.660001039505005	705	4.87807328907642	0	19
9.665000915527344	724	4.761903896894201	1	34
9.67000150680542	758	4.761903896894201	0	32
9.675001382827759	790	4.761903896894201	0	24
9.680000305175781	814	4.761903896894201	0	14
9.685000896453857	828	4.761903896894201	0	8
9.690001487731934	836	4.761903896894201	0	10
9.695001363754272	846	4.761903896894201	0	5
9.700001239776611	851	4.761903896894201	0	1
9.705000400543213	852	4.761903896894201	0	-5
9.710000991821289	847	4.761903896894201	0	-10
9.71500015258789	837	4.878067615770113	1	-21
9.720000743865967	816	4.878067615770113	0	-37
9.725001335144043	779	4.878067615770113	0	-30
9.730000972747803	749	4.878067615770113	0	-22
9.73500108718872	727	4.878067615770113	0	-12
9.74000096321106	715	4.878067615770113	0	-6
9.745001554489136	709	4.878067615770113	0	-9
9.750001192092896	700	4.878067615770113	0	-1
9.755000829696655	699	4.878067615770113	0	-1
9.760000944137573	698	4.878067615770113	0	4
9.76500129699707	702	4.878067615770113	0	13
9.770000219345093	715	4.878067615770113	1	23
9.77500033378601	738	4.878067615770113	0	36
9.780000448226929	774	4.878067615770113	0	31
9.785000562667847	805	4.878067615770113	0	24
9.790001153945923	829	4.878067615770113	0	16
9.795000314712524	845	4.878067615770113	0	8
9.800000429153442	853	4.878067615770113	0	8
9.805001020431519	861	4.878067615770113	0	0
9.810000658035278	861	4.878067615770113	0	-5
9.815001249313354	856	4.878067615770113	0	-24
9.820001125335693	832	4.761887678004376	1	-45
9.825001239776611	787	4.761887678004376	0	-42
9.83000111579895	745	4.761887678004376	0	-26
9.835000991821289	719	4.761887678004376	0	-13
9.840001344680786	706	4.761887678004376	0	-6
9.845001459121704	700	4.761887678004376	0	-6
9.850001096725464	694	4.761887678004376	0	2
9.855000257492065	696	4.761887678004376	0	0
9.8600013256073	696	4.761887678004376	0	4
9.865000486373901	700	4.761887678004376	0	14
9.87000060081482	714	4.878056269197087	1	26
9.875000238418579	740	4.878056269197087	0	32
9.880000591278076	772	4.878056269197087	0	30
9.885000705718994	802	4.878056269197087	0	19
9.890000820159912	821	4.878056269197087	0	13
9.895001411437988	834	4.878056269197087	0	8
9.900001525878906	842	4.878056269197087	0	8
9.905001163482666	850	4.878056269197087	0	1
9.910000324249268	851	4.878056269197087	0	-3
9.915001153945923	848	4.878056269197087	0	-8
9.920000553131104	840	4.878039249436519	1	-20
9.925000667572021	820	4.878039249436519	0	-28
9.930001258850098	792	4.878039249436519	0	-34
9.935000896453857	758	4.878039249436519	0	-23
9.940001249313354	735	4.878039249436519	0	-14
9.945000648498535	721	4.878039249436519	0	-12
9.950000762939453	709	4.878039249436519	0	-3
9.955000877380371	706	4.878039249436519	0	-6
9.96000075340271	700	4.878039249436519	0	-1
9.965000629425049	699	4.878039249436519	0	1
9.970000505447388	700	4.878039249436519	0	4
9.975000619888306	704	4.878039249436519	0	19
9.980001449584961	723	4.761876865472537	1	31
9.985000133514404	754	4.761876865472537	0	40
9.990001201629639	794	4.761876865472537	0	28
9.99500036239624	822	4.761876865472537	0	0
