5.0067901611328125e-06	707	0	0	-3
0.0050013065338134766	704	0	0	3
0.01000070571899414	707	99.99294330806275	1	-1
0.015000581741333008	706	66.66408124990066	1	0
0.02000141143798828	706	66.66408124990066	0	-1
0.025001049041748047	705	66.66408124990066	0	-4
0.030000925064086914	701	66.66408124990066	0	1
0.03500032424926758	702	28.57116388060108	1	-2
0.04000115394592285	700	24.99927880460373	1	-1
0.04500102996826172	699	24.99927880460373	0	1
0.05000138282775879	700	24.999576814185666	1	-3
0.05500054359436035	697	25.000023841880648	1	4
0.060001373291015625	701	39.99832160363144	1	2
0.06500124931335449	703	39.99832160363144	0	8
0.07000136375427246	711	39.99832160363144	0	14
0.07500123977661133	725	39.99832160363144	0	19
0.08000063896179199	744	39.99832160363144	0	31
0.08500051498413086	775	39.99832160363144	0	27
0.09000039100646973	802	39.99832160363144	0	21
0.0950005054473877	823	39.99832160363144	0	16
0.10000085830688477	839	39.99832160363144	0	10
0.10500073432922363	849	39.99832160363144	0	7
0.1100006103515625	856	39.99832160363144	0	4
0.11500096321105957	860	39.99832160363144	0	2
0.12000060081481934	862	39.99832160363144	0	-2
0.1250002384185791	860	39.99832160363144	0	-16
0.13000035285949707	844	11.111210011550158	1	-31
0.13500070571899414	813	11.111210011550158	0	-47
0.1400003433227539	766	11.111210011550158	0	-33
0.14500021934509277	733	11.111210011550158	0	-17
0.15000057220458984	716	11.111210011550158	0	-12
0.15500092506408691	704	11.111210011550158	0	-3
0.16000127792358398	701	11.111210011550158	0	-4
0.16500115394592285	697	11.111210011550158	0	0
0.17000150680541992	697	11.111210011550158	0	4
0.17500042915344238	701	11.111210011550158	0	4
0.18000125885009766	705	11.111210011550158	0	24
0.18500018119812012	729	7.407473341033439	1	35
0.1900012493133545	764	7.407473341033439	0	37
0.19500088691711426	801	7.407473341033439	0	23
0.20000123977661133	824	7.407473341033439	0	11
0.205000638961792	835	7.407473341033439	0	10
0.21000027656555176	845	7.407473341033439	0	6
0.21500015258789062	851	7.407473341033439	0	1
0.2200009822845459	852	7.407473341033439	0	-3
0.22500133514404297	849	7.407473341033439	0	-13
0.23000121116638184	836	5.714263916098779	1	-27
0.2350006103515625	809	5.714263916098779	0	-39
0.24000167846679688	770	5.714263916098779	0	-31
0.24500012397766113	739	5.714263916098779	0	-16
0.2500011920928955	723	5.714263916098779	0	-13
0.25500059127807617	710	5.714263916098779	0	-3
0.26000070571899414	707	5.714263916098779	0	-5
0.2650010585784912	702	5.714263916098779	0	-1
0.270000696182251	701	5.714263916098779	0	7
0.27500081062316895	708	5.714263916098779	0	19
0.2800004482269287	727	4.5454736584292705	1	41
0.2850010395050049	768	4.5454736584292705	0	39
0.29000115394592285	807	4.5454736584292705	0	27
0.2950003147125244	834	4.5454736584292705	0	15
0.3000011444091797	849	4.5454736584292705	0	9
0.30500030517578125	858	4.5454736584292705	0	4
0.3100006580352783	862	4.5454736584292705	0	-7
0.3150017261505127	855	4.5454736584292705	0	-31
0.32000136375427246	824	5.263129892260472	1	-52
0.325000524520874	772	5.263129892260472	0	-42
0.3300013542175293	730	5.263129892260472	0	-17
0.33500146865844727	713	5.263129892260472	0	-11
0.3400001525878906	702	5.263129892260472	0	-5
0.3450002670288086	697	5.263129892260472	0	2
0.35000061988830566	699	5.263129892260472	0	1
0.35500144958496094	700	5.263129892260472	0	15
0.3600001335144043	715	5.71428727130543	1	31
0.3650014400482178	746	5.71428727130543	0	42
0.37000155448913574	788	5.71428727130543	0	30
0.3750016689300537	818	5.71428727130543	0	14
0.3800010681152344	832	5.71428727130543	0	11
0.38500022888183594	843	5.71428727130543	0	6
0.3900008201599121	849	5.71428727130543	0	3
0.3950016498565674	852	5.71428727130543	0	-4
0.40000033378601074	848	5.71428727130543	0	-18
0.4050014019012451	830	5.714279486215334	1	-34
0.4100010395050049	796	5.714279486215334	0	-41
0.41500067710876465	755	5.714279486215334	0	-25
0.4200015068054199	730	5.714279486215334	0	-13
0.4250001907348633	717	5.714279486215334	0	-11
0.43000102043151855	706	5.714279486215334	0	-2
0.4350001811981201	704	5.714279486215334	0	-3
0.4400002956390381	701	5.714279486215334	0	4
0.44500088691711426	705	5.714279486215334	0	19
0.4500010013580322	724	5.882333801754194	1	34
0.4550001621246338	758	5.882333801754194	0	44
0.46000123023986816	802	5.882333801754194	0	29
0.46500134468078613	831	5.882333801754194	0	18
0.4700002670288086	849	5.882333801754194	0	9
0.47500038146972656	858	5.882333801754194	0	2
0.48000121116638184	860	5.882333801754194	0	-7
0.4850008487701416	853	5.882333801754194	0	-37
0.49000096321105957	816	5.88236680083587	1	-56
0.49500083923339844	760	5.88236680083587	0	-33
0.5000004768371582	727	5.88236680083587	0	-19
0.5050005912780762	708	5.88236680083587	0	-5
0.5100007057189941	703	5.88236680083587	0	-5
0.515000581741333	698	5.88236680083587	0	-1
0.5200004577636719	697	5.88236680083587	0	6
0.525001049041748	703	5.88236680083587	0	11
0.5300009250640869	714	5.882325552041625	1	35
0.5350003242492676	749	5.882325552041625	0	45
0.540001392364502	794	5.882325552041625	0	27
0.5450012683868408	821	5.882325552041625	0	16
0.5500006675720215	837	5.882325552041625	0	8
0.5550010204315186	845	5.882325552041625	0	6
0.5600011348724365	851	5.882325552041625	0	0
0.5650010108947754	851	5.882325552041625	0	-10
0.5700011253356934	841	6.060616219137386	1	-25
0.5750007629394531	816	6.060616219137386	0	-41
0.5800008773803711	775	6.060616219137386	0	-31
0.58500075340271	744	6.060616219137386	0	-21
0.590001106262207	723	6.060616219137386	0	-11
0.5950014591217041	712	6.060616219137386	0	-5
0.600001335144043	707	6.060616219137386	0	-6
0.6050007343292236	701	6.060616219137386	0	1
0.6100006103515625	702	6.060616219137386	0	7
0.6150014400482178	709	6.060616219137386	0	26
0.6200008392333984	735	5.882358551030741	1	45
0.6250002384185791	780	5.882358551030741	0	37
0.6300008296966553	817	5.882358551030741	0	24
0.6350007057189941	841	5.882358551030741	0	13
0.6400015354156494	854	5.882358551030741	0	5
0.6450011730194092	859	5.882358551030741	0	1
0.650001049041748	860	5.882358551030741	0	-18
0.6550004482269287	842	6.060624976519309	1	-46
0.6600003242492676	796	6.060624976519309	0	-52
0.6650006771087646	744	6.060624976519309	0	-26
0.6700015068054199	718	6.060624976519309	0	-11
0.6750009059906006	707	6.060624976519309	0	-8
0.6800010204315186	699	6.060624976519309	0	1
0.6850008964538574	700	6.060624976519309	0	-1
0.6900017261505127	699	6.060624976519309	0	8
0.6950008869171143	707	6.060624976519309	0	24
0.700000524520874	731	5.88236680083587	1	40
0.7050001621246338	771	5.88236680083587	0	37
0.7100012302398682	808	5.88236680083587	0	20
0.7150008678436279	828	5.88236680083587	0	12
0.7200014591217041	840	5.88236680083587	0	9
0.7250015735626221	849	5.88236680083587	0	2
0.7300009727478027	851	5.88236680083587	0	-2
0.7350003719329834	849	5.88236680083587	0	-14
0.7400009632110596	835	5.882358551030741	1	-34
0.7450010776519775	801	5.882358551030741	0	-39
0.7500007152557373	762	5.882358551030741	0	-29
0.7550010681152344	733	5.882358551030741	0	-14
0.760000467300415	719	5.882358551030741	0	-10
0.7650010585784912	709	5.882358551030741	0	-6
0.7700014114379883	703	5.882358551030741	0	0
0.7750012874603271	703	5.882358551030741	0	1
0.7800002098083496	704	5.882358551030741	0	18
0.7850010395050049	722	6.060598704449463	1	38
0.7900009155273438	760	6.060598704449463	0	42
0.7950005531311035	802	6.060598704449463	0	30
0.8000013828277588	832	6.060598704449463	0	16
0.8050007820129395	848	6.060598704449463	0	11
0.8100004196166992	859	6.060598704449463	0	2
0.8150014877319336	861	6.060598704449463	0	-4
0.8200008869171143	857	6.060598704449463	0	-28
0.8250010013580322	829	5.882333801754194	1	-58
0.8300001621246338	771	5.882333801754194	0	-37
0.83500075340271	734	5.882333801754194	0	-23
0.8400001525878906	711	5.882333801754194	0	-9
0.8450007438659668	702	5.882333801754194	0	-2
0.850001335144043	700	5.882333801754194	0	-2
0.8550012111663818	698	5.882333801754194	0	7
0.8600013256072998	705	5.882333801754194	0	17
0.8650002479553223	722	6.060616219137386	1	40
0.8700001239776611	762	6.060616219137386	0	41
0.8750014305114746	803	6.060616219137386	0	21
0.8800005912780762	824	6.060616219137386	0	15
0.8850002288818359	839	6.060616219137386	0	8
0.8900003433227539	847	6.060616219137386	0	5
0.895000696182251	852	6.060616219137386	0	-1
0.900001049041748	851	6.060616219137386	0	-12
0.905001163482666	839	6.060598704449463	1	-24
0.9100017547607422	815	6.060598704449463	0	-43
0.9150004386901855	772	6.060598704449463	0	-32
0.9200010299682617	740	6.060598704449463	0	-18
0.9250009059906006	722	6.060598704449463	0	-12
0.9300017356872559	710	6.060598704449463	0	-5
0.9350006580352783	705	6.060598704449463	0	-3
0.9400010108947754	702	6.060598704449463	0	0
0.9450008869171143	702	6.060598704449463	0	13
0.9500010013580322	715	6.06060746178077	1	30
0.9550008773803711	745	6.06060746178077	0	45
0.9600005149841309	790	6.06060746178077	0	34
0.9650003910064697	824	6.06060746178077	0	20
0.9700009822845459	844	6.06060746178077	0	12
0.9750010967254639	856	6.06060746178077	0	4
0.9800009727478027	860	6.06060746178077	0	-1
0.9850013256072998	859	6.06060746178077	0	-21
0.9900012016296387	838	6.060598704449463	1	-52
0.9950006008148193	786	6.060598704449463	0	-47
1.000000238418579	739	6.060598704449463	0	-25
1.0050015449523926	714	6.060598704449463	0	-9
1.0100007057189941	705	6.060598704449463	0	-6
1.015000343322754	699	6.060598704449463	0	-1
1.0200011730194092	698	6.060598704449463	0	5
1.0250005722045898	703	6.060598704449463	0	12
1.0300006866455078	715	6.060589947143464	1	39
1.035001277923584	754	6.060589947143464	0	41
1.040001630783081	795	6.060589947143464	0	26
1.0450012683868408	821	6.060589947143464	0	15
1.0500013828277588	836	6.060589947143464	0	9
1.0550012588500977	845	6.060589947143464	0	7
1.0600016117095947	852	6.060589947143464	0	-1
1.0650010108947754	851	6.060589947143464	0	-9
1.070000171661377	842	6.060589947143464	0	-20
1.075000524520874	822	5.882375050664138	1	-41
1.080000877380371	781	5.882375050664138	0	-35
1.0850012302398682	746	5.882375050664138	0	-21
1.0900001525878906	725	5.882375050664138	0	-13
1.095001459121704	712	5.882375050664138	0	-4
1.1000006198883057	708	5.882375050664138	0	-7
1.105001449584961	701	5.882375050664138	0	3
1.1100001335144043	704	5.882375050664138	0	6
1.1150007247924805	710	5.882375050664138	0	24
1.1200010776519775	734	5.882350301248752	1	46
1.125000238418579	780	5.882350301248752	0	36
1.130000352859497	816	5.882350301248752	0	25
1.1350007057189941	841	5.882350301248752	0	12
1.140000343322754	853	5.882350301248752	0	7
1.1450014114379883	860	5.882350301248752	0	1
1.1500005722045898	861	5.882350301248752	0	-19
1.155001163482666	842	6.06060746178077	1	-47
1.160001516342163	795	6.06060746178077	0	-51
1.1650011539459229	744	6.06060746178077	0	-26
1.17000150680542	718	6.06060746178077	0	-11
1.1750013828277588	707	6.06060746178077	0	-9
1.1800010204315186	698	6.06060746178077	0	2
1.1850006580352783	700	6.06060746178077	0	1
1.1900012493133545	701	6.06060746178077	0	10
1.1950013637542725	711	6.060581189862773	1	34
1.2000010013580322	745	6.060581189862773	0	41
1.2050001621246338	786	6.060581189862773	0	32
1.2100005149841309	818	6.060581189862773	0	15
1.215000867843628	833	6.060581189862773	0	11
1.220000982284546	844	6.060581189862773	0	7
1.2250003814697266	851	6.060581189862773	0	-1
1.2300009727478027	850	6.060581189862773	0	-3
1.2350010871887207	847	6.060581189862773	0	-20
1.2400004863739014	827	6.06060746178077	1	-38
1.2450006008148193	789	6.06060746178077	0	-36
1.250000238418579	753	6.06060746178077	0	-22
1.2550008296966553	731	6.06060746178077	0	-16
1.260000228881836	715	6.06060746178077	0	-8
1.2650010585784912	707	6.06060746178077	0	-5
1.270000696182251	702	6.06060746178077	0	1
1.2750012874603271	703	6.06060746178077	0	3
1.2800006866455078	706	6.06060746178077	0	25
1.285001516342163	731	6.060589947143464	1	40
1.290001392364502	771	6.060589947143464	0	40
1.2950005531311035	811	6.060589947143464	0	25
1.3000001907348633	836	6.060589947143464	0	15
1.3050012588500977	851	6.060589947143464	0	9
1.3100013732910156	860	6.060589947143464	0	0
1.3150005340576172	860	6.060589947143464	0	-16
1.3200016021728516	844	6.060589947143464	1	-46
1.325000286102295	798	6.060589947143464	0	-56
1.3300011157989502	742	6.060589947143464	0	-23
1.3350014686584473	719	6.060589947143464	0	-14
1.3400001525878906	705	6.060589947143464	0	-6
1.3450007438659668	699	6.060589947143464	0	0
1.3500006198883057	699	6.060589947143464	0	0
1.3550009727478027	699	6.060589947143464	0	13
1.3600003719329834	712	6.060642491359081	1	24
1.3650004863739014	736	6.060642491359081	0	42
1.3700008392333984	778	6.060642491359081	0	33
1.3750009536743164	811	6.060642491359081	0	17
1.3800015449523926	828	6.060642491359081	0	13
1.3850009441375732	841	6.060642491359081	0	7
1.390000820159912	848	6.060642491359081	0	3
1.39500093460083	851	6.060642491359081	0	-4
1.400001049041748	847	6.060642491359081	0	-19
1.4050004482269287	828	6.06060746178077	1	-36
1.4100010395050049	792	6.06060746178077	0	-40
1.4150006771087646	752	6.06060746178077	0	-26
1.4200007915496826	726	6.06060746178077	0	-11
1.4250009059906006	715	6.06060746178077	0	-10
1.4300014972686768	705	6.06060746178077	0	-2
1.4350001811981201	703	6.06060746178077	0	-2
1.4400005340576172	701	6.06060746178077	0	6
1.4450008869171143	707	6.06060746178077	0	22
1.4500014781951904	729	6.06060746178077	1	36
1.455000400543213	765	6.06060746178077	0	43
1.460000991821289	808	6.06060746178077	0	28
1.4650013446807861	836	6.06060746178077	0	16
1.470001459121704	852	6.06060746178077	0	8
1.4750008583068848	860	6.06060746178077	0	0
1.4800007343292236	860	6.06060746178077	0	-15
1.4850013256072998	845	6.060616219137386	1	-48
1.4900009632110596	797	6.060616219137386	0	-52
1.4950001239776611	745	6.060616219137386	0	-25
1.500000238418579	720	6.060616219137386	0	-16
1.5050005912780762	704	6.060616219137386	0	-4
1.5100014209747314	700	6.060616219137386	0	-2
1.515000343322754	698	6.060616219137386	0	1
1.5200016498565674	699	6.060616219137386	0	10
1.525001049041748	709	6.060581189862773	1	21
1.530000925064087	730	6.060581189862773	0	44
1.5350010395050049	774	6.060581189862773	0	36
1.540001630783081	810	6.060581189862773	0	20
1.54500150680542	830	6.060581189862773	0	13
1.5500011444091797	843	6.060581189862773	0	6
1.5550017356872559	849	6.060581189862773	0	3
1.5600008964538574	852	6.060581189862773	0	-7
1.5650005340576172	845	6.060581189862773	0	-18
1.5700006484985352	827	6.060598704449463	1	-36
1.5750007629394531	791	6.060598704449463	0	-40
1.580000638961792	751	6.060598704449463	0	-21
1.5850012302398682	730	6.060598704449463	0	-15
1.590000867843628	715	6.060598704449463	0	-9
1.595001220703125	706	6.060598704449463	0	-2
1.6000001430511475	704	6.060598704449463	0	-4
1.6050012111663818	700	6.060598704449463	0	8
1.6100001335144043	708	6.060598704449463	0	22
1.6150016784667969	730	6.060598704449463	1	45
1.6200008392333984	775	6.060598704449463	0	42
1.6250007152557373	817	6.060598704449463	0	24
1.630000352859497	841	6.060598704449463	0	13
1.6350014209747314	854	6.060598704449463	0	6
1.6400015354156494	860	6.060598704449463	0	-2
1.64500093460083	858	6.060598704449463	0	-19
1.6500015258789062	839	6.060598704449463	1	-50
1.655001163482666	789	6.060598704449463	0	-45
1.6600010395050049	744	6.060598704449463	0	-26
1.6650004386901855	718	6.060598704449463	0	-13
1.6700010299682617	705	6.060598704449463	0	-3
1.6750006675720215	702	6.060598704449463	0	-5
1.6800005435943604	697	6.060598704449463	0	5
1.6850004196166992	702	6.060598704449463	0	7
1.6900005340576172	709	6.060598704449463	0	27
1.6950006484985352	736	5.88236680083587	1	47
1.7000012397766113	783	5.88236680083587	0	31
1.705000400543213	814	5.88236680083587	0	20
1.71000075340271	834	5.88236680083587	0	10
1.7150001525878906	844	5.88236680083587	0	5
1.7200002670288086	849	5.88236680083587	0	3
1.7250010967254639	852	5.88236680083587	0	-10
1.7300009727478027	842	6.249987334038654	1	-18
1.7350001335144043	824	6.249987334038654	0	-41
1.7400009632110596	783	6.249987334038654	0	-37
1.7450010776519775	746	6.249987334038654	0	-19
1.7500009536743164	727	6.249987334038654	0	-15
1.755000352859497	712	6.249987334038654	0	-6
1.760000228881836	706	6.249987334038654	0	-4
1.765000343322754	702	6.249987334038654	0	-1
1.7700004577636719	701	6.249987334038654	0	11
1.7750003337860107	712	6.250052527034659	1	23
1.7800002098083496	735	6.250052527034659	0	44
1.7850010395050049	779	6.250052527034659	0	38
1.7900009155273438	817	6.250052527034659	0	24
1.7950007915496826	841	6.250052527034659	0	13
1.8000009059906006	854	6.250052527034659	0	5
1.8050005435943604	859	6.250052527034659	0	1
1.8100004196166992	860	6.250052527034659	0	-19
1.8150005340576172	841	6.060642491359081	1	-49
1.8200006484985352	792	6.060642491359081	0	-48
1.8250007629394531	744	6.060642491359081	0	-28
1.830000877380371	716	6.060642491359081	0	-11
1.8350014686584473	705	6.060642491359081	0	-5
1.8400003910064697	700	6.060642491359081	0	-3
1.8450002670288086	697	6.060642491359081	0	6
1.8500001430511475	703	6.060642491359081	0	9
1.8550002574920654	712	6.060642491359081	0	35
1.8600010871887207	747	6.060589947143464	1	43
1.8650004863739014	790	6.060589947143464	0	28
1.8700008392333984	818	6.060589947143464	0	16
1.875000238418579	834	6.060589947143464	0	9
1.8800005912780762	843	6.060589947143464	0	8
1.8850007057189941	851	6.060589947143464	0	0
1.890000343322754	851	6.060589947143464	0	-6
1.89500093460083	845	6.060589947143464	0	-18
1.9000012874603271	827	5.882342051489903	1	-39
1.9050014019012451	788	5.882342051489903	0	-36
1.9100010395050049	752	5.882342051489903	0	-24
1.9150002002716064	728	5.882342051489903	0	-14
1.9200012683868408	714	5.882342051489903	0	-6
1.9250011444091797	708	5.882342051489903	0	-7
1.9300014972686768	701	5.882342051489903	0	2
1.9350008964538574	703	5.882342051489903	0	8
1.9400005340576172	711	5.882342051489903	0	24
1.9450006484985352	735	5.882342051489903	1	48
1.9500007629394531	783	5.882342051489903	0	37
1.9550011157989502	820	5.882342051489903	0	24
1.9600005149841309	844	5.882342051489903	0	10
1.965001106262207	854	5.882342051489903	0	6
1.9700002670288086	860	5.882342051489903	0	0
1.9750008583068848	860	5.882342051489903	0	-24
1.9800007343292236	836	6.060598704449463	1	-50
1.9850003719329834	786	6.060598704449463	0	-47
1.9900002479553223	739	6.060598704449463	0	-24
1.9950001239776611	715	6.060598704449463	0	-9
2.000000238418579	706	6.060598704449463	0	-8
2.0050013065338135	698	6.060598704449463	0	1
2.0100011825561523	699	6.060598704449463	0	2
2.015000343322754	701	6.060598704449463	0	12
2.020000457763672	713	6.2500245870126925	1	35
2.025000810623169	748	6.2500245870126925	0	40
2.030000925064087	788	6.2500245870126925	0	29
2.0350003242492676	817	6.2500245870126925	0	17
2.040001630783081	834	6.2500245870126925	0	10
2.0450007915496826	844	6.2500245870126925	0	7
2.0500001907348633	851	6.2500245870126925	0	0
2.0550003051757812	851	6.2500245870126925	0	-4
2.0600011348724365	847	6.2500245870126925	0	-20
2.0650012493133545	827	6.06060746178077	1	-40
2.070000648498535	787	6.06060746178077	0	-36
2.075000286102295	751	6.06060746178077	0	-27
2.080000400543213	724	6.06060746178077	0	-10
2.0850014686584473	714	6.06060746178077	0	-9
2.090001344680786	705	6.06060746178077	0	-3
2.095001459121704	702	6.06060746178077	0	2
2.1000001430511475	704	6.06060746178077	0	7
2.1050004959106445	711	6.06060746178077	0	33
2.1100013256073	744	6.060581189862773	1	44
2.1150012016296387	788	6.060581189862773	0	35
2.1200010776519775	823	6.060581189862773	0	22
2.1250009536743164	845	6.060581189862773	0	10
2.130000591278076	855	6.060581189862773	0	7
2.1350011825561523	862	6.060581189862773	0	-3
2.140000581741333	859	6.060581189862773	0	-22
2.145000457763672	837	6.060616219137386	1	-47
2.150001287460327	790	6.060616219137386	0	-49
2.155000686645508	741	6.060616219137386	0	-23
2.1600005626678467	718	6.060616219137386	0	-13
2.1650002002716064	705	6.060616219137386	0	-6
2.170001268386841	699	6.060616219137386	0	0
2.1750009059906006	699	6.060616219137386	0	1
2.1800012588500977	700	6.060616219137386	0	11
2.1850008964538574	711	6.060589947143464	1	29
2.1900007724761963	740	6.060589947143464	0	45
2.195000171661377	785	6.060589947143464	0	32
2.2000010013580322	817	6.060589947143464	0	15
2.205000638961792	832	6.060589947143464	0	12
2.210000991821289	844	6.060589947143464	0	6
2.215000629425049	850	6.060589947143464	0	1
2.2200005054473877	851	6.060589947143464	0	-5
2.2250003814697266	846	6.060589947143464	0	-20
2.230001211166382	826	6.06060746178077	1	-36
2.2350001335144043	790	6.06060746178077	0	-40
2.2400012016296387	750	6.06060746178077	0	-24
2.2450008392333984	726	6.06060746178077	0	-11
2.2500009536743164	715	6.06060746178077	0	-9
2.2550010681152344	706	6.06060746178077	0	-3
2.260000705718994	703	6.06060746178077	0	0
2.2650015354156494	703	6.06060746178077	0	7
2.270001173019409	710	6.06060746178077	0	33
2.2750015258789062	743	6.060598704449463	1	43
2.280001401901245	786	6.060598704449463	0	38
2.285001277923584	824	6.060598704449463	0	20
2.290001392364502	844	6.060598704449463	0	11
2.2950007915496826	855	6.060598704449463	0	7
2.3000009059906006	862	6.060598704449463	0	-4
2.3050005435943604	858	6.060598704449463	0	-19
2.310000419616699	839	6.06060746178077	1	-50
2.315000295639038	789	6.06060746178077	0	-49
2.3200013637542725	740	6.06060746178077	0	-21
2.3250010013580322	719	6.06060746178077	0	-15
2.330000400543213	704	6.06060746178077	0	-5
2.335000514984131	699	6.06060746178077	0	0
2.340000629425049	699	6.06060746178077	0	2
2.345000982284546	701	6.06060746178077	0	12
2.3500001430511475	713	6.060633733926541	1	27
2.3550004959106445	740	6.060633733926541	0	48
2.3600006103515625	788	6.060633733926541	0	29
2.3650009632110596	817	6.060633733926541	0	16
2.370000123977661	833	6.060633733926541	0	12
2.3750014305114746	845	6.060633733926541	0	6
2.3800015449523926	851	6.060633733926541	0	1
2.385000228881836	852	6.060633733926541	0	-8
2.3900017738342285	844	6.060633733926541	0	-22
2.395000696182251	822	6.060624976519309	1	-40
2.400000810623169	782	6.060624976519309	0	-38
2.405001163482666	744	6.060624976519309	0	-19
2.4100003242492676	725	6.060624976519309	0	-13
2.4150009155273438	712	6.060624976519309	0	-8
2.4200005531311035	704	6.060624976519309	0	0
2.4250009059906006	704	6.060624976519309	0	-2
2.4300012588500977	702	6.060624976519309	0	11
2.435000419616699	713	6.250043213666247	1	36
2.4400010108947754	749	6.250043213666247	0	44
2.4450016021728516	793	6.250043213666247	0	35
2.450000762939453	828	6.250043213666247	0	18
2.455000400543213	846	6.250043213666247	0	11
2.4600014686584473	857	6.250043213666247	0	4
2.4650015830993652	861	6.250043213666247	0	-5
2.4700002670288086	856	6.250043213666247	0	-23
2.4750006198883057	833	6.060598704449463	1	-55
2.4800002574920654	778	6.060598704449463	0	-45
2.4850013256073	733	6.060598704449463	0	-19
2.4900004863739014	714	6.060598704449463	0	-11
2.4950003623962402	703	6.060598704449463	0	-2
2.5000014305114746	701	6.060598704449463	0	-4
2.5050017833709717	697	6.060598704449463	0	5
2.510000228881836	702	6.060598704449463	0	15
2.515001058578491	717	6.060572432607389	1	37
2.520000457763672	754	6.060572432607389	0	45
2.5250003337860107	799	6.060572432607389	0	22
2.530001401901245	821	6.060572432607389	0	15
2.5350003242492676	836	6.060572432607389	0	11
2.540001392364502	847	6.060572432607389	0	4
2.545001268386841	851	6.060572432607389	0	-1
2.5500009059906006	850	6.060572432607389	0	-12
2.5550005435943604	838	6.250005960470162	1	-30
2.5600006580352783	808	6.250005960470162	0	-42
2.5650010108947754	766	6.250005960470162	0	-31
2.5700011253356934	735	6.250005960470162	0	-15
2.575000524520874	720	6.250005960470162	0	-13
2.5800013542175293	707	6.250005960470162	0	-3
2.5850002765655518	704	6.250005960470162	0	-3
2.590001344680786	701	6.250005960470162	0	4
2.595000982284546	705	6.250005960470162	0	22
2.6000008583068848	727	6.060589947143464	1	38
2.605001449584961	765	6.060589947143464	0	44
2.6100003719329834	809	6.060589947143464	0	26
2.6150007247924805	835	6.060589947143464	0	15
2.6200010776519775	850	6.060589947143464	0	9
2.6250009536743164	859	6.060589947143464	0	3
2.630000352859497	862	6.060589947143464	0	-9
2.6350009441375732	853	6.060589947143464	0	-39
2.640000343322754	814	6.060616219137386	1	-58
2.645000696182251	756	6.060616219137386	0	-31
2.65000057220459	725	6.060616219137386	0	-18
2.655000686645508	707	6.060616219137386	0	-5
2.660000801086426	702	6.060616219137386	0	-3
2.665001153945923	699	6.060616219137386	0	0
2.670001268386841	699	6.060616219137386	0	12
2.6750006675720215	711	6.250015273727549	1	26
2.6800005435943604	737	6.250015273727549	0	46
2.6850008964538574	783	6.250015273727549	0	30
2.6900014877319336	813	6.250015273727549	0	19
2.695000648498535	832	6.250015273727549	0	11
2.7000010013580322	843	6.250015273727549	0	6
2.705000877380371	849	6.250015273727549	0	5
2.710001230239868	854	6.250015273727549	0	-7
2.715000867843628	847	6.250015273727549	0	-18
2.720001220703125	829	6.060581189862773	1	-36
2.725001335144043	793	6.060581189862773	0	-40
2.7300009727478027	753	6.060581189862773	0	-25
2.7350010871887207	728	6.060581189862773	0	-15
2.7400009632110596	713	6.060581189862773	0	-8
2.7450013160705566	705	6.060581189862773	0	-1
2.7500007152557373	704	6.060581189862773	0	-2
2.755000352859497	702	6.060581189862773	0	8
2.760000467300415	710	6.060581189862773	0	30
2.765000820159912	740	6.06060746178077	1	45
2.77000093460083	785	6.06060746178077	0	37
2.775000810623169	822	6.06060746178077	0	21
2.7800002098083496	843	6.06060746178077	0	11
2.785001039505005	854	6.06060746178077	0	6
2.790001153945923	860	6.06060746178077	0	-1
2.7950010299682617	859	6.06060746178077	0	-18
2.800001621246338	841	6.2499500815087	1	-51
2.8050005435943604	790	6.2499500815087	0	-47
2.8100013732910156	743	6.2499500815087	0	-27
2.8150014877319336	716	6.2499500815087	0	-11
2.8200008869171143	705	6.2499500815087	0	-4
2.8250010013580322	701	6.2499500815087	0	-4
2.830000400543213	697	6.2499500815087	0	6
2.8350014686584473	703	6.2499500815087	0	14
2.8400001525878906	717	6.060624976519309	1	36
2.8450002670288086	753	6.060624976519309	0	43
2.8500006198883057	796	6.060624976519309	0	24
2.8550004959106445	820	6.060624976519309	0	16
2.8600001335144043	836	6.060624976519309	0	10
2.8650007247924805	846	6.060624976519309	0	5
2.8700010776519775	851	6.060624976519309	0	1
2.8750011920928955	852	6.060624976519309	0	-12
2.8800013065338135	840	6.24999664724053	1	-23
2.8850009441375732	817	6.24999664724053	0	-41
2.890000343322754	776	6.24999664724053	0	-35
2.89500093460083	741	6.24999664724053	0	-18
2.9000003337860107	723	6.24999664724053	0	-13
2.905000686645508	710	6.24999664724053	0	-5
2.910001039505005	705	6.24999664724053	0	-3
2.9150006771087646	702	6.24999664724053	0	1
2.9200010299682617	703	6.24999664724053	0	15
2.9250001907348633	718	6.2500245870126925	1	31
2.9300012588500977	749	6.2500245870126925	0	48
2.9350013732910156	797	6.2500245870126925	0	34
2.9400012493133545	831	6.2500245870126925	0	17
2.945000171661377	848	6.2500245870126925	0	11
2.9500010013580322	859	6.2500245870126925	0	2
2.955000162124634	861	6.2500245870126925	0	-8
2.960000991821289	853	6.2500245870126925	0	-37
2.9650003910064697	816	6.060651248816929	1	-57
2.9700002670288086	759	6.060651248816929	0	-33
2.975001096725464	726	6.060651248816929	0	-18
2.9800007343292236	708	6.060651248816929	0	-7
2.9850010871887207	701	6.060651248816929	0	-1
2.9900002479553223	700	6.060651248816929	0	0
2.9950010776519775	700	6.060651248816929	0	7
3.0000014305114746	707	6.060651248816929	0	16
3.0050008296966553	723	6.060581189862773	1	42
3.010000228881836	765	6.060581189862773	0	39
3.015000820159912	804	6.060581189862773	0	21
3.020000457763672	825	6.060581189862773	0	14
3.025001287460327	839	6.060581189862773	0	7
3.030000925064087	846	6.060581189862773	0	6
3.035001039505005	852	6.060581189862773	0	-4
3.0400004386901855	848	6.060581189862773	0	-12
3.0450007915496826	836	6.060624976519309	1	-34
3.0500004291534424	802	6.060624976519309	0	-44
3.0550007820129395	758	6.060624976519309	0	-26
3.06000018119812	732	6.060624976519309	0	-16
3.065000295639038	716	6.060624976519309	0	-10
3.0700008869171143	706	6.060624976519309	0	-2
3.0750014781951904	704	6.060624976519309	0	-4
3.080000638961792	700	6.060624976519309	0	7
3.0850002765655518	707	6.060624976519309	0	20
3.0900001525878906	727	6.06060746178077	1	41
3.095001220703125	768	6.06060746178077	0	42
3.100001335144043	810	6.06060746178077	0	28
3.1050007343292236	838	6.06060746178077	0	14
3.1100010871887207	852	6.06060746178077	0	6
3.1150012016296387	858	6.06060746178077	0	5
3.120000123977661	863	6.06060746178077	0	-12
3.1250007152557373	851	6.249987334038654	1	-42
3.1300008296966553	809	6.249987334038654	0	-53
3.1350009441375732	756	6.249987334038654	0	-33
3.140000820159912	723	6.249987334038654	0	-16
3.1450002193450928	707	6.249987334038654	0	-5
3.1500003337860107	702	6.249987334038654	0	-4
3.155000686645508	698	6.249987334038654	0	3
3.160001277923584	701	6.249987334038654	0	9
3.165001153945923	710	6.249987334038654	0	31
3.1700007915496826	741	6.06060746178077	1	48
3.1750001907348633	789	6.06060746178077	0	27
3.1800012588500977	816	6.06060746178077	0	18
3.1850011348724365	834	6.06060746178077	0	10
3.1900007724761963	844	6.06060746178077	0	6
3.195000410079956	850	6.06060746178077	0	1
3.200000286102295	851	6.06060746178077	0	-11
3.2050015926361084	840	6.249968707718167	1	-17
3.210000991821289	823	6.249968707718167	0	-38
3.2150003910064697	785	6.249968707718167	0	-38
3.2200005054473877	747	6.249968707718167	0	-19
3.225001096725464	728	6.249968707718167	0	-16
3.230001449584961	712	6.249968707718167	0	-5
3.2350003719329834	707	6.249968707718167	0	-5
3.2400004863739014	702	6.249968707718167	0	-2
3.2450008392333984	700	6.249968707718167	0	14
3.2500011920928955	714	6.249959394599556	1	30
3.255000352859497	744	6.249959394599556	0	47
3.2600016593933105	791	6.249959394599556	0	35
3.265000581741333	826	6.249959394599556	0	20
3.2700002193450928	846	6.249959394599556	0	11
3.2750003337860107	857	6.249959394599556	0	4
3.280001401901245	861	6.249959394599556	0	-4
3.2850005626678467	857	6.249959394599556	0	-30
3.2900009155273438	827	6.060598704449463	1	-56
3.2950007915496826	771	6.060598704449463	0	-38
3.3000001907348633	733	6.060598704449463	0	-23
3.3050007820129395	710	6.060598704449463	0	-6
3.3100008964538574	704	6.060598704449463	0	-5
3.315000295639038	699	6.060598704449463	0	-1
3.3200011253356934	698	6.060598704449463	0	8
3.3250010013580322	706	6.060598704449463	0	15
3.330000400543213	721	6.250015273727549	1	42
3.3350002765655518	763	6.250015273727549	0	39
3.340001344680786	802	6.250015273727549	0	22
3.345000982284546	824	6.250015273727549	0	14
3.3500001430511475	838	6.250015273727549	0	8
3.355001449584961	846	6.250015273727549	0	6
3.3600010871887207	852	6.250015273727549	0	-3
3.3650009632110596	849	6.250015273727549	0	-12
3.3700008392333984	837	6.060633733926541	1	-31
3.3750014305114746	806	6.060633733926541	0	-45
3.3800010681152344	761	6.060633733926541	0	-28
3.3850009441375732	733	6.060633733926541	0	-17
3.390000820159912	716	6.060633733926541	0	-9
3.395000457763672	707	6.060633733926541	0	-3
3.4000003337860107	704	6.060633733926541	0	-4
3.405000686645508	700	6.060633733926541	0	9
3.410001277923584	709	6.060633733926541	0	22
3.4150004386901855	731	6.060633733926541	1	40
3.4200010299682617	771	6.060633733926541	0	42
3.4250001907348633	813	6.060633733926541	0	24
3.430001735687256	837	6.060633733926541	0	15
3.4350008964538574	852	6.060633733926541	0	7
3.440000534057617	859	6.060633733926541	0	1
3.4450008869171143	860	6.060633733926541	0	-12
3.4500012397766113	848	6.249987334038654	1	-46
3.455000400543213	802	6.249987334038654	0	-54
3.460001230239868	748	6.249987334038654	0	-29
3.465000629425049	719	6.249987334038654	0	-15
3.470000743865967	704	6.249987334038654	0	-3
3.4750003814697266	701	6.249987334038654	0	-4
3.4800007343292236	697	6.249987334038654	0	3
3.4850001335144043	700	6.249987334038654	0	14
3.4900007247924805	714	6.249987334038654	1	32
3.4950010776519775	746	6.249987334038654	0	45
3.5000009536743164	791	6.249987334038654	0	26
3.5050015449523926	817	6.249987334038654	0	17
3.5100009441375732	834	6.249987334038654	0	10
3.515000581741333	844	6.249987334038654	0	5
3.520000457763672	849	6.249987334038654	0	3
3.525001049041748	852	6.249987334038654	0	-9
3.5300004482269287	843	6.249987334038654	0	-21
3.535001039505005	822	6.060598704449463	1	-42
3.5400002002716064	780	6.060598704449463	0	-38
3.5450005531311035	742	6.060598704449463	0	-18
3.5500006675720215	724	6.060598704449463	0	-15
3.5550012588500977	709	6.060598704449463	0	-4
3.5600006580352783	705	6.060598704449463	0	-3
3.5650010108947754	702	6.060598704449463	0	3
3.570000171661377	705	6.060598704449463	0	14
3.5750017166137695	719	6.2499500815087	1	32
3.580000877380371	751	6.2499500815087	0	43
3.585000991821289	794	6.2499500815087	0	33
3.590000629425049	827	6.2499500815087	0	18
3.595001220703125	845	6.2499500815087	0	12
3.6000001430511475	857	6.2499500815087	0	4
3.6050009727478027	861	6.2499500815087	0	-5
3.6100006103515625	856	6.2499500815087	0	-33
3.6150009632110596	823	6.060616219137386	1	-58
3.6200008392333984	765	6.060616219137386	0	-37
3.625000476837158	728	6.060616219137386	0	-20
3.6300015449523926	708	6.060616219137386	0	-6
3.6350009441375732	702	6.060616219137386	0	-2
3.6400012969970703	700	6.060616219137386	0	-2
3.645001173019409	698	6.060616219137386	0	9
3.6500015258789062	707	6.060616219137386	0	19
3.655000925064087	726	6.060598704449463	1	43
3.660001039505005	769	6.060598704449463	0	36
3.665001153945923	805	6.060598704449463	0	20
3.6700007915496826	825	6.060598704449463	0	15
3.6750006675720215	840	6.060598704449463	0	8
3.6800005435943604	848	6.060598704449463	0	3
3.6850011348724365	851	6.060598704449463	0	-5
3.6900007724761963	846	6.060598704449463	0	-16
3.695000648498535	830	6.250015273727549	1	-36
3.700000524520874	794	6.250015273727549	0	-42
3.705000400543213	752	6.250015273727549	0	-22
3.7100002765655518	730	6.250015273727549	0	-14
3.715000629425049	716	6.250015273727549	0	-9
3.720000743865967	707	6.250015273727549	0	-3
3.725001335144043	704	6.250015273727549	0	-3
3.7300007343292236	701	6.250015273727549	0	6
3.7350008487701416	707	6.250015273727549	0	19
3.7400007247924805	726	6.060642491359081	1	40
3.7450008392333984	766	6.060642491359081	0	45
3.750000476837158	811	6.060642491359081	0	26
3.7550013065338135	837	6.060642491359081	0	17
3.760000705718994	854	6.060642491359081	0	6
3.765000343322754	860	6.060642491359081	0	-1
3.77000093460083	859	6.060642491359081	0	-21
3.77500057220459	838	6.250015273727549	1	-51
3.780001401901245	787	6.250015273727549	0	-46
3.7850003242492676	741	6.250015273727549	0	-24
3.790001153945923	717	6.250015273727549	0	-13
3.795001745223999	704	6.250015273727549	0	-3
3.8000004291534424	701	6.250015273727549	0	-5
3.8050003051757812	696	6.250015273727549	0	5
3.8100011348724365	701	6.250015273727549	0	8
3.815000295639038	709	6.250015273727549	0	27
3.820000648498535	736	6.060616219137386	1	49
3.825000762939453	785	6.060616219137386	0	30
3.83000111579895	815	6.060616219137386	0	19
3.835001230239868	834	6.060616219137386	0	10
3.840001106262207	844	6.060616219137386	0	7
3.845001220703125	851	6.060616219137386	0	-1
3.8500001430511475	850	6.060616219137386	0	-9
3.8550004959106445	841	6.060616219137386	0	-24
3.8600008487701416	817	6.060598704449463	1	-41
3.8650002479553223	776	6.060598704449463	0	-35
3.870000123977661	741	6.060598704449463	0	-17
3.875000238418579	724	6.060598704449463	0	-14
3.880000591278076	710	6.060598704449463	0	-5
3.8850009441375732	705	6.060598704449463	0	-4
3.8900015354156494	701	6.060598704449463	0	0
3.895000457763672	701	6.060598704449463	0	13
3.9000003337860107	714	6.250015273727549	1	29
3.905001163482666	743	6.250015273727549	0	49
3.9100003242492676	792	6.250015273727549	0	35
3.915001153945923	827	6.250015273727549	0	19
3.9200007915496826	846	6.250015273727549	0	11
3.9250001907348633	857	6.250015273727549	0	3
3.9300003051757812	860	6.250015273727549	0	-5
3.9350006580352783	855	6.250015273727549	0	-33
3.9400007724761963	822	6.060598704449463	1	-59
3.945000171661377	763	6.060598704449463	0	-36
3.950000762939453	727	6.060598704449463	0	-19
3.955000638961792	708	6.060598704449463	0	-7
3.960000514984131	701	6.060598704449463	0	-2
3.965001344680786	699	6.060598704449463	0	-2
3.9700002670288086	697	6.060598704449463	0	9
3.9750003814697266	706	6.060598704449463	0	18
3.9800004959106445	724	6.250005960470162	1	44
3.9850008487701416	768	6.250005960470162	0	36
3.9900002479553223	804	6.250005960470162	0	22
3.9950010776519775	826	6.250005960470162	0	14
4.000000476837158	840	6.250005960470162	0	7
4.005000829696655	847	6.250005960470162	0	4
4.0100014209747314	851	6.250005960470162	0	-4
4.015000343322754	847	6.250005960470162	0	-15
4.020001411437988	832	6.249978020864533	1	-34
4.025001287460327	798	6.249978020864533	0	-44
4.030000925064087	754	6.249978020864533	0	-23
4.035000801086426	731	6.249978020864533	0	-16
4.0400004386901855	715	6.249978020864533	0	-10
4.045000314712524	705	6.249978020864533	0	-1
4.050000429153442	704	6.249978020864533	0	-5
4.05500054359436	699	6.249978020864533	0	9
4.060001373291016	708	6.249978020864533	0	22
4.065001010894775	730	6.060581189862773	1	40
4.070000171661377	770	6.060581189862773	0	44
4.0750017166137695	814	6.060581189862773	0	25
4.080000638961792	839	6.060581189862773	0	15
4.085000514984131	854	6.060581189862773	0	7
4.090001106262207	861	6.060581189862773	0	-1
4.095001220703125	860	6.060581189862773	0	-21
4.100001096725464	839	6.249987334038654	1	-54
4.105000257492065	785	6.249987334038654	0	-46
4.110000133514404	739	6.249987334038654	0	-24
4.115001440048218	715	6.249987334038654	0	-12
4.120000839233398	703	6.249987334038654	0	-3
4.125000715255737	700	6.249987334038654	0	-3
4.130001068115234	697	6.249987334038654	0	4
4.135000705718994	701	6.249987334038654	0	11
4.140000343322754	712	6.250005960470162	1	29
4.145001411437988	741	6.250005960470162	0	49
4.150001764297485	790	6.250005960470162	0	28
4.15500020980835	818	6.250005960470162	0	17
4.160000324249268	835	6.250005960470162	0	11
4.1650004386901855	846	6.250005960470162	0	5
4.170001745223999	851	6.250005960470162	0	0
4.175001382827759	851	6.250005960470162	0	-11
4.180000305175781	840	6.250043213666247	1	-25
4.185000896453857	815	6.250043213666247	0	-40
4.190001010894775	775	6.250043213666247	0	-34
4.195000171661377	741	6.250043213666247	0	-16
4.200001001358032	725	6.250043213666247	0	-14
4.205001354217529	711	6.250043213666247	0	-5
4.210001468658447	706	6.250043213666247	0	-4
4.215000152587891	702	6.250043213666247	0	0
4.220000267028809	702	6.250043213666247	0	15
4.225001573562622	717	6.249978020864533	1	34
4.230001449584961	751	6.249978020864533	0	48
4.235000848770142	799	6.249978020864533	0	32
4.240000247955322	831	6.249978020864533	0	18
4.2450010776519775	849	6.249978020864533	0	7
4.250000238418579	856	6.249978020864533	0	4
4.255001544952393	860	6.249978020864533	0	-8
4.260000467300415	852	6.249978020864533	0	-37
4.26500129699707	815	6.060598704449463	1	-55
4.270000219345093	760	6.060598704449463	0	-33
4.275001049041748	727	6.060598704449463	0	-19
4.280000448226929	708	6.060598704449463	0	-5
4.285000562667847	703	6.060598704449463	0	-4
4.2900002002716064	699	6.060598704449463	0	-1
4.295001029968262	698	6.060598704449463	0	8
4.300001382827759	706	6.060598704449463	0	17
4.30500054359436	723	6.060598704449463	1	43
4.310000896453857	766	6.060598704449463	0	40
4.315000772476196	806	6.060598704449463	0	21
4.320000171661377	827	6.060598704449463	0	13
4.32500147819519	840	6.060598704449463	0	8
4.33000111579895	848	6.060598704449463	0	4
4.335001468658447	852	6.060598704449463	0	-3
4.340001344680786	849	6.060598704449463	0	-18
4.345000982284546	831	6.060581189862773	1	-32
4.350000858306885	799	6.060581189862773	0	-43
4.355000972747803	756	6.060581189862773	0	-25
4.360000133514404	731	6.060581189862773	0	-15
4.36500096321106	716	6.060581189862773	0	-10
4.3700010776519775	706	6.060581189862773	0	-2
4.375001430511475	704	6.060581189862773	0	-4
4.380001544952393	700	6.060581189862773	0	10
4.385000944137573	710	6.2500245870126925	1	22
4.390000581741333	732	6.2500245870126925	0	43
4.395000457763672	775	6.2500245870126925	0	41
4.400000810623169	816	6.2500245870126925	0	24
4.405000448226929	840	6.2500245870126925	0	14
4.410000324249268	854	6.2500245870126925	0	6
4.415000677108765	860	6.2500245870126925	0	-1
4.4200005531311035	859	6.2500245870126925	0	-14
4.425000190734863	845	6.250043213666247	1	-49
4.430000305175781	796	6.250043213666247	0	-52
4.43500018119812	744	6.250043213666247	0	-27
4.440000772476196	717	6.250043213666247	0	-14
4.445000648498535	703	6.250043213666247	0	-2
4.450000762939453	701	6.250043213666247	0	-4
4.45500111579895	697	6.250043213666247	0	7
4.460000514984131	704	6.250043213666247	0	16
4.465001583099365	720	6.249959394599556	1	40
4.470000505447388	760	6.249959394599556	0	43
4.475000381469727	803	6.249959394599556	0	21
4.480000257492065	824	6.249959394599556	0	15
4.485000133514404	839	6.249959394599556	0	8
4.490001201629639	847	6.249959394599556	0	4
4.495000600814819	851	6.249959394599556	0	-1
4.500000953674316	850	6.249959394599556	0	-11
4.505000829696655	839	6.250005960470162	1	-25
4.510000705718994	814	6.250005960470162	0	-43
4.51500129699707	771	6.250005960470162	0	-33
4.520001649856567	738	6.250005960470162	0	-16
4.525001287460327	722	6.250005960470162	0	-14
4.530001163482666	708	6.250005960470162	0	-4
4.535001277923584	704	6.250005960470162	0	-1
4.540001392364502	703	6.250005960470162	0	3
4.545000314712524	706	6.250005960470162	0	24
4.5500006675720215	730	6.060616219137386	1	43
4.5550010204315186	773	6.060616219137386	0	41
4.560001373291016	814	6.060616219137386	0	25
4.5650012493133545	839	6.060616219137386	0	13
4.570000171661377	852	6.060616219137386	0	8
4.575001239776611	860	6.060616219137386	0	0
4.580000400543213	860	6.060616219137386	0	-12
4.585000991821289	848	6.249968707718167	1	-42
4.590000152587891	806	6.249968707718167	0	-55
4.595001459121704	751	6.249968707718167	0	-28
4.6000001430511475	723	6.249968707718167	0	-17
4.605000972747803	706	6.249968707718167	0	-5
4.610001087188721	701	6.249968707718167	0	-2
4.615000247955322	699	6.249968707718167	0	1
4.6200010776519775	700	6.249968707718167	0	17
4.625000476837158	717	6.250043213666247	1	35
4.630001068115234	752	6.250043213666247	0	45
4.635000467300415	797	6.250043213666247	0	25
4.640001535415649	822	6.250043213666247	0	13
4.645000219345093	835	6.250043213666247	0	11
4.650001287460327	846	6.250043213666247	0	4
4.655001163482666	850	6.250043213666247	0	2
4.660000324249268	852	6.250043213666247	0	-10
4.665001392364502	842	6.249978020864533	1	-26
4.670001029968262	816	6.249978020864533	0	-45
4.675000905990601	771	6.249978020864533	0	-34
4.6800007820129395	737	6.249978020864533	0	-18
4.685000658035278	719	6.249978020864533	0	-9
4.6900012493133545	710	6.249978020864533	0	-8
4.695000410079956	702	6.249978020864533	0	1
4.700001001358032	703	6.249978020864533	0	2
4.705000400543213	705	6.249978020864533	0	21
4.710001230239868	726	6.249978020864533	1	41
4.715000152587891	767	6.249978020864533	0	40
4.720001459121704	807	6.249978020864533	0	30
4.725000619888306	837	6.249978020864533	0	13
4.730000257492065	850	6.249978020864533	0	9
4.735000371932983	859	6.249978020864533	0	2
4.740001201629639	861	6.249978020864533	0	-14
4.745000123977661	847	6.250033900325592	1	-45
4.750000238418579	802	6.250033900325592	0	-57
4.7550013065338135	745	6.250033900325592	0	-27
4.760000467300415	718	6.250033900325592	0	-14
4.765001058578491	704	6.250033900325592	0	-6
4.770000457763672	698	6.250033900325592	0	1
4.775001049041748	699	6.250033900325592	0	2
4.780001163482666	701	6.250033900325592	0	13
4.785001516342163	714	6.249959394599556	1	33
4.790000915527344	747	6.249959394599556	0	42
4.795001268386841	789	6.249959394599556	0	27
4.800000429153442	816	6.249959394599556	0	18
4.8050007820129395	834	6.249959394599556	0	12
4.810000419616699	846	6.249959394599556	0	4
4.815000295639038	850	6.249959394599556	0	-1
4.820001125335693	849	6.249959394599556	0	-10
4.825001239776611	839	6.250005960470162	1	-34
4.830000638961792	805	6.250005960470162	0	-41
4.835001230239868	764	6.250005960470162	0	-29
4.840000629425049	735	6.250005960470162	0	-19
4.845000505447388	716	6.250005960470162	0	-5
4.850001335144043	711	6.250005960470162	0	-9
4.855001449584961	702	6.250005960470162	0	0
4.860000848770142	702	6.250005960470162	0	3
4.865001201629639	705	6.250005960470162	0	16
4.8700010776519775	721	6.250005960470162	1	42
4.875001668930054	763	6.250005960470162	0	42
4.880000591278076	805	6.250005960470162	0	31
4.885001182556152	836	6.250005960470162	0	15
4.89000129699707	851	6.250005960470162	0	7
4.895001411437988	858	6.250005960470162	0	1
4.900001525878906	859	6.250005960470162	0	-18
4.90500020980835	841	6.24999664724053	1	-50
4.910001277923584	791	6.24999664724053	0	-50
4.915000677108765	741	6.24999664724053	0	-27
4.920000791549683	714	6.24999664724053	0	-8
4.925000905990601	706	6.24999664724053	0	-8
4.930001497268677	698	6.24999664724053	0	1
4.935000419616699	699	6.24999664724053	0	3
4.940000772476196	702	6.24999664724053	0	10
4.945000648498535	712	6.250033900325592	1	39
4.950001001358032	751	6.250033900325592	0	40
4.955000400543213	791	6.250033900325592	0	29
4.960000991821289	820	6.250033900325592	0	15
4.96500039100647	835	6.250033900325592	0	10
4.970000267028809	845	6.250033900325592	0	5
4.975000858306885	850	6.250033900325592	0	-2
4.980001211166382	848	6.250033900325592	0	-12
4.985000133514404	836	6.250043213666247	1	-33
4.990000247955322	803	6.250043213666247	0	-42
4.9950010776519775	761	6.250043213666247	0	-26
5.000000238418579	735	6.250043213666247	0	-19
5.005000829696655	716	6.250043213666247	0	-7
5.010000705718994	709	6.250043213666247	0	-5
5.015000820159912	704	6.250043213666247	0	-4
5.020001173019409	700	6.250043213666247	0	7
5.025001049041748	707	6.250043213666247	0	15
5.030000686645508	722	6.250015273727549	1	42
5.035000801086426	764	6.250015273727549	0	44
5.040001392364502	808	6.250015273727549	0	28
5.045001268386841	836	6.250015273727549	0	17
5.050000905990601	853	6.250015273727549	0	6
5.055001258850098	859	6.250015273727549	0	-1
5.060000658035278	858	6.250015273727549	0	-20
5.065000772476196	838	6.249978020864533	1	-54
5.070000171661377	784	6.249978020864533	0	-45
5.075000524520874	739	6.249978020864533	0	-26
5.080001354217529	713	6.249978020864533	0	-9
5.085000514984131	704	6.249978020864533	0	-4
5.090000152587891	700	6.249978020864533	0	-3
5.095001220703125	697	6.249978020864533	0	4
5.100000381469727	701	6.249978020864533	0	10
5.1050004959106445	711	6.250005960470162	1	33
5.110000371932983	744	6.250005960470162	0	47
5.115000247955322	791	6.250005960470162	0	27
5.1200010776519775	818	6.250005960470162	0	18
5.125000238418579	836	6.250005960470162	0	9
5.130000591278076	845	6.250005960470162	0	5
5.135000467300415	850	6.250005960470162	0	-1
5.140000581741333	849	6.250005960470162	0	-13
5.145000219345093	836	6.24999664724053	1	-29
5.150001525878906	807	6.24999664724053	0	-44
5.155000925064087	763	6.24999664724053	0	-27
5.160001039505005	736	6.24999664724053	0	-18
5.165000915527344	718	6.24999664724053	0	-10
5.170000791549683	708	6.24999664724053	0	-3
5.17500114440918	705	6.24999664724053	0	-5
5.180001258850098	700	6.24999664724053	0	6
5.185000896453857	706	6.24999664724053	0	15
5.190000772476196	721	6.24999664724053	1	39
5.195001125335693	760	6.24999664724053	0	59
5.200001001358032	819	6.24999664724053	0	16
5.205000162124634	835	6.24999664724053	0	17
5.210000276565552	852	6.24999664724053	0	7
5.215001106262207	859	6.24999664724053	0	-1
5.220001220703125	858	6.24999664724053	0	-15
5.225000381469727	843	6.250015273727549	1	-51
5.230001211166382	792	6.250015273727549	0	-50
5.2350006103515625	742	6.250015273727549	0	-25
5.240001201629639	717	6.250015273727549	0	-14
5.245000839233398	703	6.250015273727549	0	-3
5.250000238418579	700	6.250015273727549	0	-3
5.255000829696655	697	6.250015273727549	0	4
5.260000944137573	701	6.250015273727549	0	11
5.265000581741333	712	6.250015273727549	0	29
5.27000093460083	741	6.060589947143464	1	48
5.275000333786011	789	6.060589947143464	0	29
5.280000448226929	818	6.060589947143464	0	16
5.285000801086426	834	6.060589947143464	0	11
5.2900004386901855	845	6.060589947143464	0	5
5.295001029968262	850	6.060589947143464	0	0
5.300000429153442	850	6.060589947143464	0	-10
5.305000305175781	840	6.060589947143464	0	-27
5.310000658035278	813	6.060589947143464	1	-42
5.315000534057617	771	6.060589947143464	0	-34
5.320000648498535	737	6.060589947143464	0	-15
5.325000762939453	722	6.060589947143464	0	-13
5.330000162124634	709	6.060589947143464	0	-5
5.335001468658447	704	6.060589947143464	0	-2
5.340000867843628	702	6.060589947143464	0	2
5.345000982284546	704	6.060589947143464	0	18
5.350001096725464	722	6.249987334038654	1	36
5.355001211166382	758	6.249987334038654	0	44
5.3600013256073	802	6.249987334038654	0	31
5.365001201629639	833	6.249987334038654	0	16
5.370001554489136	849	6.249987334038654	0	9
5.375000953674316	858	6.249987334038654	0	2
5.380000591278076	860	6.249987334038654	0	-8
5.385000467300415	852	6.249987334038654	0	-39
5.390001535415649	813	6.060563675377312	1	-58
5.39500093460083	755	6.060563675377312	0	-31
5.400001287460327	724	6.060563675377312	0	-18
5.405000686645508	706	6.060563675377312	0	-6
5.410000562667847	700	6.060563675377312	0	-1
5.415000677108765	699	6.060563675377312	0	0
5.420000314712524	699	6.060563675377312	0	13
5.4250006675720215	712	6.451624017867581	1	31
5.430001258850098	743	6.451624017867581	0	47
5.435001373291016	790	6.451624017867581	0	28
5.440000295639038	818	6.451624017867581	0	15
5.4450013637542725	833	6.451624017867581	0	12
5.450001001358032	845	6.451624017867581	0	5
5.455000877380371	850	6.451624017867581	0	1
5.460000514984131	851	6.451624017867581	0	-9
5.465000152587891	842	6.451624017867581	0	-27
5.470000505447388	815	6.250005960470162	1	-40
5.475000858306885	775	6.250005960470162	0	-35
5.480000734329224	740	6.250005960470162	0	-18
5.485001564025879	722	6.250005960470162	0	-11
5.490001201629639	711	6.250005960470162	0	-8
5.4950010776519775	703	6.250005960470162	0	1
5.500000476837158	704	6.250005960470162	0	-1
5.505000591278076	703	6.250005960470162	0	17
5.5100014209747314	720	6.249987334038654	1	36
5.515001058578491	756	6.249987334038654	0	44
5.520000219345093	800	6.249987334038654	0	32
5.525000333786011	832	6.249987334038654	0	16
5.530000448226929	848	6.249987334038654	0	10
5.535000801086426	858	6.249987334038654	0	3
5.540000915527344	861	6.249987334038654	0	-9
5.545000791549683	852	6.249987334038654	0	-37
5.550001382827759	815	6.250005960470162	1	-60
5.555000305175781	755	6.250005960470162	0	-33
5.560000658035278	722	6.250005960470162	0	-13
5.565000772476196	709	6.250005960470162	0	-11
5.570000886917114	698	6.250005960470162	0	1
5.575000524520874	699	6.250005960470162	0	2
5.580000877380371	701	6.250005960470162	0	14
5.585000991821289	715	6.249987334038654	1	37
5.590000629425049	752	6.249987334038654	0	42
5.595000267028809	794	6.249987334038654	0	27
5.600000619888306	821	6.249987334038654	0	14
5.605000972747803	835	6.249987334038654	0	10
5.610001087188721	845	6.249987334038654	0	6
5.615001678466797	851	6.249987334038654	0	-1
5.62000036239624	850	6.249987334038654	0	-7
5.625000238418579	843	6.249987334038654	0	-23
5.630001068115234	820	6.249978020864533	1	-43
5.635000944137573	777	6.249978020864533	0	-35
5.640000343322754	742	6.249978020864533	0	-22
5.64500093460083	720	6.249978020864533	0	-8
5.650001049041748	712	6.249978020864533	0	-10
5.655000448226929	702	6.249978020864533	0	0
5.660000801086426	702	6.249978020864533	0	5
5.665001153945923	707	6.249978020864533	0	16
5.670000314712524	723	6.250043213666247	1	44
5.675000429153442	767	6.250043213666247	0	42
5.680001497268677	809	6.250043213666247	0	27
5.685001611709595	836	6.250043213666247	0	15
5.690000534057617	851	6.250043213666247	0	7
5.695000171661377	858	6.250043213666247	0	3
5.700000524520874	861	6.250043213666247	0	-12
5.705001354217529	849	6.45161409407845	1	-39
5.710000276565552	810	6.45161409407845	0	-54
5.715001106262207	756	6.45161409407845	0	-35
5.720000982284546	721	6.45161409407845	0	-11
5.725000381469727	710	6.45161409407845	0	-10
5.730001211166382	700	6.45161409407845	0	-1
5.735000371932983	699	6.45161409407845	0	3
5.74000096321106	702	6.45161409407845	0	11
5.745000839233398	713	6.250005960470162	1	39
5.750000953674316	752	6.250005960470162	0	41
5.755000591278076	793	6.250005960470162	0	28
5.760000228881836	821	6.250005960470162	0	14
5.765001058578491	835	6.250005960470162	0	9
5.770001173019409	844	6.250005960470162	0	7
5.775001287460327	851	6.250005960470162	0	-2
5.780001163482666	849	6.250005960470162	0	-6
5.785001039505005	843	6.250005960470162	0	-24
5.7900004386901855	819	6.2500245870126925	1	-46
5.795001029968262	773	6.2500245870126925	0	-31
5.800000905990601	742	6.2500245870126925	0	-22
5.805000305175781	720	6.2500245870126925	0	-11
5.810000658035278	709	6.2500245870126925	0	-5
5.815000772476196	704	6.2500245870126925	0	-3
5.820001602172852	701	6.2500245870126925	0	6
5.82500147819519	707	6.2500245870126925	0	16
5.830000162124634	723	6.250005960470162	1	40
5.835000276565552	763	6.250005960470162	0	42
5.840000867843628	805	6.250005960470162	0	27
5.845000267028809	832	6.250005960470162	0	19
5.850000381469727	851	6.250005960470162	0	7
5.8550004959106445	858	6.250005960470162	0	4
5.860000371932983	862	6.250005960470162	0	-11
5.865000486373901	851	6.250033900325592	1	-45
5.870000839233398	806	6.250033900325592	0	-55
5.875000238418579	751	6.250033900325592	0	-33
5.880000352859497	718	6.250033900325592	0	-12
5.885001182556152	706	6.250033900325592	0	-6
5.890001535415649	700	6.250033900325592	0	-3
5.89500093460083	697	6.250033900325592	0	6
5.90000057220459	703	6.250033900325592	0	7
5.905000686645508	710	6.250033900325592	0	35
5.910001754760742	745	6.060572432607389	1	42
5.915000915527344	787	6.060572432607389	0	29
5.920000314712524	816	6.060572432607389	0	17
5.925000429153442	833	6.060572432607389	0	10
5.930001497268677	843	6.060572432607389	0	8
5.935000658035278	851	6.060572432607389	0	0
5.940000772476196	851	6.060572432607389	0	-11
5.9450013637542725	840	6.451574399227221	1	-26
5.950001239776611	814	6.451574399227221	0	-46
5.955000400543213	768	6.451574399227221	0	-31
5.960000514984131	737	6.451574399227221	0	-18
5.96500039100647	719	6.451574399227221	0	-11
5.970000982284546	708	6.451574399227221	0	-3
5.9750001430511475	705	6.451574399227221	0	-4
5.980001211166382	701	6.451574399227221	0	4
5.985000133514404	705	6.451574399227221	0	16
5.990000247955322	721	6.24999664724053	1	35
5.995000839233398	756	6.24999664724053	0	44
6.000000476837158	800	6.24999664724053	0	32
6.005000829696655	832	6.24999664724053	0	18
6.0100014209747314	850	6.24999664724053	0	8
6.015000581741333	858	6.24999664724053	0	5
6.020001649856567	863	6.24999664724053	0	-16
6.025000810623169	847	6.249987334038654	1	-50
6.030001401901245	797	6.249987334038654	0	-52
6.035001277923584	745	6.249987334038654	0	-28
6.040000915527344	717	6.249987334038654	0	-14
6.0450005531311035	703	6.249987334038654	0	-2
6.050000429153442	701	6.249987334038654	0	-4
6.055001735687256	697	6.249987334038654	0	4
6.060001373291016	701	6.249987334038654	0	11
6.0650012493133545	712	6.45163394168724	1	29
6.070000648498535	741	6.45163394168724	0	46
6.07500147819519	787	6.45163394168724	0	29
6.080000400543213	816	6.45163394168724	0	18
6.085001468658447	834	6.45163394168724	0	12
6.090001106262207	846	6.45163394168724	0	4
6.095000982284546	850	6.45163394168724	0	0
6.100000619888306	850	6.45163394168724	0	-12
6.105000734329224	838	6.2500245870126925	1	-28
6.110000133514404	810	6.2500245870126925	0	-42
6.115001201629639	768	6.2500245870126925	0	-32
6.12000036239624	736	6.2500245870126925	0	-16
6.1250011920928955	720	6.2500245870126925	0	-12
6.130000829696655	708	6.2500245870126925	0	-4
6.135001182556152	704	6.2500245870126925	0	-2
6.140000581741333	702	6.2500245870126925	0	2
6.145000696182251	704	6.2500245870126925	0	18
6.150001287460327	722	6.249959394599556	1	36
6.15500020980835	758	6.249959394599556	0	46
6.160001277923584	804	6.249959394599556	0	30
6.1650002002716064	834	6.249959394599556	0	15
6.170000791549683	849	6.249959394599556	0	10
6.175000190734863	859	6.249959394599556	0	1
6.180000305175781	860	6.249959394599556	0	-15
6.1850011348724365	845	6.249987334038654	1	-48
6.190001487731934	797	6.249987334038654	0	-55
6.195000886917114	742	6.249987334038654	0	-24
6.200000286102295	718	6.249987334038654	0	-14
6.205000400543213	704	6.249987334038654	0	-4
6.210001230239868	700	6.249987334038654	0	-1
6.215000867843628	699	6.249987334038654	0	0
6.220000505447388	699	6.249987334038654	0	13
6.2250001430511475	712	6.250043213666247	1	29
6.2300004959106445	741	6.250043213666247	0	44
6.235000848770142	785	6.250043213666247	0	31
6.24000096321106	816	6.250043213666247	0	16
6.245000123977661	832	6.250043213666247	0	13
6.250000715255737	845	6.250043213666247	0	5
6.255001068115234	850	6.250043213666247	0	0
6.260000705718994	850	6.250043213666247	0	-11
6.265001058578491	839	6.249987334038654	1	-27
6.270000457763672	812	6.249987334038654	0	-45
6.275001287460327	767	6.249987334038654	0	-29
6.280000686645508	738	6.249987334038654	0	-17
6.285001039505005	721	6.249987334038654	0	-10
6.2900004386901855	711	6.249987334038654	0	-8
6.295001029968262	703	6.249987334038654	0	0
6.300000429153442	703	6.249987334038654	0	-1
6.305000305175781	702	6.249987334038654	0	16
6.310000419616699	718	6.250033900325592	1	37
6.315000295639038	755	6.250033900325592	0	45
6.3200013637542725	800	6.250033900325592	0	32
6.325000762939453	832	6.250033900325592	0	17
6.330000162124634	849	6.250033900325592	0	10
6.335001230239868	859	6.250033900325592	0	1
6.340001344680786	860	6.250033900325592	0	-13
6.345000505447388	847	6.2500245870126925	1	-44
6.3500001430511475	803	6.2500245870126925	0	-55
6.355000972747803	748	6.2500245870126925	0	-27
6.360000133514404	721	6.2500245870126925	0	-13
6.3650007247924805	708	6.2500245870126925	0	-10
6.370001554489136	698	6.2500245870126925	0	2
6.375001430511475	700	6.2500245870126925	0	0
6.380000352859497	700	6.2500245870126925	0	8
6.385000705718994	708	6.2500245870126925	0	28
6.39000129699707	736	6.060563675377312	1	42
6.395000696182251	778	6.060563675377312	0	37
6.400001287460327	815	6.060563675377312	0	16
6.405000686645508	831	6.060563675377312	0	12
6.410001039505005	843	6.060563675377312	0	7
6.415000915527344	850	6.060563675377312	0	0
6.420000791549683	850	6.060563675377312	0	-7
6.42500114440918	843	6.060563675377312	0	-25
6.4300010204315186	818	6.06060746178077	1	-41
6.4350011348724365	777	6.06060746178077	0	-35
6.4400012493133545	742	6.06060746178077	0	-21
6.4450013637542725	721	6.06060746178077	0	-10
6.450000524520874	711	6.06060746178077	0	-7
6.455000400543213	704	6.06060746178077	0	-3
6.460000991821289	701	6.06060746178077	0	4
6.465000629425049	705	6.06060746178077	0	10
6.470001459121704	715	6.249959394599556	1	38
6.4750001430511475	753	6.249959394599556	0	41
6.480000257492065	794	6.249959394599556	0	36
6.485000371932983	830	6.249959394599556	0	16
6.490001201629639	846	6.249959394599556	0	11
6.4950010776519775	857	6.249959394599556	0	5
6.500000238418579	862	6.249959394599556	0	-9
6.505000829696655	853	6.249959394599556	0	-37
6.510000705718994	816	6.060598704449463	1	-56
6.515000820159912	760	6.060598704449463	0	-37
6.520001411437988	723	6.060598704449463	0	-13
6.52500057220459	710	6.060598704449463	0	-10
6.530001163482666	700	6.060598704449463	0	-2
6.535000562667847	698	6.060598704449463	0	3
6.540001630783081	701	6.060598704449463	0	7
6.545001029968262	708	6.060598704449463	0	32
6.5500006675720215	740	6.2500245870126925	1	43
6.555000305175781	783	6.2500245870126925	0	32
6.560000896453857	815	6.2500245870126925	0	18
6.565001010894775	833	6.2500245870126925	0	11
6.570000171661377	844	6.2500245870126925	0	7
6.57500147819519	851	6.2500245870126925	0	-1
6.580000877380371	850	6.2500245870126925	0	-7
6.585001230239868	843	6.2500245870126925	0	-21
6.590000152587891	822	6.250033900325592	1	-42
6.595001459121704	780	6.250033900325592	0	-34
6.600000381469727	746	6.250033900325592	0	-23
6.605000734329224	723	6.250033900325592	0	-11
6.6100006103515625	712	6.250033900325592	0	-6
6.615001201629639	706	6.250033900325592	0	-5
6.620000839233398	701	6.250033900325592	0	4
6.6250011920928955	705	6.250033900325592	0	11
6.630001068115234	716	6.250015273727549	1	38
6.6350016593933105	754	6.250015273727549	0	45
6.640000820159912	799	6.250015273727549	0	31
6.64500093460083	830	6.250015273727549	0	20
6.650001764297485	850	6.250015273727549	0	6
6.655001163482666	856	6.250015273727549	0	6
6.660000324249268	862	6.250015273727549	0	-9
6.665000915527344	853	6.250015273727549	0	-37
6.67000150680542	816	6.249968707718167	1	-55
6.675000905990601	761	6.249968707718167	0	-37
6.680000305175781	724	6.249968707718167	0	-15
6.68500018119812	709	6.249968707718167	0	-7
6.690001487731934	702	6.249968707718167	0	-6
6.695000171661377	696	6.249968707718167	0	6
6.700000762939453	702	6.249968707718167	0	6
6.705000400543213	708	6.249968707718167	0	30
6.71000075340271	738	6.24999664724053	1	46
6.715000867843628	784	6.24999664724053	0	30
6.720001220703125	814	6.24999664724053	0	19
6.725000619888306	833	6.24999664724053	0	9
6.730000257492065	842	6.24999664724053	0	7
6.7350013256073	849	6.24999664724053	0	1
6.7400007247924805	850	6.24999664724053	0	-7
6.745000839233398	843	6.24999664724053	0	-20
6.750000715255737	823	6.249978020864533	1	-43
6.755001544952393	780	6.249978020864533	0	-35
6.760000228881836	745	6.249978020864533	0	-21
6.765001058578491	724	6.249978020864533	0	-13
6.770000219345093	711	6.249978020864533	0	-5
6.775001287460327	706	6.249978020864533	0	-6
6.780001163482666	700	6.249978020864533	0	4
6.785000324249268	704	6.249978020864533	0	13
6.790000915527344	717	6.250005960470162	1	33
6.7950005531311035	750	6.250005960470162	0	43
6.800000429153442	793	6.250005960470162	0	35
6.8050007820129395	828	6.250005960470162	0	20
6.81000018119812	848	6.250005960470162	0	9
6.815001010894775	857	6.250005960470162	0	3
6.820000171661377	860	6.250005960470162	0	-4
6.825001239776611	856	6.250005960470162	0	-34
6.830001354217529	822	6.250005960470162	1	-56
6.835001468658447	766	6.250005960470162	0	-38
6.840000867843628	728	6.250005960470162	0	-20
6.845000743865967	708	6.250005960470162	0	-5
6.8500001430511475	703	6.250005960470162	0	-4
6.8550004959106445	699	6.250005960470162	0	2
6.860000848770142	701	6.250005960470162	0	9
6.865000247955322	710	6.250005960470162	0	28
6.87000036239624	738	6.250015273727549	1	47
6.8750011920928955	785	6.250015273727549	0	28
6.880000352859497	813	6.250015273727549	0	17
6.8850014209747314	830	6.250015273727549	0	12
6.8900017738342285	842	6.250015273727549	0	6
6.895000457763672	848	6.250015273727549	0	4
6.90000057220459	852	6.250015273727549	0	-7
6.905000925064087	845	6.250015273727549	0	-16
6.910001516342163	829	6.249968707718167	1	-39
6.915000915527344	790	6.249968707718167	0	-42
6.920001029968262	748	6.249968707718167	0	-21
6.92500114440918	727	6.249968707718167	0	-16
6.930000305175781	711	6.249968707718167	0	-6
6.935000896453857	705	6.249968707718167	0	-2
6.940000295639038	703	6.249968707718167	0	-1
6.945000171661377	702	6.249968707718167	0	14
6.950001239776611	716	6.249987334038654	1	31
6.95500111579895	747	6.249987334038654	0	44
6.960000991821289	791	6.249987334038654	0	33
6.965000152587891	824	6.249987334038654	0	23
6.970000743865967	847	6.249987334038654	0	7
6.975000858306885	854	6.249987334038654	0	6
6.980001211166382	860	6.249987334038654	0	-4
6.9850013256073	856	6.249987334038654	0	-28
6.9900007247924805	828	6.2500245870126925	1	-59
6.99500036239624	769	6.2500245870126925	0	-39
7.000000476837158	730	6.2500245870126925	0	-21
7.0050013065338135	709	6.2500245870126925	0	-7
7.010000467300415	702	6.2500245870126925	0	-3
7.015000820159912	699	6.2500245870126925	0	-1
7.020001173019409	698	6.2500245870126925	0	10
7.025000810623169	708	6.451594246591778	1	21
7.03000020980835	729	6.451594246591778	0	46
7.035000324249268	775	6.451594246591778	0	34
7.0400004386901855	809	6.451594246591778	0	18
7.045000314712524	827	6.451594246591778	0	12
7.0500006675720215	839	6.451594246591778	0	8
7.0550010204315186	847	6.451594246591778	0	3
7.06000018119812	850	6.451594246591778	0	-3
7.065000295639038	847	6.451594246591778	0	-17
7.070001125335693	830	6.250015273727549	1	-39
7.075000524520874	791	6.250015273727549	0	-41
7.080000638961792	750	6.250015273727549	0	-24
7.085000514984131	726	6.250015273727549	0	-12
7.090001106262207	714	6.250015273727549	0	-9
7.095001459121704	705	6.250015273727549	0	-2
7.100000858306885	703	6.250015273727549	0	-1
7.105001211166382	702	6.250015273727549	0	6
7.110000848770142	708	6.250015273727549	0	25
7.1150007247924805	733	6.060624976519309	1	41
7.120001316070557	774	6.060624976519309	0	42
7.125000953674316	816	6.060624976519309	0	24
7.130000591278076	840	6.060624976519309	0	14
7.1350014209747314	854	6.060624976519309	0	7
7.140001058578491	861	6.060624976519309	0	-5
7.145000219345093	856	6.060624976519309	0	-24
7.15000057220459	832	6.250005960470162	1	-58
7.155000925064087	774	6.250005960470162	0	-42
7.160001516342163	732	6.250005960470162	0	-20
7.1650004386901855	712	6.250005960470162	0	-11
7.170001029968262	701	6.250005960470162	0	-1
7.175000190734863	700	6.250005960470162	0	-2
7.18000054359436	698	6.250005960470162	0	3
7.185000419616699	701	6.250005960470162	0	15
7.190000772476196	716	6.06060746178077	1	33
7.1950013637542725	749	6.06060746178077	0	42
7.200000286102295	791	6.06060746178077	0	29
7.205000162124634	820	6.06060746178077	0	15
7.21000075340271	835	6.06060746178077	0	11
7.215000867843628	846	6.06060746178077	0	4
7.220000267028809	850	6.06060746178077	0	-2
7.225000381469727	848	6.06060746178077	0	-14
7.230000257492065	834	6.250033900325592	1	-32
7.235000371932983	802	6.250033900325592	0	-41
7.240000247955322	761	6.250033900325592	0	-30
7.2450010776519775	731	6.250033900325592	0	-13
7.250000715255737	718	6.250033900325592	0	-11
7.255000591278076	707	6.250033900325592	0	-4
7.260000467300415	703	6.250033900325592	0	-1
7.265001535415649	702	6.250033900325592	0	2
7.27000093460083	704	6.250033900325592	0	20
7.275001287460327	724	6.249978020864533	1	38
7.280001401901245	762	6.249978020864533	0	45
7.285000562667847	807	6.249978020864533	0	29
7.290000677108765	836	6.249978020864533	0	15
7.2950005531311035	851	6.249978020864533	0	8
7.300000429153442	859	6.249978020864533	0	-1
7.305000305175781	858	6.249978020864533	0	-15
7.3100011348724365	843	6.249978020864533	1	-49
7.315000772476196	794	6.249978020864533	0	-53
7.320000171661377	741	6.249978020864533	0	-23
7.325000524520874	718	6.249978020864533	0	-14
7.330000162124634	704	6.249978020864533	0	-5
7.33500075340271	699	6.249978020864533	0	0
7.340000867843628	699	6.249978020864533	0	1
7.345000505447388	700	6.249978020864533	0	13
7.350000381469727	713	6.250015273727549	1	28
7.3550004959106445	741	6.250015273727549	0	44
7.360000133514404	785	6.250015273727549	0	31
7.365001440048218	816	6.250015273727549	0	17
7.370000600814819	833	6.250015273727549	0	12
7.375001430511475	845	6.250015273727549	0	4
7.380001544952393	849	6.250015273727549	0	1
7.385001182556152	850	6.250015273727549	0	-10
7.390000820159912	840	6.249978020864533	1	-28
7.39500093460083	812	6.249978020864533	0	-41
7.400001049041748	771	6.249978020864533	0	-33
7.40500020980835	738	6.249978020864533	0	-18
7.410001039505005	720	6.249978020864533	0	-10
7.415000677108765	710	6.249978020864533	0	-7
7.4200005531311035	703	6.249978020864533	0	-1
7.425000190734863	702	6.249978020864533	0	0
7.4300010204315186	702	6.249978020864533	0	13
7.435000419616699	715	6.250033900325592	1	37
7.440000772476196	752	6.250033900325592	0	47
7.445000410079956	799	6.250033900325592	0	33
7.450001239776611	832	6.250033900325592	0	16
7.455000877380371	848	6.250033900325592	0	9
7.460000276565552	857	6.250033900325592	0	4
7.465000152587891	861	6.250033900325592	0	-15
7.470000267028809	846	6.250033900325592	1	-39
7.475001096725464	807	6.250033900325592	0	-54
7.480001211166382	753	6.250033900325592	0	-31
7.485001564025879	722	6.250033900325592	0	-14
7.49000096321106	708	6.250033900325592	0	-9
7.495000600814819	699	6.250033900325592	0	0
7.500000953674316	699	6.250033900325592	0	0
7.505001068115234	699	6.250033900325592	0	6
7.510000705718994	705	6.250033900325592	0	24
7.515001058578491	729	6.060581189862773	1	42
7.520000219345093	771	6.060581189862773	0	40
7.525000333786011	811	6.060581189862773	0	18
7.53000020980835	829	6.060581189862773	0	13
7.535000324249268	842	6.060581189862773	0	9
7.5400002002716064	851	6.060581189862773	0	-2
7.545001029968262	849	6.060581189862773	0	-5
7.550000190734863	844	6.060581189862773	0	-21
7.555001258850098	823	6.060589947143464	1	-37
7.560001373291016	786	6.060589947143464	0	-36
7.565001010894775	750	6.060589947143464	0	-24
7.570000171661377	726	6.060589947143464	0	-11
7.575000524520874	715	6.060589947143464	0	-9
7.58000111579895	706	6.060589947143464	0	-3
7.585001230239868	703	6.060589947143464	0	0
7.590000867843628	703	6.060589947143464	0	6
7.595001697540283	709	6.060589947143464	0	30
7.600001096725464	739	6.060581189862773	1	45
7.605000972747803	784	6.060581189862773	0	38
7.610000848770142	822	6.060581189862773	0	22
7.615001201629639	844	6.060581189862773	0	9
7.620000839233398	853	6.060581189862773	0	8
7.625000476837158	861	6.060581189862773	0	-5
7.630001783370972	856	6.060581189862773	0	-27
7.6350014209747314	829	6.060563675377312	1	-52
7.640001058578491	777	6.060563675377312	0	-45
7.645000219345093	732	6.060563675377312	0	-18
7.650001049041748	714	6.060563675377312	0	-12
7.655001163482666	702	6.060563675377312	0	-4
7.660000801086426	698	6.060563675377312	0	1
7.665001153945923	699	6.060563675377312	0	1
7.670000791549683	700	6.060563675377312	0	19
7.675000190734863	719	6.250033900325592	1	34
7.6800010204315186	753	6.250033900325592	0	43
7.68500018119812	796	6.250033900325592	0	27
7.6900012493133545	823	6.250033900325592	0	12
7.695000886917114	835	6.250033900325592	0	11
7.70000147819519	846	6.250033900325592	0	4
7.705000162124634	850	6.250033900325592	0	-1
7.710001468658447	849	6.250033900325592	0	-9
7.715000629425049	840	6.250033900325592	0	-30
7.720000982284546	810	6.060616219137386	1	-40
7.725001335144043	770	6.060616219137386	0	-34
7.730001211166382	736	6.060616219137386	0	-17
7.735000371932983	719	6.060616219137386	0	-9
7.740000247955322	710	6.060616219137386	0	-8
7.745000123977661	702	6.060616219137386	0	2
7.750000238418579	704	6.060616219137386	0	1
7.755000352859497	705	6.060616219137386	0	19
7.7600016593933105	724	6.249978020864533	1	43
7.76500129699707	767	6.249978020864533	0	41
7.770000457763672	808	6.249978020864533	0	30
7.775001287460327	838	6.249978020864533	0	13
7.780001401901245	851	6.249978020864533	0	8
7.785000562667847	859	6.249978020864533	0	1
7.790001153945923	860	6.249978020864533	0	-15
7.795000314712524	845	6.250043213666247	1	-43
7.800000905990601	802	6.250043213666247	0	-54
7.8050007820129395	748	6.250043213666247	0	-28
7.8100011348724365	720	6.250043213666247	0	-13
7.815000295639038	707	6.250043213666247	0	-8
7.820000171661377	699	6.250043213666247	0	0
7.825001239776611	699	6.250043213666247	0	0
7.830000162124634	699	6.250043213666247	0	12
7.835001230239868	711	6.249959394599556	1	34
7.840000629425049	745	6.249959394599556	0	42
7.845001459121704	787	6.249959394599556	0	30
7.850000858306885	817	6.249959394599556	0	15
7.855001211166382	832	6.249959394599556	0	11
7.860000848770142	843	6.249959394599556	0	7
7.865000247955322	850	6.249959394599556	0	-1
7.870000123977661	849	6.249959394599556	0	-4
7.8750011920928955	845	6.249959394599556	0	-24
7.880000591278076	821	6.250015273727549	1	-40
7.885000228881836	781	6.250015273727549	0	-35
7.890000581741333	746	6.250015273727549	0	-25
7.89500093460083	721	6.250015273727549	0	-8
7.900001049041748	713	6.250015273727549	0	-8
7.90500020980835	705	6.250015273727549	0	-4
7.910001277923584	701	6.250015273727549	0	4
7.9150004386901855	705	6.250015273727549	0	11
7.920001029968262	716	6.2500245870126925	1	41
7.925000905990601	757	6.2500245870126925	0	43
7.9300007820129395	800	6.2500245870126925	0	32
7.935000419616699	832	6.2500245870126925	0	17
7.940001010894775	849	6.2500245870126925	0	8
7.945000171661377	857	6.2500245870126925	0	5
7.95000147819519	862	6.2500245870126925	0	-10
7.955000638961792	852	6.249987334038654	1	-33
7.960000276565552	819	6.249987334038654	0	-54
7.965001106262207	765	6.249987334038654	0	-39
7.970000505447388	726	6.249987334038654	0	-16
7.975000381469727	710	6.249987334038654	0	-9
7.980001211166382	701	6.249987334038654	0	-2
7.985000848770142	699	6.249987334038654	0	1
7.9900007247924805	700	6.249987334038654	0	4
7.995000839233398	704	6.249987334038654	0	22
8.000001668930054	726	6.060589947143464	1	42
8.005000591278076	768	6.060589947143464	0	38
8.010000944137573	806	6.060589947143464	0	22
8.015001058578491	828	6.060589947143464	0	10
8.020000219345093	838	6.060589947143464	0	11
8.025001049041748	849	6.060589947143464	0	1
8.030000686645508	850	6.060589947143464	0	-3
8.035001277923584	847	6.060589947143464	0	-15
8.040000200271606	832	6.250015273727549	1	-37
8.045000314712524	795	6.250015273727549	0	-40
8.050000667572021	755	6.250015273727549	0	-27
8.055001258850098	728	6.250015273727549	0	-14
8.060001611709595	714	6.250015273727549	0	-6
8.065001249313354	708	6.250015273727549	0	-7
8.070000171661377	701	6.250015273727549	0	2
8.075001239776611	703	6.250015273727549	0	6
8.08000111579895	709	6.250015273727549	0	29
8.085001230239868	738	6.060598704449463	1	47
8.090000867843628	785	6.060598704449463	0	35
8.095000982284546	820	6.060598704449463	0	23
8.100000858306885	843	6.060598704449463	0	10
8.105000495910645	853	6.060598704449463	0	7
8.11000108718872	860	6.060598704449463	0	-1
8.115000247955322	859	6.060598704449463	0	-20
8.120000123977661	839	6.060624976519309	1	-46
8.125001192092896	793	6.060624976519309	0	-51
8.130000352859497	742	6.060624976519309	0	-25
8.135001420974731	717	6.060624976519309	0	-11
8.140001058578491	706	6.060624976519309	0	-8
8.145000696182251	698	6.060624976519309	0	2
8.150001049041748	700	6.060624976519309	0	2
8.155000686645508	702	6.060624976519309	0	11
8.160001277923584	713	6.250015273727549	1	36
8.165000200271606	749	6.250015273727549	0	42
8.170000314712524	791	6.250015273727549	0	28
8.17500114440918	819	6.250015273727549	0	14
8.180001020431519	833	6.250015273727549	0	11
8.185001611709595	844	6.250015273727549	0	7
8.190001010894775	851	6.250015273727549	0	-1
8.195000886917114	850	6.250015273727549	0	-7
8.200000286102295	843	6.250015273727549	0	-24
8.205000162124634	819	6.06060746178077	1	-41
8.210001468658447	778	6.06060746178077	0	-34
8.21500039100647	744	6.06060746178077	0	-23
8.220000505447388	721	6.06060746178077	0	-9
8.225000143051147	712	6.06060746178077	0	-8
8.230001449584961	704	6.06060746178077	0	-2
8.235000848770142	702	6.06060746178077	0	2
8.240000486373901	704	6.06060746178077	0	8
8.245001077651978	712	6.06060746178077	0	35
8.250000715255737	747	6.060624976519309	1	44
8.255001544952393	791	6.060624976519309	0	34
8.260001420974731	825	6.060624976519309	0	20
8.265001058578491	845	6.060624976519309	0	10
8.270000457763672	855	6.060624976519309	0	7
8.275001287460327	862	6.060624976519309	0	-6
8.280001401901245	856	6.060624976519309	0	-28
8.285000801086426	828	6.060581189862773	1	-54
8.290000915527344	774	6.060581189862773	0	-44
8.29500126838684	730	6.060581189862773	0	-17
8.30000114440918	713	6.060581189862773	0	-12
8.305000305175781	701	6.060581189862773	0	-4
8.310000658035278	697	6.060581189862773	0	3
8.315000772476196	700	6.060581189862773	0	3
8.320000886917114	703	6.060581189862773	0	22
8.325000524520874	725	6.060633733926541	1	39
8.330000162124634	764	6.060633733926541	0	38
8.335001230239868	802	6.060633733926541	0	23
8.34000039100647	825	6.060633733926541	0	12
8.345000505447388	837	6.060633733926541	0	10
8.350000858306885	847	6.060633733926541	0	3
8.355001211166382	850	6.060633733926541	0	-1
8.360000371932983	849	6.060633733926541	0	-10
8.365000486373901	839	6.249987334038654	1	-31
8.370000839233398	808	6.249987334038654	0	-39
8.375000238418579	769	6.249987334038654	0	-33
8.380000591278076	736	6.249987334038654	0	-18
8.385000467300415	718	6.249987334038654	0	-8
8.39000129699707	710	6.249987334038654	0	-8
8.395001411437988	702	6.249987334038654	0	1
8.400001525878906	703	6.249987334038654	0	1
8.405000448226929	704	6.249987334038654	0	19
8.410001039505005	723	6.249987334038654	1	40
8.415000438690186	763	6.249987334038654	0	42
8.420000791549683	805	6.249987334038654	0	30
8.425000667572021	835	6.249987334038654	0	14
8.430001735687256	849	6.249987334038654	0	8
8.43500018119812	857	6.249987334038654	0	4
8.440000772476196	861	6.249987334038654	0	-9
8.445000648498535	852	6.249987334038654	0	-34
8.450001001358032	818	6.060598704449463	1	-56
8.455000877380371	762	6.060598704449463	0	-35
8.460000276565552	727	6.060598704449463	0	-17
8.465001344680786	710	6.060598704449463	0	-11
8.470000743865967	699	6.060598704449463	0	0
8.475000858306885	699	6.060598704449463	0	-1
8.480000734329224	698	6.060598704449463	0	8
8.48500108718872	706	6.060598704449463	0	24
8.490000247955322	730	6.060616219137386	1	43
8.49500036239624	773	6.060616219137386	0	37
8.500000953674316	810	6.060616219137386	0	18
8.505001544952393	828	6.060616219137386	0	13
8.510000944137573	841	6.060616219137386	0	8
8.51500153541565	849	6.060616219137386	0	2
8.52000117301941	851	6.060616219137386	0	-4
8.525000810623169	847	6.060616219137386	0	-19
8.530000925064087	828	6.060589947143464	1	-37
8.535000562667847	791	6.060589947143464	0	-38
8.540000438690186	753	6.060589947143464	0	-27
8.545000553131104	726	6.060589947143464	0	-12
8.55000114440918	714	6.060589947143464	0	-7
8.555001258850098	707	6.060589947143464	0	-5
8.560001134872437	702	6.060589947143464	0	2
8.565001010894775	704	6.060589947143464	0	4
8.570000886917114	708	6.060589947143464	0	28
8.575000286102295	736	6.060633733926541	1	41
8.58000135421753	777	6.060633733926541	0	39
8.585000991821289	816	6.060633733926541	0	26
8.590001106262207	842	6.060633733926541	0	10
8.595001459121704	852	6.060633733926541	0	8
8.600000381469727	860	6.060633733926541	0	-1
8.605000972747803	859	6.060633733926541	0	-19
8.610000371932983	840	6.2500245870126925	1	-48
8.615000247955322	792	6.2500245870126925	0	-51
8.620000123977661	741	6.2500245870126925	0	-24
8.625001192092896	717	6.2500245870126925	0	-13
8.630001068115234	704	6.2500245870126925	0	-5
8.635000467300415	699	6.2500245870126925	0	0
8.640000820159912	699	6.2500245870126925	0	1
8.645000457763672	700	6.2500245870126925	0	16
8.65000033378601	716	6.24999664724053	1	35
8.655000448226929	751	6.24999664724053	0	43
8.660000562667847	794	6.24999664724053	0	27
8.665001153945923	821	6.24999664724053	0	15
8.670001029968262	836	6.24999664724053	0	11
8.675000429153442	847	6.24999664724053	0	3
8.68000054359436	850	6.24999664724053	0	-1
8.685000658035278	849	6.24999664724053	0	-9
8.690001487731934	840	6.249978020864533	1	-30
8.695000410079956	810	6.249978020864533	0	-40
8.700000524520874	770	6.249978020864533	0	-32
8.705001592636108	738	6.249978020864533	0	-19
8.71000075340271	719	6.249978020864533	0	-8
8.715000867843628	711	6.249978020864533	0	-8
8.720001220703125	703	6.249978020864533	0	0
8.725001096725464	703	6.249978020864533	0	2
8.730000495910645	705	6.249978020864533	0	14
8.735000371932983	719	6.24999664724053	1	39
8.740000486373901	758	6.24999664724053	0	42
8.745001316070557	800	6.24999664724053	0	31
8.750000476837158	831	6.24999664724053	0	17
8.755001306533813	848	6.24999664724053	0	9
8.760001420974731	857	6.24999664724053	0	5
8.765000581741333	862	6.24999664724053	0	-9
8.77000117301941	853	6.249968707718167	1	-31
8.77500033378601	822	6.249968707718167	0	-55
8.780000448226929	767	6.249968707718167	0	-38
8.785000562667847	729	6.249968707718167	0	-17
8.790000200271606	712	6.249968707718167	0	-12
8.795000314712524	700	6.249968707718167	0	0
8.800001382827759	700	6.249968707718167	0	-2
8.805000305175781	698	6.249968707718167	0	9
8.810000658035278	707	6.249987334038654	1	29
8.815001726150513	736	6.249987334038654	0	43
8.820001363754272	779	6.249987334038654	0	34
8.825000524520874	813	6.249987334038654	0	17
8.830000162124634	830	6.249987334038654	0	13
8.83500075340271	843	6.249987334038654	0	6
8.840001106262207	849	6.249987334038654	0	2
8.845000743865967	851	6.249987334038654	0	-5
8.850001096725464	846	6.249987334038654	0	-19
8.855000495910645	827	6.060642491359081	1	-35
8.860000848770142	792	6.060642491359081	0	-39
8.86500096321106	753	6.060642491359081	0	-25
8.870000839233398	728	6.060642491359081	0	-12
8.875000238418579	716	6.060642491359081	0	-9
8.880000829696655	707	6.060642491359081	0	-3
8.885000228881836	704	6.060642491359081	0	0
8.890000581741333	704	6.060642491359081	0	5
8.89500093460083	709	6.060642491359081	0	28
8.900001049041748	737	6.060581189862773	1	46
8.90500020980835	783	6.060581189862773	0	37
8.910001277923584	820	6.060581189862773	0	22
8.915000200271606	842	6.060581189862773	0	12
8.920000791549683	854	6.060581189862773	0	7
8.92500114440918	861	6.060581189862773	0	-3
8.93000078201294	858	6.060581189862773	0	-22
8.935001134872437	836	6.06060746178077	1	-51
8.940000295639038	785	6.06060746178077	0	-49
8.945000171661377	736	6.06060746178077	0	-20
8.950001001358032	716	6.06060746178077	0	-11
8.955000638961792	705	6.06060746178077	0	-7
8.960001230239868	698	6.06060746178077	0	2
8.965000629425049	700	6.06060746178077	0	1
8.970000982284546	701	6.06060746178077	0	20
8.975000381469727	721	6.060616219137386	1	40
8.980000734329224	761	6.060616219137386	0	41
8.985000371932983	802	6.060616219137386	0	23
8.99000072479248	825	6.060616219137386	0	11
8.995000839233398	836	6.060616219137386	0	12
9.000000953674316	848	6.060616219137386	0	3
9.005001068115234	851	6.060616219137386	0	-4
9.010000944137573	847	6.060616219137386	0	-11
9.01500153541565	836	6.249959394599556	1	-33
9.020000457763672	803	6.249959394599556	0	-39
9.025001049041748	764	6.249959394599556	0	-30
9.03000020980835	734	6.249959394599556	0	-16
9.035000324249268	718	6.249959394599556	0	-8
9.040001153945923	710	6.249959394599556	0	-7
9.045000553131104	703	6.249959394599556	0	1
9.0500009059906	704	6.249959394599556	0	0
9.055001258850098	704	6.249959394599556	0	20
9.060001134872437	724	6.24999664724053	1	44
9.065000772476196	768	6.24999664724053	0	40
9.070000171661377	808	6.24999664724053	0	28
9.07500147819519	836	6.24999664724053	0	15
9.080000877380371	851	6.24999664724053	0	7
9.08500075340271	858	6.24999664724053	0	2
9.090001106262207	860	6.24999664724053	0	-13
9.095000982284546	847	6.250005960470162	1	-43
9.100000858306885	804	6.250005960470162	0	-55
9.105001211166382	749	6.250005960470162	0	-30
9.110000610351562	719	6.250005960470162	0	-12
9.115001201629639	707	6.250005960470162	0	-8
9.120001077651978	699	6.250005960470162	0	1
9.125000476837158	700	6.250005960470162	0	1
9.130001544952393	701	6.250005960470162	0	12
9.135000944137573	713	6.249978020864533	1	36
9.140000581741333	749	6.249978020864533	0	40
9.14500093460083	789	6.249978020864533	0	30
9.15000033378601	819	6.249978020864533	0	15
9.155001163482666	834	6.249978020864533	0	10
9.160001277923584	844	6.249978020864533	0	6
9.165001153945923	850	6.249978020864533	0	-1
9.170000314712524	849	6.249978020864533	0	-7
9.1750009059906	842	6.249978020864533	0	-24
9.18000054359436	818	6.060642491359081	1	-41
9.185000896453857	777	6.060642491359081	0	-33
9.190001010894775	744	6.060642491359081	0	-23
9.195001125335693	721	6.060642491359081	0	-8
9.200001001358032	713	6.060642491359081	0	-9
9.205000638961792	704	6.060642491359081	0	-2
9.210000276565552	702	6.060642491359081	0	2
9.21500015258789	704	6.060642491359081	0	10
9.220000982284546	714	6.250005960470162	1	34
9.225001096725464	748	6.250005960470162	0	45
9.230001449584961	793	6.250005960470162	0	34
9.235000371932983	827	6.250005960470162	0	18
9.240001201629639	845	6.250005960470162	0	10
9.24500060081482	855	6.250005960470162	0	7
9.250000953674316	862	6.250005960470162	0	-8
9.255001306533813	854	6.250005960470162	0	-34
9.260000705718994	820	6.060616219137386	1	-55
9.265000820159912	765	6.060616219137386	0	-40
9.27000117301941	725	6.060616219137386	0	-16
9.275001049041748	709	6.060616219137386	0	-9
9.28000020980835	700	6.060616219137386	0	-2
9.285001039505005	698	6.060616219137386	0	3
9.290000438690186	701	6.060616219137386	0	5
9.295000553131104	706	6.060616219137386	0	26
9.30000114440918	732	6.060598704449463	1	41
9.305001258850098	773	6.060598704449463	0	35
9.3100004196167	808	6.060598704449463	0	20
9.315000772476196	828	6.060598704449463	0	11
9.320000648498535	839	6.060598704449463	0	9
9.325000762939453	848	6.060598704449463	0	2
9.33000111579895	850	6.060598704449463	0	-2
9.33500075340271	848	6.060598704449463	0	-14
9.34000015258789	834	6.250015273727549	1	-38
9.345001220703125	796	6.250015273727549	0	-39
9.350000143051147	757	6.250015273727549	0	-28
9.35500168800354	729	6.250015273727549	0	-15
9.360000371932983	714	6.250015273727549	0	-7
9.365000247955322	707	6.250015273727549	0	-7
9.370001077651978	700	6.250015273727549	0	3
9.375001192092896	703	6.250015273727549	0	5
9.380001306533813	708	6.250015273727549	0	25
9.385001182556152	733	6.060598704449463	1	43
9.390001773834229	776	6.060598704449463	0	36
9.395000457763672	812	6.060598704449463	0	27
9.40000033378601	839	6.060598704449463	0	13
9.405000925064087	852	6.060598704449463	0	7
9.410001516342163	859	6.060598704449463	0	1
9.415001153945923	860	6.060598704449463	0	-21
9.42000126838684	839	6.249978020864533	1	-48
9.425000667572021	791	6.249978020864533	0	-51
9.43000078201294	740	6.249978020864533	0	-26
9.435001134872437	714	6.249978020864533	0	-9
9.440001487731934	705	6.249978020864533	0	-8
9.445000410079956	697	6.249978020864533	0	2
9.450001239776611	699	6.249978020864533	0	2
9.455000877380371	701	6.249978020864533	0	12
9.46000075340271	713	6.250015273727549	1	33
9.46500015258789	746	6.250015273727549	0	39
9.470000743865967	785	6.250015273727549	0	31
9.475000619888306	816	6.250015273727549	0	16
9.480001211166382	832	6.250015273727549	0	11
9.485000371932983	843	6.250015273727549	0	8
9.49000096321106	851	6.250015273727549	0	-3
9.49500060081482	848	6.250015273727549	0	-7
9.500000715255737	841	6.250015273727549	0	-27
9.505001544952393	814	6.060554918172544	1	-42
9.510000467300415	772	6.060554918172544	0	-30
9.515000343322754	742	6.060554918172544	0	-22
9.52000117301941	720	6.060554918172544	0	-8
9.525001287460327	712	6.060554918172544	0	-8
9.530001163482666	704	6.060554918172544	0	-3
9.535001277923584	701	6.060554918172544	0	2
9.540001153945923	703	6.060554918172544	0	8
9.545000314712524	711	6.060554918172544	0	33
9.5500009059906	744	6.060616219137386	1	46
9.55500078201294	790	6.060616219137386	0	35
9.560000896453857	825	6.060616219137386	0	21
9.565000295639038	846	6.060616219137386	0	10
9.570000410079956	856	6.060616219137386	0	5
9.575000286102295	861	6.060616219137386	0	-7
9.580000877380371	854	6.060616219137386	0	-36
9.585000991821289	818	6.060616219137386	1	-55
9.590000867843628	763	6.060616219137386	0	-38
9.595001220703125	725	6.060616219137386	0	-15
9.600000858306885	710	6.060616219137386	0	-9
9.605000972747803	701	6.060616219137386	0	-4
9.610000610351562	697	6.060616219137386	0	3
9.615001201629639	700	6.060616219137386	0	2
9.62000060081482	702	6.060616219137386	0	19
9.625000715255737	721	6.06060746178077	1	37
9.630001544952393	758	6.06060746178077	0	42
9.635000467300415	800	6.06060746178077	0	25
9.64000129699707	825	6.06060746178077	0	12
9.645000457763672	837	6.06060746178077	0	11
9.650001287460327	848	6.06060746178077	0	3
9.655001163482666	851	6.06060746178077	0	-5
9.660000324249268	846	6.06060746178077	0	-14
9.665000200271606	832	6.250052527034659	1	-36
9.67000150680542	796	6.250052527034659	0	-41
9.675000429153442	755	6.250052527034659	0	-24
9.680001497268677	731	6.250052527034659	0	-15
9.6850004196167	716	6.250052527034659	0	-7
9.690000772476196	709	6.250052527034659	0	-8
9.695000648498535	701	6.250052527034659	0	2
9.700001239776611	703	6.250052527034659	0	2
9.70500135421753	705	6.250052527034659	0	19
9.710000991821289	724	6.24999664724053	1	44
9.71500039100647	768	6.24999664724053	0	41
9.720000267028809	809	6.24999664724053	0	30
9.725001096725464	839	6.24999664724053	0	12
9.730001211166382	851	6.24999664724053	0	7
9.735000371932983	858	6.24999664724053	0	2
9.740000486373901	860	6.24999664724053	0	-19
9.745001316070557	841	6.249987334038654	1	-45
9.750000476837158	796	6.249987334038654	0	-52
9.755000352859497	744	6.249987334038654	0	-27
9.760000705718994	717	6.249987334038654	0	-10
9.76500153541565	707	6.249987334038654	0	-9
9.770000696182251	698	6.249987334038654	0	1
9.77500057220459	699	6.249987334038654	0	1
9.780001163482666	700	6.249987334038654	0	10
9.785001516342163	710	6.249968707718167	1	30
9.790001153945923	740	6.249968707718167	0	41
9.79500126838684	781	6.249968707718167	0	33
9.800001621246338	814	6.249968707718167	0	16
9.805001497268677	830	6.249968707718167	0	12
9.8100004196167	842	6.249968707718167	0	7
9.815001487731934	849	6.249968707718167	0	0
9.820000886917114	849	6.249968707718167	0	-5
9.825001001358032	844	6.249968707718167	0	-19
9.830000877380371	825	6.060581189862773	1	-39
9.835001707077026	786	6.060581189862773	0	-36
9.840001106262207	750	6.060581189862773	0	-26
9.845000267028809	724	6.060581189862773	0	-11
9.850000381469727	713	6.060581189862773	0	-7
9.855000495910645	706	6.060581189862773	0	-4
9.860000610351562	702	6.060581189862773	0	2
9.86500096321106	704	6.060581189862773	0	7
9.87000060081482	711	6.060581189862773	0	32
9.875000953674316	743	6.06060746178077	1	44
9.880000829696655	787	6.06060746178077	0	36
9.885000467300415	823	6.06060746178077	0	22
9.890000343322754	845	6.06060746178077	0	9
9.895001649856567	854	6.06060746178077	0	7
9.900001287460327	861	6.06060746178077	0	-4
9.905000925064087	857	6.06060746178077	0	-25
9.910001516342163	832	6.060598704449463	1	-48
9.915001153945923	784	6.060598704449463	0	-48
9.920000791549683	736	6.060598704449463	0	-20
9.925001621246338	716	6.060598704449463	0	-13
9.930000305175781	703	6.060598704449463	0	-4
9.935000658035278	699	6.060598704449463	0	2
9.940000295639038	701	6.060598704449463	0	0
9.945000886917114	701	6.060598704449463	0	15
9.950001001358032	716	6.060624976519309	1	41
9.95500111579895	757	6.060624976519309	0	41
9.960000276565552	798	6.060624976519309	0	26
9.965001106262207	824	6.060624976519309	0	12
9.970000505447388	836	6.060624976519309	0	12
9.975000619888306	848	6.060624976519309	0	2
9.980000734329224	850	6.060624976519309	0	-2
9.985000848770142	848	6.060624976519309	0	-8
9.99000072479248	840	6.060624976519309	0	-31
9.995000839233398	809	6.06060746178077	1	0
