6.9141387939453125e-06	740	0	0	0
0.005001068115234375	740	0	0	0
0.010001659393310547	740	0	0	-1
0.015000343322753906	739	0	0	2
0.020000696182250977	741	0	0	-1
0.025000810623168945	740	0	0	3
0.030001401901245117	743	0	0	14
0.035001277923583984	757	0	0	16
0.040001869201660156	773	0	0	28
0.045000553131103516	801	0	1	26
0.05000138282775879	827	0	0	12
0.055001020431518555	839	0	0	15
0.06000041961669922	854	0	0	6
0.0650014877319336	860	0	0	6
0.07000184059143066	866	0	0	-1
0.07500171661376953	865	0	0	-3
0.0800015926361084	862	0	0	-3
0.08500218391418457	859	0	0	-2
0.09000086784362793	857	0	0	-1
0.0950021743774414	856	0	0	1
0.10000133514404297	857	0	0	2
0.10500073432922363	859	0	0	2
0.1100006103515625	861	0	0	-3
0.11500120162963867	858	0	0	-1
0.12000107765197754	857	0	0	-3
0.1250007152557373	854	0	0	-1
0.13000035285949707	853	0	0	2
0.13500189781188965	855	0	0	-9
0.14000177383422852	846	0	0	-13
0.14500164985656738	833	0	0	-31
0.15000057220458984	802	2.3809519484471005	1	-28
0.15500187873840332	774	2.3809519484471005	0	-13
0.16000127792358398	761	2.3809519484471005	0	-14
0.16500163078308105	747	2.3809519484471005	0	-7
0.17000055313110352	740	2.3809519484471005	0	-7
0.1750011444091797	733	2.3809519484471005	0	-4
0.18000030517578125	729	2.3809519484471005	0	2
0.18500041961669922	731	2.3809519484471005	0	-5
0.1900010108947754	726	2.3809519484471005	0	1
0.19500160217285156	727	2.3809519484471005	0	1
0.20000076293945312	728	2.3809519484471005	0	7
0.2050011157989502	735	2.3809519484471005	0	33
0.21000123023986816	768	3.0302905949313863	1	47
0.21500110626220703	815	3.0302905949313863	0	38
0.2200014591217041	853	3.0302905949313863	0	19
0.22500109672546387	872	3.0302905949313863	0	11
0.23000144958496094	883	3.0302905949313863	0	5
0.2350003719329834	888	3.0302905949313863	0	2
0.24000167846679688	890	3.0302905949313863	0	0
0.24500036239624023	890	3.0302905949313863	0	-5
0.2500011920928955	885	3.0302905949313863	0	-26
0.2550015449523926	859	3.5714117037992392	1	-61
0.26000189781188965	798	3.5714117037992392	0	-51
0.2650017738342285	747	3.5714117037992392	0	-15
0.2700014114379883	732	3.5714117037992392	0	-7
0.27500033378601074	725	3.5714117037992392	0	-1
0.2800009250640869	724	3.5714117037992392	0	3
0.2850008010864258	727	3.5714117037992392	0	-1
0.29000020027160645	726	3.5714117037992392	0	7
0.2950010299682617	733	3.5714117037992392	0	9
0.3000001907348633	742	3.5714117037992392	0	31
0.30500149726867676	773	3.846139879672414	1	58
0.31000208854675293	831	3.846139879672414	0	21
0.3150010108947754	852	3.846139879672414	0	2
0.32000160217285156	854	3.846139879672414	0	-4
0.3250007629394531	850	3.846139879672414	0	1
0.3300015926361084	851	3.846139879672414	0	2
0.33500194549560547	853	3.846139879672414	0	-1
0.34000086784362793	852	3.846139879672414	0	1
0.3450007438659668	853	3.846139879672414	0	-2
0.35000061988830566	851	3.846139879672414	0	-5
0.35500097274780273	846	3.846139879672414	0	-20
0.3600010871887207	826	3.846139879672414	0	-40
0.365001916885376	786	4.651133700976179	1	-23
0.37000083923339844	763	4.651133700976179	0	-17
0.3750004768371582	746	4.651133700976179	0	-11
0.3800015449523926	735	4.651133700976179	0	-3
0.38500189781188965	732	4.651133700976179	0	-4
0.3900020122528076	728	4.651133700976179	0	0
0.3950004577636719	728	4.651133700976179	0	0
0.40000176429748535	728	4.651133700976179	0	4
0.4050009250640869	732	4.651133700976179	0	30
0.4100003242492676	762	5.000022649867618	1	55
0.41500186920166016	817	5.000022649867618	0	39
0.4200003147125244	856	5.000022649867618	0	20
0.425001859664917	876	5.000022649867618	0	10
0.43000173568725586	886	5.000022649867618	0	3
0.4350006580352783	889	5.000022649867618	0	1
0.4400019645690918	890	5.000022649867618	0	1
0.44500184059143066	891	5.000022649867618	0	-12
0.4500007629394531	879	5.000022649867618	0	-34
0.4550004005432129	845	5.000028610393202	1	-63
0.46000146865844727	782	5.000028610393202	0	-40
0.46500182151794434	742	5.000028610393202	0	-12
0.4700016975402832	730	5.000028610393202	0	-6
0.47500038146972656	724	5.000028610393202	0	-5
0.48000216484069824	719	5.000028610393202	0	8
0.4850010871887207	727	5.000028610393202	0	-1
0.4900014400482178	726	5.000028610393202	0	7
0.49500083923339844	733	5.000028610393202	0	6
0.5000002384185791	739	5.000028610393202	0	29
0.5050008296966553	768	5.000016689356244	1	53
0.5100007057189941	821	5.000016689356244	0	27
0.5150017738342285	848	5.000016689356244	0	2
0.5200014114379883	850	5.000016689356244	0	2
0.5250017642974854	852	5.000016689356244	0	-5
0.5300002098083496	847	5.000016689356244	0	5
0.5350005626678467	852	5.000016689356244	0	-2
0.5400011539459229	850	5.000016689356244	0	1
0.5450012683868408	851	5.000016689356244	0	-3
0.5500009059906006	848	5.000016689356244	0	-1
0.555001974105835	847	5.000016689356244	0	-8
0.5600006580352783	839	5.000016689356244	0	-33
0.5650007724761963	806	5.000028610393202	1	-30
0.570000410079956	776	5.000028610393202	0	-21
0.5750014781951904	755	5.000028610393202	0	-11
0.580000638961792	744	5.000028610393202	0	-8
0.5850002765655518	736	5.000028610393202	0	-5
0.5900003910064697	731	5.000028610393202	0	-1
0.5950005054473877	730	5.000028610393202	0	-2
0.6000001430511475	728	5.000028610393202	0	-2
0.6050019264221191	726	5.000028610393202	0	6
0.6100013256072998	732	5.000028610393202	0	18
0.6150012016296387	750	5.000028610393202	0	53
0.6200013160705566	803	4.761882271732318	1	43
0.6250002384185791	846	4.761882271732318	0	21
0.6300017833709717	867	4.761882271732318	0	15
0.6350011825561523	882	4.761882271732318	0	5
0.6400012969970703	887	4.761882271732318	0	3
0.6450014114379883	890	4.761882271732318	0	0
0.6500012874603271	890	4.761882271732318	0	-1
0.6550016403198242	889	4.761882271732318	0	-18
0.6600010395050049	871	4.761882271732318	0	-53
0.6650011539459229	818	4.761887678004376	1	-57
0.6700012683868408	761	4.761887678004376	0	-26
0.6750013828277588	735	4.761887678004376	0	-10
0.6800007820129395	725	4.761887678004376	0	-1
0.6850016117095947	724	4.761887678004376	0	-1
0.6900002956390381	723	4.761887678004376	0	3
0.695000410079956	726	4.761887678004376	0	3
0.700000524520874	729	4.761887678004376	0	4
0.705000638961792	733	4.761887678004376	0	14
0.7100009918212891	747	4.761887678004376	0	37
0.7150006294250488	784	4.761909303215361	1	50
0.7200014591217041	834	4.761909303215361	0	17
0.7250008583068848	851	4.761909303215361	0	-2
0.7300009727478027	849	4.761909303215361	0	3
0.7350010871887207	852	4.761909303215361	0	-2
0.7400014400482178	850	4.761909303215361	0	2
0.7450003623962402	852	4.761909303215361	0	-1
0.7500014305114746	851	4.761909303215361	0	-1
0.7550005912780762	850	4.761909303215361	0	0
0.7600002288818359	850	4.761909303215361	0	-6
0.7650012969970703	844	4.761909303215361	0	-16
0.7700016498565674	828	4.761909303215361	0	-38
0.775000810623169	790	4.761903896894201	1	-25
0.7800021171569824	765	4.761903896894201	0	-14
0.785001277923584	751	4.761903896894201	0	-13
0.790001392364502	738	4.761903896894201	0	-5
0.7950005531311035	733	4.761903896894201	0	-2
0.8000011444091797	731	4.761903896894201	0	-1
0.8050010204315186	730	4.761903896894201	0	-1
0.8100001811981201	729	4.761903896894201	0	-2
0.8150014877319336	727	4.761903896894201	0	13
0.820000410079956	740	4.761903896894201	0	38
0.8250010013580322	778	4.878056269197087	1	53
0.8300008773803711	831	4.878056269197087	0	31
0.8350012302398682	862	4.878056269197087	0	14
0.8400001525878906	876	4.878056269197087	0	9
0.8450016975402832	885	4.878056269197087	0	4
0.8500001430511475	889	4.878056269197087	0	3
0.8550007343292236	892	4.878056269197087	0	-3
0.8600010871887207	889	4.878056269197087	0	-12
0.865001916885376	877	4.878056269197087	0	-38
0.8700010776519775	839	4.878050595930368	1	-66
0.8750014305114746	773	4.878050595930368	0	-33
0.8800015449523926	740	4.878050595930368	0	-10
0.8850002288818359	730	4.878050595930368	0	-8
0.8900012969970703	722	4.878050595930368	0	3
0.8950002193450928	725	4.878050595930368	0	0
0.900000810623169	725	4.878050595930368	0	4
0.9050002098083496	729	4.878050595930368	0	7
0.9100003242492676	736	4.878050595930368	0	5
0.915001630783081	741	4.878050595930368	0	28
0.9200019836425781	769	4.878016556607175	1	53
0.9250004291534424	822	4.878016556607175	0	22
0.9300014972686768	844	4.878016556607175	0	10
0.9350013732910156	854	4.878016556607175	0	-4
0.9400005340576172	850	4.878016556607175	0	1
0.9450008869171143	851	4.878016556607175	0	-1
0.9500019550323486	850	4.878016556607175	0	0
0.9550018310546875	850	4.878016556607175	0	1
0.9600005149841309	851	4.878016556607175	0	-2
0.9650006294250488	849	4.878016556607175	0	-1
0.9700016975402832	848	4.878016556607175	0	-12
0.9750010967254639	836	4.878016556607175	0	-34
0.9800002574920654	802	4.878061942477001	1	-29
0.9850003719329834	773	4.878061942477001	0	-20
0.9900009632110596	753	4.878061942477001	0	-10
0.9950017929077148	743	4.878061942477001	0	-8
1.0000004768371582	735	4.878061942477001	0	-3
1.0050017833709717	732	4.878061942477001	0	-1
1.010000228881836	731	4.878061942477001	0	-5
1.015000820159912	726	4.878061942477001	0	1
1.0200002193450928	727	4.878061942477001	0	5
1.025001049041748	732	4.878061942477001	0	24
1.030000925064087	756	4.878050595930368	1	54
1.0350019931793213	810	4.878050595930368	0	40
1.0400002002716064	850	4.878050595930368	0	22
1.04500150680542	872	4.878050595930368	0	11
1.0500009059906006	883	4.878050595930368	0	4
1.055001974105835	887	4.878050595930368	0	4
1.0600006580352783	891	4.878050595930368	0	-1
1.0650005340576172	890	4.878050595930368	0	-5
1.0700006484985352	885	4.878050595930368	0	-23
1.075000286102295	862	4.878067615770113	1	-60
1.0800013542175293	802	4.878067615770113	0	-48
1.0850014686584473	754	4.878067615770113	0	-22
1.0900003910064697	732	4.878067615770113	0	-6
1.0950021743774414	726	4.878067615770113	0	-3
1.100001573562622	723	4.878067615770113	0	1
1.1050012111663818	724	4.878067615770113	0	4
1.110001564025879	728	4.878067615770113	0	2
1.1150009632110596	730	4.878067615770113	0	8
1.1200013160705566	738	4.878067615770113	0	11
1.1250016689300537	749	4.878067615770113	0	47
1.1300013065338135	796	4.76192011589451	1	43
1.1350018978118896	839	4.76192011589451	0	14
1.140000343322754	853	4.76192011589451	0	1
1.1450014114379883	854	4.76192011589451	0	-3
1.1500005722045898	851	4.76192011589451	0	2
1.1550014019012451	853	4.76192011589451	0	0
1.1600010395050049	853	4.76192011589451	0	-2
1.165001392364502	851	4.76192011589451	0	-1
1.1700005531311035	850	4.76192011589451	0	-1
1.1750004291534424	849	4.76192011589451	0	-6
1.180001974105835	843	4.76192011589451	0	-24
1.1850001811981201	819	4.878050595930368	1	-38
1.190000295639038	781	4.878050595930368	0	-20
1.195000410079956	761	4.878050595930368	0	-15
1.200000286102295	746	4.878050595930368	0	-8
1.2050011157989502	738	4.878050595930368	0	-4
1.210000991821289	734	4.878050595930368	0	-4
1.2150013446807861	730	4.878050595930368	0	-1
1.2200002670288086	729	4.878050595930368	0	-1
1.2250003814697266	728	4.878050595930368	0	-4
1.2300009727478027	724	4.878050595930368	0	13
1.2350013256072998	737	4.878050595930368	0	31
1.2400014400482178	768	4.761893084288708	1	53
1.2450001239776611	821	4.761893084288708	0	34
1.2500009536743164	855	4.761893084288708	0	21
1.2550005912780762	876	4.761893084288708	0	8
1.2600007057189941	884	4.761893084288708	0	4
1.2650012969970703	888	4.761893084288708	0	3
1.2700014114379883	891	4.761893084288708	0	0
1.2750020027160645	891	4.761893084288708	0	-10
1.280001163482666	881	4.761893084288708	0	-30
1.2850010395050049	851	4.761887678004376	1	-68
1.2900021076202393	783	4.761887678004376	0	-38
1.2950005531311035	745	4.761887678004376	0	-16
1.3000013828277588	729	4.761887678004376	0	-6
1.3050005435943604	723	4.761887678004376	0	2
1.3100001811981201	725	4.761887678004376	0	0
1.3150010108947754	725	4.761887678004376	0	5
1.3200018405914307	730	4.761887678004376	0	5
1.3250017166137695	735	4.761887678004376	0	4
1.330000877380371	739	4.761887678004376	0	26
1.3350014686584473	765	4.878044922676845	1	55
1.3400015830993652	820	4.878044922676845	0	27
1.3450007438659668	847	4.878044922676845	0	5
1.350001335144043	852	4.878044922676845	0	-4
1.3550007343292236	848	4.878044922676845	0	3
1.3600001335144043	851	4.878044922676845	0	-1
1.365002155303955	850	4.878044922676845	0	0
1.3700008392333984	850	4.878044922676845	0	-1
1.3750016689300537	849	4.878044922676845	0	-2
1.3800013065338135	847	4.878044922676845	0	2
1.385000467300415	849	4.878044922676845	0	-11
1.3900017738342285	838	4.878044922676845	0	-25
1.3950011730194092	813	4.761882271732318	1	-33
1.400001049041748	780	4.761882271732318	0	-21
1.4050014019012451	759	4.761882271732318	0	-11
1.410001516342163	748	4.761882271732318	0	-12
1.4150006771087646	736	4.761882271732318	0	-3
1.4200010299682617	733	4.761882271732318	0	-2
1.4250004291534424	731	4.761882271732318	0	-2
1.4300010204315186	729	4.761882271732318	0	0
1.4350011348724365	729	4.761882271732318	0	-3
1.4400010108947754	726	4.761882271732318	0	13
1.4450020790100098	739	4.761882271732318	0	37
1.450000524520874	776	4.761925522252498	1	52
1.4550001621246338	828	4.761925522252498	0	34
1.4600005149841309	862	4.761925522252498	0	14
1.4650018215179443	876	4.761925522252498	0	9
1.4700002670288086	885	4.761925522252498	0	4
1.4750006198883057	889	4.761925522252498	0	1
1.4800021648406982	890	4.761925522252498	0	-1
1.4850010871887207	889	4.761925522252498	0	-15
1.4900014400482178	874	4.761925522252498	0	-43
1.4950006008148193	831	4.7619147095487975	1	-64
1.500000238418579	767	4.7619147095487975	0	-31
1.5050017833709717	736	4.7619147095487975	0	-6
1.5100014209747314	730	4.7619147095487975	0	-8
1.5150017738342285	722	4.7619147095487975	0	3
1.5200014114379883	725	4.7619147095487975	0	2
1.525001049041748	727	4.7619147095487975	0	4
1.5300014019012451	731	4.7619147095487975	0	8
1.5350003242492676	739	4.7619147095487975	0	3
1.5400004386901855	742	4.7619147095487975	0	30
1.5450007915496826	772	4.76192011589451	1	53
1.5500001907348633	825	4.76192011589451	0	22
1.5550014972686768	847	4.76192011589451	0	6
1.5600013732910156	853	4.76192011589451	0	-3
1.5650012493133545	850	4.76192011589451	0	0
1.5700018405914307	850	4.76192011589451	0	1
1.575000286102295	851	4.76192011589451	0	0
1.5800011157989502	851	4.76192011589451	0	-1
1.5850021839141846	850	4.76192011589451	0	-2
1.5900006294250488	848	4.76192011589451	0	1
1.5950019359588623	849	4.76192011589451	0	-9
1.6000008583068848	840	4.76192011589451	0	-28
1.6050012111663818	812	4.761903896894201	1	-30
1.6100001335144043	782	4.761903896894201	0	-24
1.6150012016296387	758	4.761903896894201	0	-11
1.6200006008148193	747	4.761903896894201	0	-10
1.6250009536743164	737	4.761903896894201	0	-4
1.6300017833709717	733	4.761903896894201	0	-2
1.6350016593933105	731	4.761903896894201	0	-5
1.640000820159912	726	4.761903896894201	0	0
1.6450014114379883	726	4.761903896894201	0	3
1.650001049041748	729	4.761903896894201	0	15
1.6550006866455078	744	4.761903896894201	0	49
1.6600010395050049	793	4.761893084288708	1	45
1.6650006771087646	838	4.761893084288708	0	29
1.67000150680542	867	4.761893084288708	0	13
1.6750013828277588	880	4.761893084288708	0	8
1.680001974105835	888	4.761893084288708	0	2
1.6850011348724365	890	4.761893084288708	0	0
1.690000295639038	890	4.761893084288708	0	-3
1.6950011253356934	887	4.761893084288708	0	-16
1.7000010013580322	871	4.761893084288708	0	-50
1.7050001621246338	821	4.7619147095487975	1	-57
1.7100014686584473	764	4.7619147095487975	0	-30
1.715001106262207	734	4.7619147095487975	0	-6
1.720001220703125	728	4.7619147095487975	0	-4
1.7250008583068848	724	4.7619147095487975	0	-1
1.73000168800354	723	4.7619147095487975	0	4
1.7350006103515625	727	4.7619147095487975	0	1
1.7400014400482178	728	4.7619147095487975	0	9
1.7450001239776611	737	4.7619147095487975	0	8
1.7500011920928955	745	4.7619147095487975	0	35
1.7550020217895508	780	4.761876865472537	1	53
1.7600007057189941	833	4.761876865472537	0	18
1.7650012969970703	851	4.761876865472537	0	-1
1.7700014114379883	850	4.761876865472537	0	0
1.7750017642974854	850	4.761876865472537	0	0
1.7800021171569824	850	4.761876865472537	0	-1
1.7850017547607422	849	4.761876865472537	0	0
1.7900002002716064	849	4.761876865472537	0	0
1.7950003147125244	849	4.761876865472537	0	-1
1.8000004291534424	848	4.761876865472537	0	0
1.8050005435943604	848	4.761876865472537	0	-18
1.8100008964538574	830	4.761876865472537	0	-38
1.8150007724761963	792	4.7619147095487975	1	-24
1.820000410079956	768	4.7619147095487975	0	-18
1.8250012397766113	750	4.7619147095487975	0	-11
1.8300001621246338	739	4.7619147095487975	0	-4
1.8350017070770264	735	4.7619147095487975	0	-5
1.8400013446807861	730	4.7619147095487975	0	-1
1.845001220703125	729	4.7619147095487975	0	-3
1.8500001430511475	726	4.7619147095487975	0	1
1.8550009727478027	727	4.7619147095487975	0	10
1.8600008487701416	737	4.7619147095487975	0	33
1.8650012016296387	770	4.878044922676845	1	55
1.8700013160705566	825	4.878044922676845	0	33
1.8750004768371582	858	4.878044922676845	0	16
1.8800015449523926	874	4.878044922676845	0	12
1.8850018978118896	886	4.878044922676845	0	3
1.8900017738342285	889	4.878044922676845	0	2
1.8950014114379883	891	4.878044922676845	0	-2
1.9000005722045898	889	4.878044922676845	0	-9
1.9050018787384033	880	4.878044922676845	0	-35
1.9100010395050049	845	4.878027902995455	1	-71
1.915001392364502	774	4.878027902995455	0	-34
1.9200007915496826	740	4.878027902995455	0	-12
1.9250013828277588	728	4.878027902995455	0	-5
1.9300014972686768	723	4.878027902995455	0	3
1.9350006580352783	726	4.878027902995455	0	0
1.9400007724761963	726	4.878027902995455	0	5
1.9450018405914307	731	4.878027902995455	0	5
1.9500010013580322	736	4.878027902995455	0	7
1.955000638961792	743	4.878027902995455	0	39
1.9600017070770264	782	4.878056269197087	1	49
1.9650013446807861	831	4.878056269197087	0	22
1.9700007438659668	853	4.878056269197087	0	-1
1.9750008583068848	852	4.878056269197087	0	-2
1.98000168800354	850	4.878056269197087	0	0
1.9850013256072998	850	4.878056269197087	0	0
1.990001916885376	850	4.878056269197087	0	2
1.995002031326294	852	4.878056269197087	0	-2
2.000000476837158	850	4.878056269197087	0	4
2.0050015449523926	854	4.878056269197087	0	-5
2.010000705718994	849	4.878056269197087	0	-10
2.0150015354156494	839	4.878056269197087	0	-25
2.020000696182251	814	4.878050595930368	1	-34
2.025001287460327	780	4.878050595930368	0	-25
2.030001640319824	755	4.878050595930368	0	-9
2.0350022315979004	746	4.878050595930368	0	-11
2.040001630783081	735	4.878050595930368	0	-2
2.0450007915496826	733	4.878050595930368	0	-2
2.0500001907348633	731	4.878050595930368	0	0
2.0550005435943604	731	4.878050595930368	0	-2
2.0600011348724365	729	4.878050595930368	0	0
2.065000534057617	729	4.878050595930368	0	17
2.0700016021728516	746	4.878050595930368	0	42
2.075000762939453	788	4.7619147095487975	1	47
2.080000877380371	835	4.7619147095487975	0	29
2.085000991821289	864	4.7619147095487975	0	12
2.0900015830993652	876	4.7619147095487975	0	9
2.0950019359588623	885	4.7619147095487975	0	4
2.100001335144043	889	4.7619147095487975	0	-2
2.105001926422119	887	4.7619147095487975	0	2
2.1100003719329834	889	4.7619147095487975	0	-15
2.1150007247924805	874	4.7619147095487975	0	-49
2.120000123977661	825	4.761925522252498	1	-64
2.1250009536743164	761	4.761925522252498	0	-26
2.1300017833709717	735	4.761925522252498	0	-6
2.1350011825561523	729	4.761925522252498	0	-7
2.140001058578491	722	4.761925522252498	0	2
2.145000696182251	724	4.761925522252498	0	1
2.15000057220459	725	4.761925522252498	0	3
2.1550004482269287	728	4.761925522252498	0	8
2.160001277923584	736	4.761925522252498	0	7
2.1650006771087646	743	4.761925522252498	0	30
2.17000150680542	773	4.761909303215361	1	53
2.175001621246338	826	4.761909303215361	0	25
2.1800007820129395	851	4.761909303215361	0	3
2.185000419616699	854	4.761909303215361	0	-3
2.190000534057617	851	4.761909303215361	0	0
2.195000410079956	851	4.761909303215361	0	1
2.2000019550323486	852	4.761909303215361	0	4
2.205000162124634	856	4.761909303215361	0	-5
2.210001230239868	851	4.761909303215361	0	-2
2.215001344680786	849	4.761909303215361	0	-1
2.2200005054473877	848	4.761909303215361	0	-12
2.2250003814697266	836	4.761909303215361	0	-28
2.23000168800354	808	4.761882271732318	1	-33
2.2350010871887207	775	4.761882271732318	0	-21
2.240001916885376	754	4.761882271732318	0	-13
2.2450015544891357	741	4.761882271732318	0	-7
2.2500009536743164	734	4.761882271732318	0	-2
2.255002021789551	732	4.761882271732318	0	1
2.2600011825561523	733	4.761882271732318	0	-7
2.2650015354156494	726	4.761882271732318	0	1
2.270000696182251	727	4.761882271732318	0	5
2.275000810623169	732	4.761882271732318	0	25
2.280000925064087	757	4.878044922676845	1	51
2.285001754760742	808	4.878044922676845	0	40
2.2900021076202393	848	4.878044922676845	0	24
2.2950010299682617	872	4.878044922676845	0	10
2.300001859664917	882	4.878044922676845	0	5
2.3050012588500977	887	4.878044922676845	0	4
2.310001850128174	891	4.878044922676845	0	-1
2.315000295639038	890	4.878044922676845	0	-4
2.3200008869171143	886	4.878044922676845	0	-20
2.3250017166137695	866	4.878044922676845	0	-54
2.3300018310546875	812	4.761866052989801	1	-55
2.335000514984131	757	4.761866052989801	0	-24
2.340000867843628	733	4.761866052989801	0	-6
2.3450002670288086	727	4.761866052989801	0	-3
2.3500003814697266	724	4.761866052989801	0	3
2.3550009727478027	727	4.761866052989801	0	0
2.3600001335144043	727	4.761866052989801	0	2
2.3650014400482178	729	4.761866052989801	0	7
2.3700013160705566	736	4.761866052989801	0	10
2.3750007152557373	746	4.761866052989801	0	35
2.380000591278076	781	4.761925522252498	1	54
2.385000467300415	835	4.761925522252498	0	16
2.3900017738342285	851	4.761925522252498	0	2
2.3950016498565674	853	4.761925522252498	0	-1
2.4000015258789062	852	4.761925522252498	0	-7
2.4050021171569824	845	4.761925522252498	0	5
2.410001277923584	850	4.761925522252498	0	0
2.4150002002716064	850	4.761925522252498	0	1
2.4200007915496826	851	4.761925522252498	0	-2
2.425001621246338	849	4.761925522252498	0	-5
2.4300014972686768	844	4.761925522252498	0	-16
2.4350011348724365	828	4.761925522252498	0	-37
2.4400007724761963	791	4.761925522252498	1	-24
2.445000648498535	767	4.761925522252498	0	-15
2.4500017166137695	752	4.761925522252498	0	-14
2.45500111579895	738	4.761925522252498	0	-3
2.4600002765655518	735	4.761925522252498	0	-5
2.4650018215179443	730	4.761925522252498	0	0
2.470001697540283	730	4.761925522252498	0	-3
2.4750001430511475	727	4.761925522252498	0	-2
2.480001926422119	725	4.761925522252498	0	12
2.4850010871887207	737	4.761925522252498	0	28
2.4900012016296387	765	4.761898490585317	1	53
2.4950008392333984	818	4.761898490585317	0	36
2.5000016689300537	854	4.761898490585317	0	15
2.5050013065338135	869	4.761898490585317	0	16
2.510000228881836	885	4.761898490585317	0	2
2.5150020122528076	887	4.761898490585317	0	4
2.5200002193450928	891	4.761898490585317	0	-2
2.5250017642974854	889	4.761898490585317	0	-4
2.530000925064087	885	4.761898490585317	0	-29
2.5350019931793213	856	4.878044922676845	1	-65
2.5400004386901855	791	4.878044922676845	0	-44
2.5450007915496826	747	4.878044922676845	0	-15
2.5500004291534424	732	4.878044922676845	0	-7
2.555001735687256	725	4.878044922676845	0	0
2.5600016117095947	725	4.878044922676845	0	0
2.5650014877319336	725	4.878044922676845	0	4
2.570000410079956	729	4.878044922676845	0	3
2.575000762939453	732	4.878044922676845	0	8
2.580000162124634	740	4.878044922676845	0	19
2.58500075340271	759	4.878044922676845	0	51
2.590000867843628	810	4.761898490585317	1	34
2.595001697540283	844	4.761898490585317	0	7
2.600001096725464	851	4.761898490585317	0	0
2.6050004959106445	851	4.761898490585317	0	-1
2.610001802444458	850	4.761898490585317	0	-1
2.6150014400482178	849	4.761898490585317	0	1
2.6200008392333984	850	4.761898490585317	0	-2
2.625001907348633	848	4.761898490585317	0	-3
2.630002021789551	845	4.761898490585317	0	3
2.635000467300415	848	4.761898490585317	0	-7
2.640000581741333	841	4.761898490585317	0	-21
2.6450014114379883	820	4.878033576209389	1	-35
2.650000810623169	785	4.878033576209389	0	-26
2.6550004482269287	759	4.878033576209389	0	-10
2.660000801086426	749	4.878033576209389	0	-13
2.665001153945923	736	4.878033576209389	0	-2
2.670001745223999	734	4.878033576209389	0	-2
2.6750001907348633	732	4.878033576209389	0	-7
2.680001974105835	725	4.878033576209389	0	4
2.6850016117095947	729	4.878033576209389	0	-1
2.6900017261505127	728	4.878033576209389	0	12
2.695000410079956	740	4.878033576209389	0	39
2.700000762939453	779	4.7619147095487975	1	49
2.7050013542175293	828	4.7619147095487975	0	34
2.7100017070770264	862	4.7619147095487975	0	15
2.715001344680786	877	4.7619147095487975	0	10
2.720001220703125	887	4.7619147095487975	0	0
2.725001811981201	887	4.7619147095487975	0	5
2.73000168800354	892	4.7619147095487975	0	-5
2.7350013256073	887	4.7619147095487975	0	-13
2.740001916885376	874	4.7619147095487975	0	-47
2.7450003623962402	827	4.761941741400118	1	-64
2.750001907348633	763	4.761941741400118	0	-28
2.7550010681152344	735	4.761941741400118	0	-6
2.7600014209747314	729	4.761941741400118	0	-7
2.765000581741333	722	4.761941741400118	0	4
2.7700016498565674	726	4.761941741400118	0	2
2.7750020027160645	728	4.761941741400118	0	2
2.780001163482666	730	4.761941741400118	0	8
2.785001277923584	738	4.761941741400118	0	7
2.7900002002716064	745	4.761941741400118	0	36
2.795001983642578	781	4.878022229794717	1	50
2.800001621246338	831	4.878022229794717	0	15
2.8050003051757812	846	4.878022229794717	0	5
2.8100008964538574	851	4.878022229794717	0	-2
2.8150017261505127	849	4.878022229794717	0	1
2.8200011253356934	850	4.878022229794717	0	0
2.8250010013580322	850	4.878022229794717	0	1
2.8300018310546875	851	4.878022229794717	0	-1
2.835000514984131	850	4.878022229794717	0	-2
2.8400003910064697	848	4.878022229794717	0	-2
2.845000982284546	846	4.878022229794717	0	-13
2.850001811981201	833	4.878022229794717	0	-36
2.85500168800354	797	4.761898490585317	1	-27
2.8600003719329834	770	4.761898490585317	0	-18
2.8650012016296387	752	4.761898490585317	0	-11
2.870001792907715	741	4.761898490585317	0	-7
2.8750016689300537	734	4.761898490585317	0	-3
2.8800017833709717	731	4.761898490585317	0	1
2.885000705718994	732	4.761898490585317	0	-6
2.8900012969970703	726	4.761898490585317	0	2
2.8950002193450928	728	4.761898490585317	0	7
2.900001287460327	735	4.761898490585317	0	26
2.9050004482269287	761	4.878056269197087	1	60
2.910000801086426	821	4.878056269197087	0	34
2.915001392364502	855	4.878056269197087	0	19
2.9200022220611572	874	4.878056269197087	0	11
2.9250011444091797	885	4.878056269197087	0	5
2.9300010204315186	890	4.878056269197087	0	1
2.935000419616699	891	4.878056269197087	0	-3
2.9400017261505127	888	4.878056269197087	0	-9
2.9450008869171143	879	4.878056269197087	0	-38
2.950000286102295	841	4.878050595930368	1	-65
2.955000638961792	776	4.878050595930368	0	-33
2.9600019454956055	743	4.878050595930368	0	-16
2.965001106262207	727	4.878050595930368	0	-3
2.9700005054473877	724	4.878050595930368	0	1
2.975001096725464	725	4.878050595930368	0	1
2.980001926422119	726	4.878050595930368	0	5
2.9850006103515625	731	4.878050595930368	0	2
2.990001916885376	733	4.878050595930368	0	11
2.9950003623962402	744	4.878050595930368	0	28
3.000002145767212	772	4.878044922676845	1	51
3.0050013065338135	823	4.878044922676845	0	26
3.0100014209747314	849	4.878044922676845	0	1
3.015000820159912	850	4.878044922676845	0	0
3.0200002193450928	850	4.878044922676845	0	-1
3.0250003337860107	849	4.878044922676845	0	1
3.030001163482666	850	4.878044922676845	0	-1
3.0350022315979004	849	4.878044922676845	0	-2
3.0400006771087646	847	4.878044922676845	0	2
3.0450010299682617	849	4.878044922676845	0	-4
3.050001859664917	845	4.878044922676845	0	-13
3.0550012588500977	832	4.878044922676845	0	-32
3.0600013732910156	800	4.878056269197087	1	-31
3.0650010108947754	769	4.878056269197087	0	-14
3.070000410079956	755	4.878056269197087	0	-12
3.0750012397766113	743	4.878056269197087	0	-12
3.080000638961792	731	4.878056269197087	0	2
3.08500075340271	733	4.878056269197087	0	-4
3.0900018215179443	729	4.878056269197087	0	-1
3.095001697540283	728	4.878056269197087	0	1
3.1000008583068848	729	4.878056269197087	0	2
3.1050009727478027	731	4.878056269197087	0	26
3.110001802444458	757	4.878016556607175	1	50
3.1150012016296387	807	4.878016556607175	0	42
3.120000123977661	849	4.878016556607175	0	22
3.125000476837158	871	4.878016556607175	0	11
3.1300013065338135	882	4.878016556607175	0	6
3.1350016593933105	888	4.878016556607175	0	2
3.140000581741333	890	4.878016556607175	0	0
3.1450002193450928	890	4.878016556607175	0	-7
3.150001287460327	883	4.878016556607175	0	-25
3.155001401901245	858	4.878022229794717	1	-58
3.160001277923584	800	4.878022229794717	0	-52
3.1650004386901855	748	4.878022229794717	0	-16
3.1700007915496826	732	4.878022229794717	0	-6
3.1750004291534424	726	4.878022229794717	0	-3
3.180001974105835	723	4.878022229794717	0	4
3.185000419616699	727	4.878022229794717	0	0
3.1900017261505127	727	4.878022229794717	0	5
3.195000410079956	732	4.878022229794717	0	8
3.2000014781951904	740	4.878022229794717	0	12
3.205000162124634	752	4.878022229794717	0	51
3.2100017070770264	803	4.7619147095487975	1	37
3.2150015830993652	840	4.7619147095487975	0	12
3.220001459121704	852	4.7619147095487975	0	-3
3.2250008583068848	849	4.7619147095487975	0	1
3.230001926422119	850	4.7619147095487975	0	1
3.235001564025879	851	4.7619147095487975	0	-3
3.2400014400482178	848	4.7619147095487975	0	2
3.2450015544891357	850	4.7619147095487975	0	0
3.2500014305114746	850	4.7619147095487975	0	-2
3.2550010681152344	848	4.7619147095487975	0	-2
3.2600021362304688	846	4.7619147095487975	0	-25
3.2650020122528076	821	4.878033576209389	1	-31
3.2700014114379883	790	4.878033576209389	0	-24
3.2750003337860107	766	4.878033576209389	0	-17
3.280000925064087	749	4.878033576209389	0	-9
3.285001277923584	740	4.878033576209389	0	-8
3.290001630783081	732	4.878033576209389	0	-1
3.29500150680542	731	4.878033576209389	0	-1
3.300001621246338	730	4.878033576209389	0	-4
3.305001974105835	726	4.878033576209389	0	4
3.310000419616699	730	4.878033576209389	0	8
3.3150014877319336	738	4.878033576209389	0	42
3.3200011253356934	780	4.76192011589451	1	53
3.325000286102295	833	4.76192011589451	0	29
3.330000162124634	862	4.76192011589451	0	16
3.3350019454956055	878	4.76192011589451	0	7
3.340001344680786	885	4.76192011589451	0	5
3.3450005054473877	890	4.76192011589451	0	2
3.350001335144043	892	4.76192011589451	0	0
3.355001449584961	892	4.76192011589451	0	-18
3.360001564025879	874	4.76192011589451	0	-45
3.365001916885376	829	4.761893084288708	1	-61
3.3700003623962402	768	4.761893084288708	0	-29
3.3750007152557373	739	4.761893084288708	0	-11
3.3800013065338135	728	4.761893084288708	0	-1
3.385000467300415	727	4.761893084288708	0	-3
3.390000581741333	724	4.761893084288708	0	3
3.395001173019409	727	4.761893084288708	0	2
3.400001049041748	729	4.761893084288708	0	3
3.405001401901245	732	4.761893084288708	0	12
3.410000801086426	744	4.761893084288708	0	22
3.4150002002716064	766	4.878084635728624	1	52
3.4200003147125244	818	4.878084635728624	0	29
3.425001382827759	847	4.878084635728624	0	0
3.4300007820129395	847	4.878084635728624	0	3
3.4350016117095947	850	4.878084635728624	0	-2
3.4400017261505127	848	4.878084635728624	0	2
3.4450013637542725	850	4.878084635728624	0	0
3.450000286102295	850	4.878084635728624	0	-5
3.455000638961792	845	4.878084635728624	0	4
3.46000075340271	849	4.878084635728624	0	-3
3.465000867843628	846	4.878084635728624	0	-6
3.4700002670288086	840	4.878084635728624	0	-24
3.4750003814697266	816	4.761941741400118	1	-37
3.480001926422119	779	4.761941741400118	0	-20
3.4850010871887207	759	4.761941741400118	0	-16
3.4900004863739014	743	4.761941741400118	0	-8
3.4950003623962402	735	4.761941741400118	0	-5
3.500001907348633	730	4.761941741400118	0	0
3.505000352859497	730	4.761941741400118	0	-1
3.5100009441375732	729	4.761941741400118	0	-4
3.5150015354156494	725	4.761941741400118	0	5
3.520000696182251	730	4.761941741400118	0	15
3.5250017642974854	745	4.761941741400118	0	43
3.530000925064087	788	4.761909303215361	1	52
3.5350005626678467	840	4.761909303215361	0	25
3.540001630783081	865	4.761909303215361	0	12
3.545001983642578	877	4.761909303215361	0	10
3.5500009059906006	887	4.761909303215361	0	2
3.5550014972686768	889	4.761909303215361	0	2
3.560000419616699	891	4.761909303215361	0	-4
3.5650007724761963	887	4.761909303215361	0	-16
3.570000410079956	871	4.761909303215361	0	-49
3.5750017166137695	822	4.761909303215361	1	-63
3.58000111579895	759	4.761909303215361	0	-23
3.585001230239868	736	4.761909303215361	0	-9
3.590000867843628	727	4.761909303215361	0	-2
3.5950019359588623	725	4.761909303215361	0	2
3.600001811981201	727	4.761909303215361	0	2
3.605001926422119	729	4.761909303215361	0	4
3.610001564025879	733	4.761909303215361	0	4
3.6150002479553223	737	4.761909303215361	0	13
3.6200008392333984	750	4.761909303215361	0	42
3.6250016689300537	792	4.7618714592250315	1	45
3.630000352859497	837	4.7618714592250315	0	15
3.6350009441375732	852	4.7618714592250315	0	-3
3.6400012969970703	849	4.7618714592250315	0	0
3.645000457763672	849	4.7618714592250315	0	-2
3.6500015258789062	847	4.7618714592250315	0	3
3.6550004482269287	850	4.7618714592250315	0	0
3.660001516342163	850	4.7618714592250315	0	-1
3.665001630783081	849	4.7618714592250315	0	0
3.6700005531311035	849	4.7618714592250315	0	-2
3.6750006675720215	847	4.7618714592250315	0	-13
3.680001974105835	834	4.7618714592250315	0	-31
3.685001850128174	803	4.7618714592250315	1	-33
3.6900010108947754	770	4.7618714592250315	0	-15
3.695000171661377	755	4.7618714592250315	0	-13
3.7000019550323486	742	4.7618714592250315	0	-7
3.7050015926361084	735	4.7618714592250315	0	-2
3.710001230239868	733	4.7618714592250315	0	-4
3.7150001525878906	729	4.7618714592250315	0	1
3.720001220703125	730	4.7618714592250315	0	-1
3.725001811981201	729	4.7618714592250315	0	5
3.7300007343292236	734	4.7618714592250315	0	30
3.735001564025879	764	4.878033576209389	1	48
3.7400009632110596	812	4.878033576209389	0	39
3.7450003623962402	851	4.878033576209389	0	20
3.7500009536743164	871	4.878033576209389	0	8
3.755000352859497	879	4.878033576209389	0	10
3.760000705718994	889	4.878033576209389	0	1
3.765000343322754	890	4.878033576209389	0	0
3.7700018882751465	890	4.878033576209389	0	-3
3.7750020027160645	887	4.878033576209389	0	-31
3.7800004482269287	856	4.878078962395924	1	-64
3.785001516342163	792	4.878078962395924	0	-46
3.790001392364502	746	4.878078962395924	0	-15
3.795001983642578	731	4.878078962395924	0	-6
3.8000009059906006	725	4.878078962395924	0	0
3.8050010204315186	725	4.878078962395924	0	3
3.8100013732910156	728	4.878078962395924	0	-1
3.8150007724761963	727	4.878078962395924	0	5
3.820000410079956	732	4.878078962395924	0	9
3.8250014781951904	741	4.878078962395924	0	23
3.830000162124634	764	4.878084635728624	1	49
3.83500075340271	813	4.878084635728624	0	29
3.840001106262207	842	4.878084635728624	0	9
3.8450005054473877	851	4.878084635728624	0	-1
3.850001573562622	850	4.878084635728624	0	6
3.8550009727478027	856	4.878084635728624	0	-4
3.8600003719329834	852	4.878084635728624	0	0
3.865001916885376	852	4.878084635728624	0	1
3.870000123977661	853	4.878084635728624	0	-3
3.8750009536743164	850	4.878084635728624	0	-1
3.8800010681152344	849	4.878084635728624	0	-9
3.8850018978118896	840	4.878084635728624	0	-28
3.8900015354156494	812	4.878056269197087	1	-33
3.89500093460083	779	4.878056269197087	0	-22
3.9000022411346436	757	4.878056269197087	0	-13
3.905001401901245	744	4.878056269197087	0	-6
3.9100005626678467	738	4.878056269197087	0	-7
3.9150006771087646	731	4.878056269197087	0	0
3.9200003147125244	731	4.878056269197087	0	-2
3.925001382827759	729	4.878056269197087	0	-4
3.9300014972686768	725	4.878056269197087	0	5
3.9350006580352783	730	4.878056269197087	0	10
3.9400007724761963	740	4.878056269197087	0	40
3.9450013637542725	780	4.761909303215361	1	50
3.950000286102295	830	4.761909303215361	0	28
3.9550015926361084	858	4.761909303215361	0	19
3.9600019454956055	877	4.761909303215361	0	8
3.965000629425049	885	4.761909303215361	0	4
3.970001459121704	889	4.761909303215361	0	2
3.9750006198883057	891	4.761909303215361	0	-3
3.980001449584961	888	4.761909303215361	0	-16
3.9850010871887207	872	4.761909303215361	0	-52
3.990001678466797	820	4.761876865472537	1	-60
3.9950006008148193	760	4.761876865472537	0	-24
4.000000953674316	736	4.761876865472537	0	-8
4.005001783370972	728	4.761876865472537	0	-2
4.010000467300415	726	4.761876865472537	0	-4
4.015001058578491	722	4.761876865472537	0	4
4.020001649856567	726	4.761876865472537	0	4
4.025001764297485	730	4.761876865472537	0	3
4.030002117156982	733	4.761876865472537	0	13
4.035000562667847	746	4.761876865472537	0	23
4.0400004386901855	769	4.761898490585317	1	55
4.045001745223999	824	4.761898490585317	0	23
4.050001382827759	847	4.761898490585317	0	6
4.0550010204315186	853	4.761898490585317	0	0
4.060001373291016	853	4.761898490585317	0	-2
4.065000295639038	851	4.761898490585317	0	3
4.070000886917114	854	4.761898490585317	0	-2
4.075002193450928	852	4.761898490585317	0	1
4.080000877380371	853	4.761898490585317	0	-3
4.085000276565552	850	4.761898490585317	0	-4
4.090000629425049	846	4.761898490585317	0	-12
4.095001935958862	834	4.761898490585317	0	-38
4.100000858306885	796	4.76192011589451	1	-28
4.105002164840698	768	4.76192011589451	0	-16
4.110000371932983	752	4.76192011589451	0	-14
4.1150007247924805	738	4.76192011589451	0	-5
4.120001316070557	733	4.76192011589451	0	-2
4.125000238418579	731	4.76192011589451	0	-5
4.130001544952393	726	4.76192011589451	0	3
4.135000705718994	729	4.76192011589451	0	-3
4.140000581741333	726	4.76192011589451	0	6
4.145000219345093	732	4.76192011589451	0	23
4.150000810623169	755	4.878061942477001	1	52
4.155001163482666	807	4.878061942477001	0	44
4.160001993179321	851	4.878061942477001	0	21
4.165001392364502	872	4.878061942477001	0	11
4.170000791549683	883	4.878061942477001	0	4
4.175000190734863	887	4.878061942477001	0	2
4.1800007820129395	889	4.878061942477001	0	0
4.185001850128174	889	4.878061942477001	0	-8
4.190001964569092	881	4.878061942477001	0	-30
4.195000648498535	851	4.87807328907642	1	-66
4.200000286102295	785	4.87807328907642	0	-40
4.20500111579895	745	4.87807328907642	0	-14
4.210000514984131	731	4.87807328907642	0	-6
4.215000629425049	725	4.87807328907642	0	-1
4.220001935958862	724	4.87807328907642	0	3
4.225000381469727	727	4.87807328907642	0	2
4.230000257492065	729	4.87807328907642	0	7
4.235000371932983	736	4.87807328907642	0	6
4.240002155303955	742	4.87807328907642	0	22
4.245000839233398	764	4.878039249436519	1	52
4.2500011920928955	816	4.878039249436519	0	28
4.25500226020813	844	4.878039249436519	0	7
4.260000228881836	851	4.878039249436519	0	-2
4.265000820159912	849	4.878039249436519	0	1
4.270000696182251	850	4.878039249436519	0	0
4.275000810623169	850	4.878039249436519	0	0
4.280002117156982	850	4.878039249436519	0	0
4.285001277923584	850	4.878039249436519	0	-2
4.290000915527344	848	4.878039249436519	0	-1
4.295000314712524	847	4.878039249436519	0	-7
4.30000114440918	840	4.878039249436519	0	-29
4.305001974105835	811	4.878022229794717	1	-31
4.310000658035278	780	4.878022229794717	0	-24
4.315002202987671	756	4.878022229794717	0	-12
4.320001602172852	744	4.878022229794717	0	-8
4.3250017166137695	736	4.878022229794717	0	-10
4.330001592636108	726	4.878022229794717	0	4
4.335002183914185	730	4.878022229794717	0	-3
4.340001106262207	727	4.878022229794717	0	0
4.345001220703125	727	4.878022229794717	0	4
4.3500001430511475	731	4.878022229794717	0	21
4.355001449584961	752	4.878033576209389	1	54
4.360000848770142	806	4.878033576209389	0	42
4.365000247955322	848	4.878033576209389	0	24
4.370000123977661	872	4.878033576209389	0	10
4.375001430511475	882	4.878033576209389	0	5
4.380001783370972	887	4.878033576209389	0	4
4.385000944137573	891	4.878033576209389	0	-2
4.390000820159912	889	4.878033576209389	0	-7
4.395001173019409	882	4.878033576209389	0	-27
4.40000057220459	855	4.878050595930368	1	-63
4.405000686645508	792	4.878050595930368	0	-43
4.410001516342163	749	4.878050595930368	0	-19
4.415000915527344	730	4.878050595930368	0	-4
4.420000791549683	726	4.878050595930368	0	0
4.425002098083496	726	4.878050595930368	0	2
4.4300010204315186	728	4.878050595930368	0	2
4.435001611709595	730	4.878050595930368	0	2
4.440001010894775	732	4.878050595930368	0	8
4.4450013637542725	740	4.878050595930368	0	12
4.450001239776611	752	4.878050595930368	0	46
4.45500111579895	798	4.761898490585317	1	43
4.460000991821289	841	4.761898490585317	0	10
4.465000629425049	851	4.761898490585317	0	-1
4.470000505447388	850	4.761898490585317	0	1
4.475001335144043	851	4.761898490585317	0	-1
4.480000257492065	850	4.761898490585317	0	2
4.485001564025879	852	4.761898490585317	0	-1
4.4900007247924805	851	4.761898490585317	0	0
4.4950010776519775	851	4.761898490585317	0	-2
4.5000011920928955	849	4.761898490585317	0	-10
4.505000352859497	839	4.761898490585317	0	-16
4.5100016593933105	823	4.761898490585317	0	-38
4.515000343322754	785	4.761941741400118	1	-21
4.520000219345093	764	4.761941741400118	0	-16
4.525001049041748	748	4.761941741400118	0	-13
4.53000020980835	735	4.761941741400118	0	-2
4.535001277923584	733	4.761941741400118	0	-5
4.540000677108765	728	4.761941741400118	0	-1
4.545000791549683	727	4.761941741400118	0	0
4.550001859664917	727	4.761941741400118	0	-1
4.555001735687256	726	4.761941741400118	0	22
4.560000658035278	748	4.878067615770113	1	46
4.565001010894775	794	4.878067615770113	0	49
4.570000410079956	843	4.878067615770113	0	27
4.57500147819519	870	4.878067615770113	0	12
4.580000638961792	882	4.878067615770113	0	6
4.585000991821289	888	4.878067615770113	0	3
4.590000867843628	891	4.878067615770113	0	1
4.595002174377441	892	4.878067615770113	0	-5
4.600000858306885	887	4.878067615770113	0	-20
4.605001449584961	867	4.878067615770113	0	-56
4.6100013256073	811	4.761887678004376	1	-57
4.61500096321106	754	4.761887678004376	0	-19
4.620001316070557	735	4.761887678004376	0	-9
4.625002145767212	726	4.761887678004376	0	-5
4.630001068115234	721	4.761887678004376	0	6
4.635000228881836	727	4.761887678004376	0	0
4.640000581741333	727	4.761887678004376	0	5
4.64500093460083	732	4.761887678004376	0	8
4.650001764297485	740	4.761887678004376	0	12
4.655001163482666	752	4.761887678004376	0	46
4.660001277923584	798	4.878044922676845	1	40
4.665000677108765	838	4.878044922676845	0	12
4.67000150680542	850	4.878044922676845	0	1
4.675000429153442	851	4.878044922676845	0	-3
4.68000054359436	848	4.878044922676845	0	1
4.685001611709595	849	4.878044922676845	0	0
4.6900012493133545	849	4.878044922676845	0	0
4.695000648498535	849	4.878044922676845	0	-1
4.7000017166137695	848	4.878044922676845	0	0
4.705002069473267	848	4.878044922676845	0	-7
4.710000991821289	841	4.878044922676845	0	-27
4.715000152587891	814	5.0000047683761295	1	-33
4.720001935958862	781	5.0000047683761295	0	-21
4.725000858306885	760	5.0000047683761295	0	-12
4.73000168800354	748	5.0000047683761295	0	-11
4.735000133514404	737	5.0000047683761295	0	-5
4.740001440048218	732	5.0000047683761295	0	-1
4.745000600814819	731	5.0000047683761295	0	-2
4.750001668930054	729	5.0000047683761295	0	-6
4.755001068115234	723	5.0000047683761295	0	9
4.760000944137573	732	5.0000047683761295	0	17
4.765001058578491	749	5.0000047683761295	0	51
4.770000696182251	800	4.761903896894201	1	44
4.775001525878906	844	4.761903896894201	0	24
4.780000448226929	868	4.761903896894201	0	14
4.785000324249268	882	4.761903896894201	0	4
4.7900004386901855	886	4.761903896894201	0	4
4.795001983642578	890	4.761903896894201	0	-1
4.80000114440918	889	4.761903896894201	0	-6
4.805000305175781	883	4.761903896894201	0	-18
4.810000658035278	865	4.761903896894201	0	-60
4.815000295639038	805	4.87807328907642	1	-51
4.820000410079956	754	4.87807328907642	0	-21
4.825000286102295	733	4.87807328907642	0	-10
4.83000111579895	723	4.87807328907642	0	1
4.835001707077026	724	4.87807328907642	0	1
4.840001106262207	725	4.87807328907642	0	1
4.845001220703125	726	4.87807328907642	0	5
4.850000619888306	731	4.87807328907642	0	7
4.855000257492065	738	4.87807328907642	0	16
4.860000848770142	754	4.87807328907642	0	50
4.865001916885376	804	4.878033576209389	1	38
4.870000839233398	842	4.878033576209389	0	8
4.875000476837158	850	4.878033576209389	0	-1
4.8800013065338135	849	4.878033576209389	0	1
4.885000228881836	850	4.878033576209389	0	0
4.8900017738342285	850	4.878033576209389	0	0
4.895001411437988	850	4.878033576209389	0	0
4.90000057220459	850	4.878033576209389	0	-3
4.905000448226929	847	4.878033576209389	0	1
4.910001277923584	848	4.878033576209389	0	-9
4.915000677108765	839	4.878033576209389	0	-29
4.920001268386841	810	4.878022229794717	1	-33
4.925001621246338	777	4.878022229794717	0	-23
4.9300007820129395	754	4.878022229794717	0	-9
4.935000896453857	745	4.878022229794717	0	-10
4.940000295639038	735	4.878022229794717	0	-2
4.945001125335693	733	4.878022229794717	0	-1
4.9500017166137695	732	4.878022229794717	0	-7
4.955001592636108	725	4.878022229794717	0	3
4.960000276565552	728	4.878022229794717	0	2
4.965000867843628	730	4.878022229794717	0	25
4.970000505447388	755	5.0000047683761295	1	54
4.97500205039978	809	5.0000047683761295	0	37
4.980001211166382	846	5.0000047683761295	0	25
4.985001802444458	871	5.0000047683761295	0	10
4.9900007247924805	881	5.0000047683761295	0	6
4.995001792907715	887	5.0000047683761295	0	0
