5.245208740234375e-06	585	0	0	0
0.00500035285949707	585	0	0	1
0.010000228881835938	586	99.99771123402633	1	2
0.015000343322753906	588	99.99771123402633	0	4
0.020000457763671875	592	99.99771123402633	0	4
0.025000333786010742	596	99.99771123402633	0	7
0.03000020980834961	603	99.99771123402633	0	12
0.03500032424926758	615	99.99771123402633	0	15
0.04000067710876465	630	99.99771123402633	0	20
0.04500126838684082	650	99.99771123402633	0	19
0.05000138282775879	669	99.99771123402633	0	18
0.05500078201293945	687	99.99771123402633	0	16
0.06000089645385742	703	99.99771123402633	0	10
0.06500029563903809	713	99.99771123402633	0	4
0.07000064849853516	717	99.99771123402633	0	-8
0.07500076293945312	709	13.333197701032502	1	-18
0.08000040054321289	691	13.333197701032502	0	-25
0.08500146865844727	666	13.333197701032502	0	-30
0.09000062942504883	636	13.333197701032502	0	-29
0.0950009822845459	607	13.333197701032502	0	-18
0.10000109672546387	589	13.333197701032502	0	-12
0.10500097274780273	577	13.333197701032502	0	-4
0.1100010871887207	573	13.333197701032502	0	4
0.11500072479248047	577	13.333197701032502	0	13
0.12000107765197754	590	8.333258497062511	1	25
0.1250004768371582	615	8.333258497062511	0	35
0.13000059127807617	650	8.333258497062511	0	38
0.13500070571899414	688	8.333258497062511	0	31
0.14000177383422852	719	8.333258497062511	0	20
0.14500093460083008	739	8.333258497062511	0	9
0.15000128746032715	748	8.333258497062511	0	1
0.1550004482269287	749	8.333258497062511	0	-15
0.16000151634216309	734	6.2499407684456	1	-27
0.16500020027160645	707	6.2499407684456	0	-38
0.17000126838684082	669	6.2499407684456	0	-36
0.17500090599060059	633	6.2499407684456	0	-25
0.18000054359436035	608	6.2499407684456	0	-15
0.18500065803527832	593	6.2499407684456	0	-10
0.1900010108947754	583	6.2499407684456	0	0
0.19500041007995605	583	6.2499407684456	0	7
0.20000100135803223	590	6.2499407684456	0	18
0.2050001621246338	608	5.128206883819198	1	30
0.21000075340270996	638	5.128206883819198	0	32
0.21500086784362793	670	5.128206883819198	0	27
0.2200005054473877	697	5.128206883819198	0	14
0.22500038146972656	711	5.128206883819198	0	-1
0.23000025749206543	710	5.128206883819198	0	-21
0.2350010871887207	689	6.249987334038654	1	-34
0.24000048637390137	655	6.249987334038654	0	-35
0.24500012397766113	620	6.249987334038654	0	-30
0.2500007152557373	590	6.249987334038654	0	-12
0.2550013065338135	578	6.249987334038654	0	-4
0.26000070571899414	574	6.249987334038654	0	6
0.2650003433227539	580	6.249987334038654	0	19
0.2700011730194092	599	6.666662428116844	1	35
0.27500057220458984	634	6.666662428116844	0	44
0.2800006866455078	678	6.666662428116844	0	36
0.2850005626678467	714	6.666662428116844	0	24
0.29000163078308105	738	6.666662428116844	0	12
0.2950012683868408	750	6.666662428116844	0	-2
0.3000013828277588	748	6.666662428116844	0	-20
0.30500125885009766	728	6.8965639711069056	1	-29
0.3100011348724365	699	6.8965639711069056	0	-40
0.3150005340576172	659	6.8965639711069056	0	-36
0.32000017166137695	623	6.8965639711069056	0	-23
0.325000524520874	600	6.8965639711069056	0	-12
0.330000638961792	588	6.8965639711069056	0	-6
0.33500051498413086	582	6.8965639711069056	0	6
0.3400001525878906	588	6.8965639711069056	0	6
0.3450002670288086	594	6.8965639711069056	0	24
0.35000085830688477	618	6.896518612180335	1	31
0.35500049591064453	649	6.896518612180335	0	33
0.3600001335144043	682	6.896518612180335	0	23
0.36500096321105957	705	6.896518612180335	0	9
0.37000107765197754	714	6.896518612180335	0	-10
0.3750011920928955	704	7.142851790607337	1	-29
0.3800010681152344	675	7.142851790607337	0	-36
0.38500070571899414	639	7.142851790607337	0	-35
0.3900015354156494	604	7.142851790607337	0	-20
0.3950004577636719	584	7.142851790607337	0	-9
0.40000128746032715	575	7.142851790607337	0	1
0.4050002098083496	576	7.142851790607337	0	17
0.4100003242492676	593	7.1429004477187465	1	31
0.41500043869018555	624	7.1429004477187465	0	45
0.4200012683868408	669	7.1429004477187465	0	39
0.4250009059906006	708	7.1429004477187465	0	27
0.43000054359436035	735	7.1429004477187465	0	12
0.4350011348724365	747	7.1429004477187465	0	2
0.4400002956390381	749	7.1429004477187465	0	-8
0.44500088691711426	741	7.1429004477187465	0	-26
0.45000123977661133	715	6.896552631319326	1	-37
0.4550004005432129	678	6.896552631319326	0	-39
0.46000075340270996	639	6.896552631319326	0	-29
0.4650001525878906	610	6.896552631319326	0	-18
0.4700009822845459	592	6.896552631319326	0	-8
0.47500061988830566	584	6.896552631319326	0	-1
0.48000097274780273	583	6.896552631319326	0	9
0.4850003719329834	592	6.896552631319326	0	21
0.49000072479248047	613	7.142863954823042	1	30
0.49500083923339844	643	7.142863954823042	0	33
0.5000002384185791	676	7.142863954823042	0	25
0.5050005912780762	701	7.142863954823042	0	11
0.5100014209747314	712	7.142863954823042	0	-7
0.5150003433227539	705	7.142863954823042	0	-23
0.5200009346008301	682	6.8965639711069056	1	-37
0.525001049041748	645	6.8965639711069056	0	-35
0.5300006866455078	610	6.8965639711069056	0	-22
0.5350008010864258	588	6.8965639711069056	0	-13
0.5400009155273438	575	6.8965639711069056	0	-1
0.5450007915496826	574	6.8965639711069056	0	11
0.5500013828277588	585	7.142803134158823	1	26
0.5550007820129395	611	7.142803134158823	0	42
0.5600004196166992	653	7.142803134158823	0	42
0.5650005340576172	695	7.142803134158823	0	31
0.5700008869171143	726	7.142803134158823	0	18
0.5750012397766113	744	7.142803134158823	0	5
0.5800011157989502	749	7.142803134158823	0	-7
0.5850002765655518	742	7.142803134158823	0	-23
0.5900001525878906	719	7.142912612100178	1	-38
0.5950002670288086	681	7.142912612100178	0	-41
0.6000003814697266	640	7.142912612100178	0	-31
0.6050014495849609	609	7.142912612100178	0	-17
0.6100006103515625	592	7.142912612100178	0	-8
0.6150007247924805	584	7.142912612100178	0	-1
0.6200001239776611	583	7.142912612100178	0	7
0.6250002384185791	590	7.142912612100178	0	19
0.6300003528594971	609	7.142876119080179	1	29
0.6350011825561523	638	7.142876119080179	0	34
0.6400008201599121	672	7.142876119080179	0	27
0.6450002193450928	699	7.142876119080179	0	14
0.6500012874603271	713	7.142876119080179	0	-6
0.655001163482666	707	7.142876119080179	0	-21
0.6600015163421631	686	7.142827462300219	1	-35
0.6650002002716064	651	7.142827462300219	0	-36
0.6700012683868408	615	7.142827462300219	0	-25
0.6750009059906006	590	7.142827462300219	0	-14
0.6800005435943604	576	7.142827462300219	0	-2
0.6850001811981201	574	7.142827462300219	0	9
0.6900010108947754	583	7.142827462300219	0	25
0.695000410079956	608	6.896597990693392	1	40
0.7000012397766113	648	6.896597990693392	0	44
0.7050011157989502	692	6.896597990693392	0	34
0.7100005149841309	726	6.896597990693392	0	18
0.7150006294250488	744	6.896597990693392	0	5
0.7200007438659668	749	6.896597990693392	0	-7
0.7250010967254639	742	6.896597990693392	0	-24
0.7300014495849609	718	7.14279097015027	1	-40
0.7350010871887207	678	7.14279097015027	0	-40
0.7400009632110596	638	7.14279097015027	0	-30
0.7450010776519775	608	7.14279097015027	0	-17
0.7500007152557373	591	7.14279097015027	0	-7
0.7550013065338135	584	7.14279097015027	0	0
0.7600002288818359	584	7.14279097015027	0	7
0.7650010585784912	591	7.14279097015027	0	19
0.7700009346008301	610	7.142827462300219	1	28
0.775001049041748	638	7.142827462300219	0	33
0.7800004482269287	671	7.142827462300219	0	28
0.7850010395050049	699	7.142827462300219	0	14
0.790001392364502	713	7.142827462300219	0	-4
0.7950010299682617	709	7.142827462300219	0	-30
0.8000001907348633	679	7.142924776523041	1	-32
0.8050003051757812	647	7.142924776523041	0	-34
0.8100001811981201	613	7.142924776523041	0	-25
0.8150005340576172	588	7.142924776523041	0	-12
0.820000410079956	576	7.142924776523041	0	-1
0.825000524520874	575	7.142924776523041	0	13
0.8300001621246338	588	7.407421012662699	1	27
0.83500075340271	615	7.407421012662699	0	43
0.8400001525878906	658	7.407421012662699	0	39
0.8450002670288086	697	7.407421012662699	0	30
0.8500001430511475	727	7.407421012662699	0	17
0.8550009727478027	744	7.407421012662699	0	6
0.8600013256072998	750	7.407421012662699	0	-8
0.8650004863739014	742	7.407421012662699	0	-23
0.8700010776519775	719	7.142876119080179	1	-37
0.8750004768371582	682	7.142876119080179	0	-39
0.8800013065338135	643	7.142876119080179	0	-31
0.8850002288818359	612	7.142876119080179	0	-18
0.8900010585784912	594	7.142876119080179	0	-10
0.8950009346008301	584	7.142876119080179	0	-1
0.9000015258789062	583	7.142876119080179	0	6
0.9050006866455078	589	7.142876119080179	0	19
0.9100003242492676	608	7.142888283378746	1	27
0.915001392364502	635	7.142888283378746	0	33
0.9200010299682617	668	7.142888283378746	0	28
0.9250001907348633	696	7.142888283378746	0	16
0.9300012588500977	712	7.142888283378746	0	-3
0.9350006580352783	709	7.142888283378746	0	-24
0.9400002956390381	685	7.142851790607337	1	-36
0.945000171661377	649	7.142851790607337	0	-36
0.9500010013580322	613	7.142851790607337	0	-25
0.9550008773803711	588	7.142851790607337	0	-12
0.96000075340271	576	7.142851790607337	0	-1
0.9650008678436279	575	7.142851790607337	0	11
0.9700005054473877	586	7.142839626433062	1	26
0.9750001430511475	612	7.142839626433062	0	41
0.9800004959106445	653	7.142839626433062	0	43
0.9850001335144043	696	7.142839626433062	0	31
0.9900004863739014	727	7.142839626433062	0	18
0.9950013160705566	745	7.142839626433062	0	5
1.0000009536743164	750	7.142839626433062	0	-8
1.0050005912780762	742	7.142839626433062	0	-25
1.0100009441375732	717	7.142863954823042	1	-41
1.015000581741333	676	7.142863954823042	0	-39
1.020000696182251	637	7.142863954823042	0	-29
1.025000810623169	608	7.142863954823042	0	-17
1.030001163482666	591	7.142863954823042	0	-7
1.035001516342163	584	7.142863954823042	0	-1
1.0400004386901855	583	7.142863954823042	0	8
1.04500150680542	591	7.142863954823042	0	17
1.0500006675720215	608	7.142839626433062	1	30
1.0550007820129395	638	7.142839626433062	0	33
1.0600011348724365	671	7.142839626433062	0	27
1.0650012493133545	698	7.142839626433062	0	14
1.070000410079956	712	7.142839626433062	0	-4
1.0750010013580322	708	7.142839626433062	0	-22
1.0800001621246338	686	7.142863954823042	1	-36
1.085000991821289	650	7.142863954823042	0	-36
1.090001106262207	614	7.142863954823042	0	-26
1.0950007438659668	588	7.142863954823042	0	-12
1.1000001430511475	576	7.142863954823042	0	-2
1.1050009727478027	574	7.142863954823042	0	12
1.1100003719329834	586	7.142863954823042	1	25
1.1150002479553223	611	7.142863954823042	0	42
1.1200001239776611	653	7.142863954823042	0	44
1.125000238418579	697	7.142863954823042	0	32
1.1300010681152344	729	7.142863954823042	0	16
1.1350011825561523	745	7.142863954823042	0	5
1.1400012969970703	750	7.142863954823042	0	-8
1.1450004577636719	742	7.142863954823042	0	-27
1.1500005722045898	715	7.142876119080179	1	-39
1.1550006866455078	676	7.142876119080179	0	-39
1.1600010395050049	637	7.142876119080179	0	-27
1.1650011539459229	610	7.142876119080179	0	-16
1.1700007915496826	594	7.142876119080179	0	-10
1.1750001907348633	584	7.142876119080179	0	-1
1.1800003051757812	583	7.142876119080179	0	7
1.1850006580352783	590	7.142876119080179	0	17
1.190000295639038	607	7.142876119080179	1	27
1.1950006484985352	634	7.142876119080179	0	34
1.2000010013580322	668	7.142876119080179	0	28
1.205000400543213	696	7.142876119080179	0	16
1.21000075340271	712	7.142876119080179	0	-3
1.215001106262207	709	7.142876119080179	0	-22
1.2200002670288086	687	7.142851790607337	1	-36
1.2250006198883057	651	7.142851790607337	0	-36
1.2300007343292236	615	7.142851790607337	0	-26
1.2350010871887207	589	7.142851790607337	0	-13
1.2400009632110596	576	7.142851790607337	0	-2
1.2450013160705566	574	7.142851790607337	0	10
1.2500016689300537	584	7.14279097015027	1	26
1.2550005912780762	610	7.14279097015027	0	42
1.2600009441375732	652	7.14279097015027	0	44
1.2650012969970703	696	7.14279097015027	0	32
1.2700004577636719	728	7.14279097015027	0	17
1.2750005722045898	745	7.14279097015027	0	5
1.280000925064087	750	7.14279097015027	0	-9
1.2850003242492676	741	7.407421012662699	1	-24
1.2900009155273438	717	7.407421012662699	0	-36
1.2950010299682617	681	7.407421012662699	0	-38
1.3000006675720215	643	7.407421012662699	0	-30
1.3050005435943604	613	7.407421012662699	0	-18
1.3100008964538574	595	7.407421012662699	0	-10
1.3150005340576172	585	7.407421012662699	0	-2
1.3200006484985352	583	7.407421012662699	0	7
1.3250014781951904	590	7.407421012662699	0	15
1.3300001621246338	605	7.142863954823042	1	28
1.3350002765655518	633	7.142863954823042	0	34
1.340001106262207	667	7.142863954823042	0	29
1.3450007438659668	696	7.142863954823042	0	16
1.3500001430511475	712	7.142863954823042	0	-1
1.3550002574920654	711	7.142863954823042	0	-23
1.3600006103515625	688	7.142839626433062	1	-37
1.3650014400482178	651	7.142839626433062	0	-36
1.3700006008148193	615	7.142839626433062	0	-26
1.3750011920928955	589	7.142839626433062	0	-13
1.3800010681152344	576	7.142839626433062	0	-1
1.3850011825561523	575	7.142839626433062	0	9
1.390000581741333	584	7.142912612100178	1	25
1.3950011730194092	609	7.142912612100178	0	39
1.4000012874603271	648	7.142912612100178	0	44
1.4050006866455078	692	7.142912612100178	0	31
1.4100003242492676	723	7.142912612100178	0	20
1.4150002002716064	743	7.142912612100178	0	6
1.4200007915496826	749	7.142912612100178	0	-5
1.4250013828277588	744	7.142912612100178	0	-21
1.4300012588500977	723	6.89650727254192	1	-36
1.4350004196166992	687	6.89650727254192	0	-41
1.4400012493133545	646	6.89650727254192	0	-32
1.4450008869171143	614	6.89650727254192	0	-19
1.4500017166137695	595	6.89650727254192	0	-10
1.4550011157989502	585	6.89650727254192	0	-2
1.46000075340271	583	6.89650727254192	0	5
1.465001106262207	588	6.89650727254192	0	15
1.470001459121704	603	7.14279097015027	1	27
1.475001335144043	630	7.14279097015027	0	34
1.4800009727478027	664	7.14279097015027	0	28
1.4850001335144043	692	7.14279097015027	0	18
1.4900002479553223	710	7.14279097015027	0	2
1.4950006008148193	712	7.14279097015027	0	-18
1.500000238418579	694	7.142876119080179	1	-34
1.5050005912780762	660	7.142876119080179	0	-37
1.5100014209747314	623	7.142876119080179	0	-29
1.515000581741333	594	7.142876119080179	0	-15
1.52000093460083	579	7.142876119080179	0	-5
1.525000810623169	574	7.142876119080179	0	8
1.530000925064087	582	7.142876119080179	0	22
1.5350003242492676	604	6.8965639711069056	1	38
1.5400006771087646	642	6.8965639711069056	0	44
1.54500150680542	686	6.8965639711069056	0	35
1.5500006675720215	721	6.8965639711069056	0	19
1.5550007820129395	740	6.8965639711069056	0	9
1.5600004196166992	749	6.8965639711069056	0	-4
1.5650010108947754	745	6.8965639711069056	0	-19
1.5700008869171143	726	7.142876119080179	1	-34
1.5750010013580322	692	7.142876119080179	0	-41
1.5800001621246338	651	7.142876119080179	0	-33
1.5850014686584473	618	7.142876119080179	0	-21
1.590000867843628	597	7.142876119080179	0	-11
1.5950002670288086	586	7.142876119080179	0	-4
1.6000001430511475	582	7.142876119080179	0	3
1.6050009727478027	585	7.142876119080179	0	14
1.6100010871887207	599	7.142876119080179	1	24
1.6150007247924805	623	7.142876119080179	0	32
1.6200006008148193	655	7.142876119080179	0	32
1.625000238418579	687	7.142876119080179	0	22
1.6300008296966553	709	7.142876119080179	0	3
1.6350011825561523	712	7.142876119080179	0	-16
1.6400015354156494	696	7.14279097015027	1	-33
1.64500093460083	663	7.14279097015027	0	-39
1.650001049041748	624	7.14279097015027	0	-30
1.6550002098083496	594	7.14279097015027	0	-16
1.6600005626678467	578	7.14279097015027	0	-5
1.6650006771087646	573	7.14279097015027	0	7
1.6700012683868408	580	7.14279097015027	0	23
1.6750009059906006	603	7.142827462300219	1	39
1.6800012588500977	642	7.142827462300219	0	45
1.6850001811981201	687	7.142827462300219	0	32
1.6900005340576172	719	7.142827462300219	0	21
1.6950006484985352	740	7.142827462300219	0	9
1.700000286102295	749	7.142827462300219	0	-4
1.7050001621246338	745	7.142827462300219	0	-15
1.710000991821289	730	7.142851790607337	1	-34
1.7150006294250488	696	7.142851790607337	0	-40
1.720000982284546	656	7.142851790607337	0	-35
1.7250006198883057	621	7.142851790607337	0	-22
1.73000168800354	599	7.142851790607337	0	-11
1.7350008487701416	588	7.142851790607337	0	-5
1.7400004863739014	583	7.142851790607337	0	3
1.7450008392333984	586	7.142851790607337	0	12
1.7500004768371582	598	7.142888283378746	1	27
1.7550010681152344	625	7.142888283378746	0	31
1.7600011825561523	656	7.142888283378746	0	31
1.765000343322754	687	7.142888283378746	0	20
1.7700002193450928	707	7.142888283378746	0	4
1.7750012874603271	711	7.142888283378746	0	-16
1.780001163482666	695	7.142876119080179	1	-33
1.7850003242492676	662	7.142876119080179	0	-38
1.790001392364502	624	7.142876119080179	0	-30
1.7950010299682617	594	7.142876119080179	0	-16
1.8000001907348633	578	7.142876119080179	0	-5
1.8050007820129395	573	7.142876119080179	0	7
1.8100008964538574	580	7.142876119080179	0	22
1.8150010108947754	602	7.142851790607337	1	40
1.820000171661377	642	7.142851790607337	0	43
1.825000286102295	685	7.142851790607337	0	34
1.830000638961792	719	7.142851790607337	0	20
1.8350002765655518	739	7.142851790607337	0	10
1.8400006294250488	749	7.142851790607337	0	-3
1.8450007438659668	746	7.142851790607337	0	-18
1.8500010967254639	728	7.142851790607337	1	-35
1.8550004959106445	693	7.142851790607337	0	-39
1.8600008487701416	654	7.142851790607337	0	-34
1.8650004863739014	620	7.142851790607337	0	-22
1.8700008392333984	598	7.142851790607337	0	-12
1.8750004768371582	586	7.142851790607337	0	-1
1.8800015449523926	585	7.142851790607337	0	1
1.8850009441375732	586	7.142851790607337	0	14
1.8900010585784912	600	7.142827462300219	1	25
1.8950002193450928	625	7.142827462300219	0	32
1.9000015258789062	657	7.142827462300219	0	25
1.9050014019012451	682	7.142827462300219	0	25
1.9100003242492676	707	7.142827462300219	0	5
1.9150002002716064	712	7.142827462300219	0	-14
1.9200012683868408	698	7.142851790607337	1	-32
1.9250011444091797	666	7.142851790607337	0	-38
1.9300003051757812	628	7.142851790607337	0	-30
1.9350011348724365	598	7.142851790607337	0	-18
1.9400005340576172	580	7.142851790607337	0	-6
1.945000410079956	574	7.142851790607337	0	5
1.9500010013580322	579	7.142851790607337	0	19
1.955000400543213	598	7.142888283378746	1	36
1.9600002765655518	634	7.142888283378746	0	43
1.9650001525878906	677	7.142888283378746	0	38
1.9700016975402832	715	7.142888283378746	0	23
1.9750008583068848	738	7.142888283378746	0	11
1.9800009727478027	749	7.142888283378746	0	-3
1.9850010871887207	746	7.142888283378746	0	-16
1.9900014400482178	730	7.142839626433062	1	-34
1.9950006008148193	696	7.142839626433062	0	-42
2.000000238418579	654	7.142839626433062	0	-35
2.0050013065338135	619	7.142839626433062	0	-21
2.0100014209747314	598	7.142839626433062	0	-12
2.015000343322754	586	7.142839626433062	0	-4
2.020001173019409	582	7.142839626433062	0	3
2.0250003337860107	585	7.142839626433062	0	13
2.030000686645508	598	7.142876119080179	1	24
2.0350005626678467	622	7.142876119080179	0	32
2.0400004386901855	654	7.142876119080179	0	34
2.045001268386841	688	7.142876119080179	0	17
2.0500004291534424	705	7.142876119080179	0	6
2.0550012588500977	711	7.142876119080179	0	-12
2.0600011348724365	699	7.142863954823042	1	-31
2.065000534057617	668	7.142863954823042	0	-38
2.070000410079956	630	7.142863954823042	0	-31
2.0750010013580322	599	7.142863954823042	0	-18
2.080000877380371	581	7.142863954823042	0	-8
2.08500075340271	573	7.142863954823042	0	4
2.090000867843628	577	7.142863954823042	0	20
2.095001220703125	597	7.142815298208806	1	34
2.1000006198883057	631	7.142815298208806	0	46
2.1050009727478027	677	7.142815298208806	0	38
2.1100001335144043	715	7.142815298208806	0	23
2.1150009632110596	738	7.142815298208806	0	11
2.120000123977661	749	7.142815298208806	0	-2
2.125000476837158	747	7.142815298208806	0	-17
2.130000352859497	730	7.142912612100178	1	-33
2.135000467300415	697	7.142912612100178	0	-41
2.1400012969970703	656	7.142912612100178	0	-33
2.14500093460083	623	7.142912612100178	0	-23
2.150001049041748	600	7.142912612100178	0	-14
2.1550002098083496	586	7.142912612100178	0	-4
2.160001277923584	582	7.142912612100178	0	2
2.165001153945923	584	7.142912612100178	0	12
2.1700003147125244	596	7.142876119080179	1	23
2.1750001907348633	619	7.142876119080179	0	33
2.1800012588500977	652	7.142876119080179	0	31
2.18500018119812	683	7.142876119080179	0	22
2.190000295639038	705	7.142876119080179	0	7
2.195000410079956	712	7.142876119080179	0	-12
2.200000286102295	700	7.1429004477187465	1	-28
2.205000162124634	672	7.1429004477187465	0	-38
2.2100002765655518	634	7.1429004477187465	0	-33
2.2150001525878906	601	7.1429004477187465	0	-19
2.2200005054473877	582	7.1429004477187465	0	-8
2.2250003814697266	574	7.1429004477187465	0	4
2.2300007343292236	578	7.1429004477187465	0	20
2.2350013256073	598	7.142851790607337	1	35
2.2400007247924805	633	7.142851790607337	0	46
2.245000123977661	679	7.142851790607337	0	37
2.250000476837158	716	7.142851790607337	0	21
2.2550013065338135	737	7.142851790607337	0	11
2.260000228881836	748	7.142851790607337	0	-2
2.2650012969970703	746	7.142851790607337	0	-15
2.270000457763672	731	7.142851790607337	1	-32
2.275001049041748	699	7.142851790607337	0	-39
2.280001163482666	660	7.142851790607337	0	-34
2.285000801086426	626	7.142851790607337	0	-24
2.2900006771087646	602	7.142851790607337	0	-14
2.2950003147125244	588	7.142851790607337	0	-5
2.3000001907348633	583	7.142851790607337	0	3
2.3050005435943604	586	7.142851790607337	0	13
2.3100008964538574	599	7.142827462300219	1	24
2.315000295639038	623	7.142827462300219	0	35
2.320000410079956	658	7.142827462300219	0	31
2.325000286102295	689	7.142827462300219	0	19
2.330000877380371	708	7.142827462300219	0	4
2.335000991821289	712	7.142827462300219	0	-18
2.3400001525878906	694	7.142863954823042	1	-32
2.345000982284546	662	7.142863954823042	0	-36
2.3500003814697266	626	7.142863954823042	0	-30
2.3550007343292236	596	7.142863954823042	0	-16
2.3600013256073	580	7.142863954823042	0	-6
2.3650014400482178	574	7.142863954823042	0	5
2.3700008392333984	579	7.142863954823042	0	19
2.3750007152557373	598	7.142888283378746	1	35
2.3800015449523926	633	7.142888283378746	0	44
2.385000705718994	677	7.142888283378746	0	37
2.390000343322754	714	7.142888283378746	0	23
2.395000696182251	737	7.142888283378746	0	11
2.400001049041748	748	7.142888283378746	0	-2
2.405001163482666	746	7.142888283378746	0	-14
2.4100003242492676	732	7.142863954823042	1	-35
2.4150009155273438	697	7.142863954823042	0	-41
2.4200007915496826	656	7.142863954823042	0	-35
2.4250011444091797	621	7.142863954823042	0	-23
2.4300012588500977	598	7.142863954823042	0	-11
2.4350011348724365	587	7.142863954823042	0	-5
2.4400007724761963	582	7.142863954823042	0	4
2.445000648498535	586	7.142863954823042	0	14
2.450000524520874	600	7.142876119080179	1	25
2.455000400543213	625	7.142876119080179	0	33
2.4600002765655518	658	7.142876119080179	0	31
2.465000629425049	689	7.142876119080179	0	19
2.4700002670288086	708	7.142876119080179	0	4
2.4750001430511475	712	7.142876119080179	0	-17
2.4800002574920654	695	7.142851790607337	1	-31
2.4850010871887207	664	7.142851790607337	0	-38
2.4900004863739014	626	7.142851790607337	0	-29
2.4950010776519775	597	7.142851790607337	0	-17
2.5000009536743164	580	7.142851790607337	0	-7
2.505000352859497	573	7.142851790607337	0	6
2.5100011825561523	579	7.142851790607337	0	18
2.5150012969970703	597	7.142827462300219	1	35
2.520000457763672	632	7.142827462300219	0	45
2.525001049041748	677	7.142827462300219	0	38
2.530000686645508	715	7.142827462300219	0	23
2.535001277923584	738	7.142827462300219	0	11
2.5400009155273438	749	7.142827462300219	0	-3
2.5450003147125244	746	7.142827462300219	0	-17
2.550001382827759	729	7.142803134158823	1	-35
2.5550007820129395	694	7.142803134158823	0	-40
2.560000419616699	654	7.142803134158823	0	-36
2.5650010108947754	618	7.142803134158823	0	-19
2.570000171661377	599	7.142803134158823	0	-13
2.575000524520874	586	7.142803134158823	0	-4
2.58000111579895	582	7.142803134158823	0	5
2.5850014686584473	587	7.142803134158823	0	15
2.5900001525878906	602	7.142876119080179	1	27
2.5950005054473877	629	7.142876119080179	0	33
2.600001096725464	662	7.142876119080179	0	30
2.6050007343292236	692	7.142876119080179	0	17
2.6100008487701416	709	7.142876119080179	0	1
2.6150002479553223	710	7.142876119080179	0	-18
2.6200010776519775	692	7.142815298208806	1	-33
2.625000238418579	659	7.142815298208806	0	-36
2.630000352859497	623	7.142815298208806	0	-29
2.635000228881836	594	7.142815298208806	0	-16
2.6400012969970703	578	7.142815298208806	0	-5
2.645001173019409	573	7.142815298208806	0	7
2.650001049041748	580	7.142815298208806	0	21
2.6550004482269287	601	7.1429004477187465	1	37
2.6600005626678467	638	7.1429004477187465	0	45
2.6650002002716064	683	7.1429004477187465	0	43
2.6700007915496826	726	7.1429004477187465	0	14
2.6750006675720215	740	7.1429004477187465	0	9
2.6800003051757812	749	7.1429004477187465	0	-4
2.685000419616699	745	7.1429004477187465	0	-21
2.690000534057617	724	7.1429004477187465	1	-37
2.695000648498535	687	7.1429004477187465	0	-42
2.700000524520874	645	7.1429004477187465	0	-33
2.705000638961792	612	7.1429004477187465	0	-18
2.710000991821289	594	7.1429004477187465	0	-9
2.7150001525878906	585	7.1429004477187465	0	-2
2.7200002670288086	583	7.1429004477187465	0	5
2.7250003814697266	588	7.1429004477187465	0	19
2.7300007343292236	607	7.142827462300219	1	23
2.7350008487701416	630	7.142827462300219	0	33
2.7400007247924805	663	7.142827462300219	0	29
2.7450003623962402	692	7.142827462300219	0	18
2.7500014305114746	710	7.142827462300219	0	1
2.7550010681152344	711	7.142827462300219	0	-21
2.7600009441375732	690	7.142863954823042	1	-35
2.7650012969970703	655	7.142863954823042	0	-38
2.77000093460083	617	7.142863954823042	0	-27
2.775001287460327	590	7.142863954823042	0	-14
2.780001163482666	576	7.142863954823042	0	-1
2.785001039505005	575	7.142863954823042	0	10
2.7900006771087646	585	7.407394848754574	1	24
2.7950010299682617	609	7.407394848754574	0	38
2.8000001907348633	647	7.407394848754574	0	43
2.8050003051757812	690	7.407394848754574	0	31
2.8100008964538574	721	7.407394848754574	0	19
2.8150014877319336	740	7.407394848754574	0	8
2.8200008869171143	748	7.407394848754574	0	-5
2.8250014781951904	743	7.407394848754574	0	-21
2.83000111579895	722	7.142827462300219	1	-34
2.835000514984131	688	7.142827462300219	0	-41
2.840000867843628	647	7.142827462300219	0	-34
2.845001459121704	613	7.142827462300219	0	-19
2.8500008583068848	594	7.142827462300219	0	-9
2.8550007343292236	585	7.142827462300219	0	-1
2.8600008487701416	584	7.142827462300219	0	4
2.8650014400482178	588	7.142827462300219	0	18
2.8700006008148193	606	7.142863954823042	1	27
2.8750011920928955	633	7.142863954823042	0	35
2.8800010681152344	668	7.142863954823042	0	30
2.885000705718994	698	7.142863954823042	0	14
2.890000581741333	712	7.142863954823042	0	-3
2.89500093460083	709	7.142863954823042	0	-21
2.900001287460327	688	7.142839626433062	1	-35
2.9050002098083496	653	7.142839626433062	0	-36
2.910001039505005	617	7.142839626433062	0	-26
2.9150002002716064	591	7.142839626433062	0	-12
2.9200005531311035	579	7.142839626433062	0	-4
2.9250006675720215	575	7.142839626433062	0	9
2.9300005435943604	584	7.142839626433062	0	25
2.9350011348724365	609	6.896529951856041	1	41
2.9400010108947754	650	6.896529951856041	0	47
2.9450008869171143	697	6.896529951856041	0	30
2.950000524520874	727	6.896529951856041	0	19
2.9550013542175293	746	6.896529951856041	0	3
2.960000514984131	749	6.896529951856041	0	-10
2.965001344680786	739	7.407394848754574	1	-28
2.970001697540283	711	7.407394848754574	0	-36
2.975001335144043	675	7.407394848754574	0	-38
2.9800004959106445	637	7.407394848754574	0	-28
2.9850008487701416	609	7.407394848754574	0	-17
2.9900004863739014	592	7.407394848754574	0	-9
2.9950003623962402	583	7.407394848754574	0	0
3.0000011920928955	583	7.407394848754574	0	7
3.005000591278076	590	7.407394848754574	0	18
3.010000467300415	608	7.142863954823042	1	29
3.015001058578491	637	7.142863954823042	0	35
3.0200002193450928	672	7.142863954823042	0	27
3.025000810623169	699	7.142863954823042	0	14
3.030001163482666	713	7.142863954823042	0	-6
3.0350003242492676	707	7.142863954823042	0	-26
3.0400002002716064	681	7.142912612100178	1	-36
3.0450007915496826	645	7.142912612100178	0	-37
3.0500009059906006	608	7.142912612100178	0	-23
3.0550010204315186	585	7.142912612100178	0	-9
3.0600011348724365	576	7.142912612100178	0	0
3.0650012493133545	576	7.142912612100178	0	16
3.0700011253356934	592	7.407407930685533	1	28
3.075000286102295	620	7.407407930685533	0	45
3.080000877380371	665	7.407407930685533	0	40
3.085000991821289	705	7.407407930685533	0	27
3.0900001525878906	732	7.407407930685533	0	15
3.095001459121704	747	7.407407930685533	0	2
3.1000001430511475	749	7.407407930685533	0	-13
3.1050004959106445	736	7.1429004477187465	1	-28
3.1100006103515625	708	7.1429004477187465	0	-40
3.1150012016296387	668	7.1429004477187465	0	-38
3.1200006008148193	630	7.1429004477187465	0	-26
3.125000476837158	604	7.1429004477187465	0	-14
3.130000352859497	590	7.1429004477187465	0	-6
3.135000228881836	584	7.1429004477187465	0	0
3.1400015354156494	584	7.1429004477187465	0	9
3.1450002193450928	593	7.1429004477187465	0	20
3.1500003337860107	613	7.142863954823042	1	30
3.155001163482666	643	7.142863954823042	0	34
3.160001277923584	677	7.142863954823042	0	24
3.1650004386901855	701	7.142863954823042	0	11
3.1700007915496826	712	7.142863954823042	0	-8
3.1750001907348633	704	7.142863954823042	0	-27
3.1800010204315186	677	7.142815298208806	1	-38
3.1850006580352783	639	7.142815298208806	0	-35
3.1900010108947754	604	7.142815298208806	0	-22
3.195000171661377	582	7.142815298208806	0	-8
3.2000012397766113	574	7.142815298208806	0	3
3.205000400543213	577	7.142815298208806	0	16
3.21000075340271	593	7.142876119080179	1	33
3.215000867843628	626	7.142876119080179	0	46
3.2200002670288086	672	7.142876119080179	0	40
3.2250008583068848	712	7.142876119080179	0	24
3.230001449584961	736	7.142876119080179	0	12
3.2350006103515625	748	7.142876119080179	0	0
3.2400004863739014	748	7.142876119080179	0	-14
3.245000123977661	734	7.142876119080179	1	-29
3.2500011920928955	705	7.142876119080179	0	-40
3.2550013065338135	665	7.142876119080179	0	-35
3.260000705718994	630	7.142876119080179	0	-26
3.265001058578491	604	7.142876119080179	0	-14
3.270001173019409	590	7.142876119080179	0	-7
3.2750003337860107	583	7.142876119080179	0	2
3.280001163482666	585	7.142876119080179	0	12
3.2850005626678467	597	7.407394848754574	1	24
3.290001153945923	621	7.407394848754574	0	33
3.295001268386841	654	7.407394848754574	0	32
3.3000004291534424	686	7.407394848754574	0	21
3.3050012588500977	707	7.407394848754574	0	5
3.310000419616699	712	7.407394848754574	0	-15
3.3150010108947754	697	7.407407930685533	1	-30
3.320000171661377	667	7.407407930685533	0	-38
3.3250010013580322	629	7.407407930685533	0	-30
3.33000111579895	599	7.407407930685533	0	-17
3.335000514984131	582	7.407407930685533	0	-9
3.3400003910064697	573	7.407407930685533	0	6
3.345000743865967	579	7.407407930685533	0	17
3.350001096725464	596	7.142839626433062	1	35
3.3550002574920654	631	7.142839626433062	0	44
3.3600001335144043	675	7.142839626433062	0	38
3.3650009632110596	713	7.142839626433062	0	20
3.370000123977661	733	7.142839626433062	0	15
3.3750009536743164	748	7.142839626433062	0	0
3.380000591278076	748	7.142839626433062	0	-16
3.3850011825561523	732	7.142803134158823	1	-33
3.390001058578491	699	7.142803134158823	0	-40
3.39500093460083	659	7.142803134158823	0	-38
3.400001049041748	621	7.142803134158823	0	-22
3.405000686645508	599	7.142803134158823	0	-12
3.4100005626678467	587	7.142803134158823	0	-5
3.4150009155273438	582	7.142803134158823	0	9
3.4200007915496826	591	7.142803134158823	0	9
3.4250004291534424	600	7.142803134158823	0	23
3.4300005435943604	623	6.896552631319326	1	36
3.43500018119812	659	6.896552631319326	0	30
3.4400012493133545	689	6.896552631319326	0	20
3.4450011253356934	709	6.896552631319326	0	3
3.4500012397766113	712	6.896552631319326	0	-17
3.45500111579895	695	7.142851790607337	1	-30
3.460001230239868	665	7.142851790607337	0	-39
3.465000867843628	626	7.142851790607337	0	-29
3.470000982284546	597	7.142851790607337	0	-17
3.4750008583068848	580	7.142851790607337	0	-7
3.480001211166382	573	7.142851790607337	0	5
3.4850008487701416	578	7.142851790607337	0	19
3.4900002479553223	597	7.1429004477187465	1	35
3.4950003623962402	632	7.1429004477187465	0	44
3.5000011920928955	676	7.1429004477187465	0	37
3.5050010681152344	713	7.1429004477187465	0	24
3.510000228881836	737	7.1429004477187465	0	11
3.515001058578491	748	7.1429004477187465	0	-1
3.52000093460083	747	7.1429004477187465	0	-18
3.52500057220459	729	7.142888283378746	1	-34
3.530000686645508	695	7.142888283378746	0	-41
3.535000801086426	654	7.142888283378746	0	-35
3.5400009155273438	619	7.142888283378746	0	-22
3.545001268386841	597	7.142888283378746	0	-11
3.5500011444091797	586	7.142888283378746	0	-3
3.5550007820129395	583	7.142888283378746	0	4
3.5600011348724365	587	7.142888283378746	0	14
3.565000534057617	601	7.407407930685533	1	27
3.570000410079956	628	7.407407930685533	0	33
3.575000286102295	661	7.407407930685533	0	29
3.580000162124634	690	7.407407930685533	0	20
3.585001230239868	710	7.407407930685533	0	1
3.5900001525878906	711	7.407407930685533	0	-18
3.5950005054473877	693	7.142888283378746	1	-32
3.6000006198883057	661	7.142888283378746	0	-36
3.6050009727478027	625	7.142888283378746	0	-31
3.6100006103515625	594	7.142888283378746	0	-16
3.6150009632110596	578	7.142888283378746	0	-7
3.6200006008148193	571	7.142888283378746	0	8
3.6250009536743164	579	7.142888283378746	0	22
3.6300010681152344	601	7.142815298208806	1	35
3.635000705718994	636	7.142815298208806	0	44
3.6400012969970703	680	7.142815298208806	0	37
3.645000457763672	717	7.142815298208806	0	22
3.65000057220459	739	7.142815298208806	0	10
3.655001163482666	749	7.142815298208806	0	-5
3.660001039505005	744	7.142815298208806	0	-21
3.6650004386901855	723	7.142863954823042	1	-38
3.6700007915496826	685	7.142863954823042	0	-41
3.6750009059906006	644	7.142863954823042	0	-32
3.6800007820129395	612	7.142863954823042	0	-19
3.6850008964538574	593	7.142863954823042	0	-9
3.6900014877319336	584	7.142863954823042	0	-2
3.6950016021728516	582	7.142863954823042	0	8
3.700000286102295	590	7.142863954823042	0	15
3.705000400543213	605	7.142863954823042	1	28
3.710000991821289	633	7.142863954823042	0	35
3.715001344680786	668	7.142863954823042	0	27
3.720001220703125	695	7.142863954823042	0	17
3.7250003814697266	712	7.142863954823042	0	-2
3.7300004959106445	710	7.142863954823042	0	-22
3.7350006103515625	688	7.142851790607337	1	-36
3.7400004863739014	652	7.142851790607337	0	-37
3.745000123977661	615	7.142851790607337	0	-26
3.7500011920928955	589	7.142851790607337	0	-13
3.755000591278076	576	7.142851790607337	0	0
3.760000705718994	576	7.142851790607337	0	11
3.765001058578491	587	7.407407930685533	1	26
3.77000093460083	613	7.407407930685533	0	40
3.775001049041748	653	7.407407930685533	0	41
3.7800004482269287	694	7.407407930685533	0	32
3.7850003242492676	726	7.407407930685533	0	17
3.7900006771087646	743	7.407407930685533	0	6
3.7950007915496826	749	7.407407930685533	0	-7
3.8000006675720215	742	7.407407930685533	0	-24
3.8050003051757812	718	7.142863954823042	1	-35
3.810000419616699	683	7.142863954823042	0	-40
3.8150007724761963	643	7.142863954823042	0	-34
3.820000648498535	609	7.142863954823042	0	-15
3.8250010013580322	594	7.142863954823042	0	-12
3.830000400543213	582	7.142863954823042	0	0
3.835001230239868	582	7.142863954823042	0	7
3.840000867843628	589	7.142863954823042	0	17
3.8450002670288086	606	7.142863954823042	1	28
3.8500006198883057	634	7.142863954823042	0	33
3.8550009727478027	667	7.142863954823042	0	31
3.8600008487701416	698	7.142863954823042	0	14
3.8650012016296387	712	7.142863954823042	0	-3
3.8700006008148193	709	7.142863954823042	0	-24
3.8750009536743164	685	7.142839626433062	1	-37
3.8800013065338135	648	7.142839626433062	0	-35
3.8850011825561523	613	7.142839626433062	0	-25
3.890000820159912	588	7.142839626433062	0	-12
3.895001173019409	576	7.142839626433062	0	-1
3.9000015258789062	575	7.142839626433062	0	11
3.9050002098083496	586	7.1429004477187465	1	26
3.9100003242492676	612	7.1429004477187465	0	41
3.9150006771087646	653	7.1429004477187465	0	44
3.9200007915496826	697	7.1429004477187465	0	31
3.9250001907348633	728	7.1429004477187465	0	16
3.9300012588500977	744	7.1429004477187465	0	5
3.9350013732910156	749	7.1429004477187465	0	-10
3.9400012493133545	739	7.407355603238938	1	-27
3.9450013637542725	712	7.407355603238938	0	-40
3.9500010013580322	672	7.407355603238938	0	-41
3.955000162124634	631	7.407355603238938	0	-23
3.960000514984131	608	7.407355603238938	0	-16
3.965001106262207	592	7.407355603238938	0	-8
3.9700005054473877	584	7.407355603238938	0	-1
3.9750006198883057	583	7.407355603238938	0	8
3.9800004959106445	591	7.407355603238938	0	18
3.9850010871887207	609	7.142815298208806	1	29
3.9900004863739014	638	7.142815298208806	0	37
3.9950003623962402	675	7.142815298208806	0	23
4.000000476837158	698	7.142815298208806	0	13
4.005000352859497	711	7.142815298208806	0	-5
4.010000228881836	706	7.142815298208806	0	-25
4.01500129699707	681	7.142839626433062	1	-39
4.02000093460083	642	7.142839626433062	0	-34
4.02500057220459	608	7.142839626433062	0	-22
4.030000686645508	586	7.142839626433062	0	-12
4.035001039505005	574	7.142839626433062	0	1
4.040001153945923	575	7.142839626433062	0	14
4.045001745223999	589	7.142778806183148	1	30
4.05000114440918	619	7.142778806183148	0	46
4.05500054359436	665	7.142778806183148	0	40
4.0600011348724365	705	7.142778806183148	0	27
4.065001726150513	732	7.142778806183148	0	13
4.070000886917114	745	7.142778806183148	0	4
4.075000762939453	749	7.142778806183148	0	-12
4.080000162124634	737	7.142912612100178	1	-28
4.085000991821289	709	7.142912612100178	0	-39
4.090001106262207	670	7.142912612100178	0	-36
4.095001220703125	634	7.142912612100178	0	-27
4.1000001430511475	607	7.142912612100178	0	-17
4.105000972747803	590	7.142912612100178	0	-6
4.110000848770142	584	7.142912612100178	0	-1
4.115000247955322	583	7.142912612100178	0	8
4.120000600814819	591	7.142912612100178	0	20
4.1250011920928955	611	7.142851790607337	1	29
4.130000352859497	640	7.142851790607337	0	34
4.135000467300415	674	7.142851790607337	0	26
4.140000820159912	700	7.142851790607337	0	14
4.145000219345093	714	7.142851790607337	0	-7
4.150001049041748	707	7.142851790607337	0	-25
4.15500020980835	682	7.142912612100178	1	-39
4.160000562667847	643	7.142912612100178	0	-35
4.1650002002716064	608	7.142912612100178	0	-22
4.1700005531311035	586	7.142912612100178	0	-11
4.1750006675720215	575	7.142912612100178	0	0
4.18000054359436	575	7.142912612100178	0	8
4.185000896453857	583	7.142912612100178	0	34
4.1900012493133545	617	6.896575310931776	1	44
4.1950013637542725	661	6.896575310931776	0	42
4.200001239776611	703	6.896575310931776	0	28
4.20500111579895	731	6.896575310931776	0	16
4.21000075340271	747	6.896575310931776	0	2
4.215000629425049	749	6.896575310931776	0	-13
4.220000505447388	736	7.142839626433062	1	-29
4.225000858306885	707	7.142839626433062	0	-39
4.230000257492065	668	7.142839626433062	0	-35
4.235001564025879	633	7.142839626433062	0	-27
4.240001201629639	606	7.142839626433062	0	-16
4.245000123977661	590	7.142839626433062	0	-7
4.250000715255737	583	7.142839626433062	0	0
4.2550013065338135	583	7.142839626433062	0	9
4.260000944137573	592	7.142839626433062	0	19
4.265001058578491	611	7.142863954823042	1	29
4.27000093460083	640	7.142863954823042	0	34
4.275000333786011	674	7.142863954823042	0	26
4.280000448226929	700	7.142863954823042	0	16
4.285001039505005	716	7.142863954823042	0	-10
4.290001153945923	706	7.407355603238938	1	-26
4.2950005531311035	680	7.407355603238938	0	-38
4.30000114440918	642	7.407355603238938	0	-37
4.30500054359436	605	7.407355603238938	0	-21
4.310000896453857	584	7.407355603238938	0	-9
4.315001010894775	575	7.407355603238938	0	2
4.320000171661377	577	7.407355603238938	0	17
4.325001001358032	594	7.407421012662699	1	35
4.330000400543213	629	7.407421012662699	0	42
4.335000991821289	671	7.407421012662699	0	38
4.340000629425049	709	7.407421012662699	0	24
4.345001459121704	733	7.407421012662699	0	14
4.350001096725464	747	7.407421012662699	0	1
4.355001211166382	748	7.407421012662699	0	-10
4.3600013256073	738	7.142815298208806	1	-26
4.36500096321106	712	7.142815298208806	0	-36
4.370000123977661	676	7.142815298208806	0	-41
4.375000238418579	635	7.142815298208806	0	-28
4.380000591278076	607	7.142815298208806	0	-16
4.385000944137573	591	7.142815298208806	0	-8
4.390000581741333	583	7.142815298208806	0	1
4.395000696182251	584	7.142815298208806	0	10
4.400001287460327	594	7.407394848754574	1	23
4.405001163482666	617	7.407394848754574	0	33
4.410000801086426	650	7.407394848754574	0	32
4.4150004386901855	682	7.407394848754574	0	22
4.420000791549683	704	7.407394848754574	0	9
4.4250006675720215	713	7.407394848754574	0	-12
4.43000054359436	701	7.142888283378746	1	-28
4.43500018119812	673	7.142888283378746	0	-38
4.4400012493133545	635	7.142888283378746	0	-33
4.445000410079956	602	7.142888283378746	0	-19
4.450001239776611	583	7.142888283378746	0	-9
4.455000877380371	574	7.142888283378746	0	2
4.46000075340271	576	7.142888283378746	0	15
4.465000867843628	591	7.142863954823042	1	28
4.470000505447388	619	7.142863954823042	0	45
4.475001335144043	664	7.142863954823042	0	41
4.480001449584961	705	7.142863954823042	0	28
4.485000133514404	733	7.142863954823042	0	14
4.490001440048218	747	7.142863954823042	0	1
4.49500036239624	748	7.142863954823042	0	-13
4.500000238418579	735	7.142912612100178	1	-30
4.505000352859497	705	7.142912612100178	0	-41
4.510001182556152	664	7.142912612100178	0	-37
4.515000581741333	627	7.142912612100178	0	-25
4.520000696182251	602	7.142912612100178	0	-13
4.525001049041748	589	7.142912612100178	0	-3
4.530001163482666	586	7.142912612100178	0	-2
4.535000801086426	584	7.142912612100178	0	13
4.5400002002716064	597	7.142912612100178	1	24
4.545000791549683	621	7.142912612100178	0	32
4.5500006675720215	653	7.142912612100178	0	31
4.555001258850098	684	7.142912612100178	0	23
4.5600011348724365	707	7.142912612100178	0	6
4.565000534057617	713	7.142912612100178	0	-12
4.570000886917114	701	7.142839626433062	1	-31
4.575001239776611	670	7.142839626433062	0	-38
4.580000162124634	632	7.142839626433062	0	-32
4.585000276565552	600	7.142839626433062	0	-18
4.59000039100647	582	7.142839626433062	0	-9
4.595000743865967	573	7.142839626433062	0	5
4.600000858306885	578	7.142839626433062	0	16
4.605000972747803	594	7.142851790607337	1	35
4.610001087188721	629	7.142851790607337	0	44
4.615000247955322	673	7.142851790607337	0	39
4.62000036239624	712	7.142851790607337	0	25
4.6250011920928955	737	7.142851790607337	0	11
4.630001068115234	748	7.142851790607337	0	-3
4.635000467300415	745	7.142851790607337	0	-17
4.640001058578491	728	7.142815298208806	1	-35
4.645001173019409	693	7.142815298208806	0	-41
4.650001049041748	652	7.142815298208806	0	-35
4.655001163482666	617	7.142815298208806	0	-21
4.660001516342163	596	7.142815298208806	0	-11
4.665000915527344	585	7.142815298208806	0	-1
4.670000314712524	584	7.142815298208806	0	4
4.6750006675720215	588	7.142815298208806	0	17
4.680001258850098	605	7.142803134158823	1	26
4.685000658035278	631	7.142803134158823	0	32
4.690000534057617	663	7.142803134158823	0	28
4.695000648498535	691	7.142803134158823	0	19
4.700000524520874	710	7.142803134158823	0	2
4.705000877380371	712	7.142803134158823	0	-17
4.710000991821289	695	7.142851790607337	1	-35
4.715001106262207	660	7.142851790607337	0	-40
4.720001220703125	620	7.142851790607337	0	-27
4.725000381469727	593	7.142851790607337	0	-15
4.7300004959106445	578	7.142851790607337	0	-3
4.735001087188721	575	7.142851790607337	0	8
4.740000247955322	583	7.142851790607337	0	22
4.74500036239624	605	7.142888283378746	1	40
4.750000715255737	645	7.142888283378746	0	44
4.755000829696655	689	7.142888283378746	0	34
4.760000228881836	723	7.142888283378746	0	19
4.765000820159912	742	7.142888283378746	0	7
4.770001411437988	749	7.142888283378746	0	-7
4.775001049041748	742	7.142888283378746	0	-30
4.780000686645508	712	7.142876119080179	1	-34
4.785000324249268	678	7.142876119080179	0	-41
4.7900002002716064	637	7.142876119080179	0	-29
4.795001029968262	608	7.142876119080179	0	-17
4.800000905990601	591	7.142876119080179	0	-7
4.805001258850098	584	7.142876119080179	0	0
4.810000896453857	584	7.142876119080179	0	8
4.815000534057617	592	7.142876119080179	0	18
4.820000648498535	610	7.142888283378746	1	31
4.825001001358032	641	7.142888283378746	0	34
4.830000400543213	675	7.142888283378746	0	26
4.835000514984131	701	7.142888283378746	0	14
4.840000152587891	715	7.142888283378746	0	-7
4.845000743865967	708	7.142888283378746	0	-27
4.850001096725464	681	7.142851790607337	1	-38
4.855000257492065	643	7.142851790607337	0	-34
4.8600006103515625	609	7.142851790607337	0	-23
4.865000486373901	586	7.142851790607337	0	-11
4.870000839233398	575	7.142851790607337	0	2
4.875000476837158	577	7.142851790607337	0	14
4.880001544952393	591	7.407342521492805	1	31
4.885000944137573	622	7.407342521492805	0	44
4.890000581741333	666	7.407342521492805	0	42
4.89500093460083	708	7.407342521492805	0	27
4.900001049041748	735	7.407342521492805	0	13
4.905001163482666	748	7.407342521492805	0	0
4.910000324249268	748	7.407342521492805	0	-16
4.9150004386901855	732	7.407421012662699	1	-33
4.9200005531311035	699	7.407421012662699	0	-42
4.92500114440918	657	7.407421012662699	0	-35
4.93000054359436	622	7.407421012662699	0	-21
4.935001373291016	601	7.407421012662699	0	-13
4.940001010894775	588	7.407421012662699	0	-7
4.945000648498535	581	7.407421012662699	0	11
4.950000524520874	592	7.6923150282709685	1	6
4.955001354217529	598	7.6923150282709685	0	24
4.96000075340271	622	7.6923150282709685	0	32
4.965000152587891	654	7.6923150282709685	0	31
4.970000267028809	685	7.6923150282709685	0	22
4.975000858306885	707	7.6923150282709685	0	5
4.9800004959106445	712	7.6923150282709685	0	-15
4.985000133514404	697	7.407460258871442	1	-33
4.990001440048218	664	7.407460258871442	0	-38
4.995000600814819	626	7.407460258871442	0	-30
5.0000011920928955	596	7.407460258871442	0	-17
5.005000352859497	579	7.407460258871442	0	-6
5.0100014209747314	573	7.407460258871442	0	7
5.015000820159912	580	7.407460258871442	0	22
5.02000093460083	602	7.142888283378746	1	39
5.025000810623169	641	7.142888283378746	0	45
5.030001401901245	686	7.142888283378746	0	36
5.035000801086426	722	7.142888283378746	0	20
5.040000915527344	742	7.142888283378746	0	6
5.045000791549683	748	7.142888283378746	0	-4
5.050001382827759	744	7.142888283378746	0	-28
5.05500054359436	716	7.142851790607337	1	-36
5.0600011348724365	680	7.142851790607337	0	-39
5.065001487731934	641	7.142851790607337	0	-29
5.070000886917114	612	7.142851790607337	0	-18
5.075001001358032	594	7.142851790607337	0	-9
5.080000638961792	585	7.142851790607337	0	-2
5.08500075340271	583	7.142851790607337	0	6
5.09000039100647	589	7.142851790607337	0	17
5.095001220703125	606	6.896518612180335	1	30
5.100000381469727	636	6.896518612180335	0	33
5.105000972747803	669	6.896518612180335	0	29
5.110001087188721	698	6.896518612180335	0	14
5.1150007247924805	712	6.896518612180335	0	-5
5.12000036239624	707	6.896518612180335	0	-24
5.125000238418579	683	7.142851790607337	1	-38
5.1300013065338135	645	7.142851790607337	0	-36
5.135000705718994	609	7.142851790607337	0	-23
5.14000129699707	586	7.142851790607337	0	-12
5.145000219345093	574	7.142851790607337	0	2
5.150001287460327	576	7.142851790607337	0	13
5.15500020980835	589	7.407447176755653	1	32
5.160001039505005	621	7.407447176755653	0	45
5.165000677108765	666	7.407447176755653	0	41
5.1700005531311035	707	7.407447176755653	0	28
5.175000905990601	735	7.407447176755653	0	13
5.1800010204315186	748	7.407447176755653	0	0
5.185000419616699	748	7.407447176755653	0	-13
5.1900012493133545	735	7.407368685031277	1	-29
5.195001125335693	706	7.407368685031277	0	-42
5.200001001358032	664	7.407368685031277	0	-37
5.205000877380371	627	7.407368685031277	0	-24
5.210000514984131	603	7.407368685031277	0	-14
5.215000629425049	589	7.407368685031277	0	-8
5.220000505447388	581	7.407368685031277	0	4
5.225000381469727	585	7.407368685031277	0	10
5.230000257492065	595	7.407460258871442	1	24
5.235000371932983	619	7.407460258871442	0	31
5.240000486373901	650	7.407460258871442	0	29
5.24500036239624	679	7.407460258871442	0	27
5.250000476837158	706	7.407460258871442	0	7
5.255000352859497	713	7.407460258871442	0	-12
5.260000944137573	701	7.407368685031277	1	-32
5.26500129699707	669	7.407368685031277	0	-39
5.270001173019409	630	7.407368685031277	0	-31
5.275001287460327	599	7.407368685031277	0	-18
5.280001163482666	581	7.407368685031277	0	-7
5.285000324249268	574	7.407368685031277	0	7
5.290001392364502	581	7.407368685031277	0	20
5.2950005531311035	601	7.142839626433062	1	39
5.300000429153442	640	7.142839626433062	0	45
5.3050007820129395	685	7.142839626433062	0	35
5.310000658035278	720	7.142839626433062	0	21
5.315001010894775	741	7.142839626433062	0	6
5.320000171661377	747	7.142839626433062	0	-2
5.32500147819519	745	7.142839626433062	0	-20
5.330000877380371	725	7.142876119080179	1	-34
5.335000991821289	691	7.142876119080179	0	-40
5.340000867843628	651	7.142876119080179	0	-32
5.345000982284546	619	7.142876119080179	0	-21
5.350001096725464	598	7.142876119080179	0	-11
5.355000734329224	587	7.142876119080179	0	-3
5.360000133514404	584	7.142876119080179	0	4
5.365001201629639	588	7.142876119080179	0	16
5.3700010776519775	604	7.142815298208806	1	29
5.3750011920928955	633	7.142815298208806	0	34
5.380000352859497	667	7.142815298208806	0	29
5.385000705718994	696	7.142815298208806	0	16
5.390001058578491	712	7.142815298208806	0	-5
5.395000457763672	707	7.142815298208806	0	-21
5.400001525878906	686	7.142827462300219	1	-37
5.405001163482666	649	7.142827462300219	0	-36
5.410000562667847	613	7.142827462300219	0	-25
5.415001392364502	588	7.142827462300219	0	-12
5.420000791549683	576	7.142827462300219	0	0
5.4250006675720215	576	7.142827462300219	0	10
5.4300010204315186	586	7.407381766869822	1	28
5.435001611709595	614	7.407381766869822	0	44
5.4400012493133545	658	7.407381766869822	0	41
5.445000171661377	699	7.407381766869822	0	31
5.450001239776611	730	7.407381766869822	0	15
5.455000877380371	745	7.407381766869822	0	4
5.460001230239868	749	7.407381766869822	0	-9
5.465000867843628	740	7.407381766869822	0	-29
5.470000743865967	711	7.142863954823042	1	-40
5.475000619888306	671	7.142863954823042	0	-39
5.480000257492065	632	7.142863954823042	0	-27
5.485000133514404	605	7.142863954823042	0	-15
5.490001201629639	590	7.142863954823042	0	-5
5.49500036239624	585	7.142863954823042	0	0
5.5000011920928955	585	7.142863954823042	0	10
5.505000591278076	595	7.407434094686073	1	23
5.5100016593933105	618	7.407434094686073	0	30
5.51500129699707	648	7.407434094686073	0	33
5.520000696182251	681	7.407434094686073	0	24
5.525001049041748	705	7.407434094686073	0	9
5.530000925064087	714	7.407434094686073	0	-11
5.535000801086426	703	7.407447176755653	1	-28
5.540000677108765	675	7.407447176755653	0	-39
5.545000791549683	636	7.407447176755653	0	-33
5.550001382827759	603	7.407447176755653	0	-20
5.5550007820129395	583	7.407447176755653	0	-8
5.56000018119812	575	7.407447176755653	0	3
5.565000534057617	578	7.407447176755653	0	17
5.570000410079956	595	7.142888283378746	1	33
5.575000762939453	628	7.142888283378746	0	43
5.580000877380371	671	7.142888283378746	0	41
5.585001230239868	712	7.142888283378746	0	25
5.590000867843628	737	7.142888283378746	0	10
5.595000267028809	747	7.142888283378746	0	1
5.600000381469727	748	7.142888283378746	0	-18
5.605001449584961	730	7.407368685031277	1	-34
5.6100006103515625	696	7.407368685031277	0	-42
5.615000486373901	654	7.407368685031277	0	-34
5.620000600814819	620	7.407368685031277	0	-22
5.625000476837158	598	7.407368685031277	0	-12
5.630000829696655	586	7.407368685031277	0	-4
5.635000705718994	582	7.407368685031277	0	5
5.640000820159912	587	7.407368685031277	0	16
5.645001173019409	603	7.142827462300219	1	27
5.650000810623169	630	7.142827462300219	0	32
5.655000448226929	662	7.142827462300219	0	30
5.660001516342163	692	7.142827462300219	0	19
5.665001392364502	711	7.142827462300219	0	2
5.670001029968262	713	7.142827462300219	0	-20
5.675000905990601	693	7.142851790607337	1	-33
5.680000305175781	660	7.142851790607337	0	-39
5.685000419616699	621	7.142851790607337	0	-28
5.6900012493133545	593	7.142851790607337	0	-14
5.695000410079956	579	7.142851790607337	0	-3
5.700000524520874	576	7.142851790607337	0	7
5.705000638961792	583	7.142851790607337	0	24
5.710001230239868	607	7.142815298208806	1	39
5.715001106262207	646	7.142815298208806	0	45
5.720000982284546	691	7.142815298208806	0	33
5.725000619888306	724	7.142815298208806	0	19
5.7300004959106445	743	7.142815298208806	0	6
5.7350013256073	749	7.142815298208806	0	-8
5.7400007247924805	741	7.142815298208806	0	-25
5.745000123977661	716	7.142924776523041	1	-40
5.750000238418579	676	7.142924776523041	0	-40
5.755001068115234	636	7.142924776523041	0	-28
5.760000705718994	608	7.142924776523041	0	-17
5.765000343322754	591	7.142924776523041	0	-7
5.770001173019409	584	7.142924776523041	0	1
5.775000333786011	585	7.142924776523041	0	8
5.780000925064087	593	7.142924776523041	0	20
5.785000801086426	613	7.142876119080179	1	28
5.790000677108765	641	7.142876119080179	0	35
5.795000791549683	676	7.142876119080179	0	20
5.800000905990601	696	7.142876119080179	0	19
5.805000305175781	715	7.142876119080179	0	-7
5.810000419616699	708	7.142876119080179	0	-27
5.815000534057617	681	7.142876119080179	1	-38
5.820000886917114	643	7.142876119080179	0	-34
5.825001239776611	609	7.142876119080179	0	-23
5.830000400543213	586	7.142876119080179	0	-10
5.83500075340271	576	7.142876119080179	0	1
5.840000629425049	577	7.142876119080179	0	13
5.845001459121704	590	7.407394848754574	1	29
5.8500001430511475	619	7.407394848754574	0	42
5.8550004959106445	661	7.407394848754574	0	45
5.860000133514404	706	7.407394848754574	0	26
5.865001201629639	732	7.407394848754574	0	15
5.870000600814819	747	7.407394848754574	0	1
5.875000953674316	748	7.407394848754574	0	-16
5.880000591278076	732	7.407381766869822	1	-32
5.885000705718994	700	7.407381766869822	0	-42
5.89000129699707	658	7.407381766869822	0	-36
5.895001173019409	622	7.407381766869822	0	-22
5.900001287460327	600	7.407381766869822	0	-13
5.905000448226929	587	7.407381766869822	0	-5
5.910000801086426	582	7.407381766869822	0	4
5.915000677108765	586	7.407381766869822	0	7
5.920001029968262	593	7.407381766869822	0	29
5.92500114440918	622	7.142839626433062	1	29
5.9300010204315186	651	7.142839626433062	0	35
5.9350011348724365	686	7.142839626433062	0	22
5.940000772476196	708	7.142839626433062	0	5
5.945000171661377	713	7.142839626433062	0	-13
5.950001239776611	700	7.407368685031277	1	-35
5.955000400543213	665	7.407368685031277	0	-40
5.96000075340271	625	7.407368685031277	0	-30
5.965000629425049	595	7.407368685031277	0	-16
5.970000743865967	579	7.407368685031277	0	-5
5.975000619888306	574	7.407368685031277	0	7
5.980000257492065	581	7.407368685031277	0	23
5.9850006103515625	604	7.1429004477187465	1	38
5.990000486373901	642	7.1429004477187465	0	45
5.9950010776519775	687	7.1429004477187465	0	34
6.000001430511475	721	7.1429004477187465	0	20
6.005001068115234	741	7.1429004477187465	0	8
6.010000228881836	749	7.1429004477187465	0	-5
6.015000581741333	744	7.1429004477187465	0	-24
6.020000696182251	720	7.142851790607337	1	-38
6.025001525878906	682	7.142851790607337	0	-40
6.030001163482666	642	7.142851790607337	0	-30
6.035001039505005	612	7.142851790607337	0	-18
6.040001153945923	594	7.142851790607337	0	-8
6.045001268386841	586	7.142851790607337	0	-2
6.050000429153442	584	7.142851790607337	0	6
6.0550010204315186	590	7.142851790607337	0	17
6.060000658035278	607	7.407434094686073	1	29
6.065000295639038	636	7.407434094686073	0	33
6.070000886917114	669	7.407434094686073	0	28
6.075000286102295	697	7.407434094686073	0	15
6.080000162124634	712	7.407434094686073	0	-3
6.085000276565552	709	7.407434094686073	0	-23
6.09000039100647	686	7.1429004477187465	1	-38
6.095000982284546	648	7.1429004477187465	0	-36
6.100000381469727	612	7.1429004477187465	0	-25
6.1050004959106445	587	7.1429004477187465	0	-11
6.110001087188721	576	7.1429004477187465	0	-3
6.11500096321106	573	7.1429004477187465	0	18
6.120000123977661	591	7.407434094686073	1	30
6.125000476837158	621	7.407434094686073	0	46
6.130000352859497	667	7.407434094686073	0	42
6.135000944137573	709	7.407434094686073	0	25
6.140001535415649	734	7.407434094686073	0	13
6.145001173019409	747	7.407434094686073	0	1
6.150000810623169	748	7.407434094686073	0	-14
6.155000448226929	734	7.407421012662699	1	-29
6.160000562667847	705	7.407421012662699	0	-39
6.1650004386901855	666	7.407421012662699	0	-36
6.170001029968262	630	7.407421012662699	0	-26
6.175000190734863	604	7.407421012662699	0	-14
6.180000305175781	590	7.407421012662699	0	-6
6.185000419616699	584	7.407421012662699	0	2
6.190000772476196	586	7.407421012662699	0	12
6.195000171661377	598	7.407434094686073	1	25
6.200001239776611	623	7.407434094686073	0	36
6.205000162124634	659	7.407434094686073	0	31
6.21000075340271	690	7.407434094686073	0	21
6.215000629425049	711	7.407434094686073	0	1
6.220000743865967	712	7.407434094686073	0	-18
6.225000381469727	694	7.407407930685533	1	-33
6.230000972747803	661	7.407407930685533	0	-37
6.2350013256073	624	7.407407930685533	0	-29
6.240000486373901	595	7.407407930685533	0	-17
6.24500036239624	578	7.407407930685533	0	-4
6.250001430511475	574	7.407407930685533	0	7
6.255001068115234	581	7.407407930685533	0	22
6.260000467300415	603	7.142839626433062	1	37
6.265000581741333	640	7.142839626433062	0	43
6.270000219345093	683	7.142839626433062	0	37
6.275000810623169	720	7.142839626433062	0	20
6.280000686645508	740	7.142839626433062	0	11
6.285001516342163	751	7.142839626433062	0	-6
6.290000915527344	745	7.142839626433062	0	-20
6.295000314712524	725	7.142863954823042	1	-36
6.300000190734863	689	7.142863954823042	0	-42
6.305001258850098	647	7.142863954823042	0	-33
6.310000896453857	614	7.142863954823042	0	-19
6.3150012493133545	595	7.142863954823042	0	-9
6.320000886917114	586	7.142863954823042	0	-3
6.325000286102295	583	7.142863954823042	0	7
6.330000877380371	590	7.142863954823042	0	18
6.335001468658447	608	7.14279097015027	1	30
6.34000039100647	638	7.14279097015027	0	34
6.345001459121704	672	7.14279097015027	0	28
6.350000619888306	700	7.14279097015027	0	13
6.355000972747803	713	7.14279097015027	0	-4
6.360000371932983	709	7.14279097015027	0	-26
6.365001440048218	683	7.142803134158823	1	-38
6.370000600814819	645	7.142803134158823	0	-36
6.375000476837158	609	7.142803134158823	0	-22
6.3800013065338135	587	7.142803134158823	0	-11
6.385000228881836	576	7.142803134158823	0	0
6.39000129699707	576	7.142803134158823	0	13
6.39500093460083	589	7.407381766869822	1	26
6.400001049041748	615	7.407381766869822	0	43
6.40500020980835	658	7.407381766869822	0	45
6.410001277923584	703	7.407381766869822	0	28
6.4150004386901855	731	7.407381766869822	0	15
6.4200005531311035	746	7.407381766869822	0	3
6.4250006675720215	749	7.407381766869822	0	-11
6.430000305175781	738	7.407407930685533	1	-31
6.435000658035278	707	7.407407930685533	0	-39
6.440000772476196	668	7.407407930685533	0	-39
6.445001125335693	629	7.407407930685533	0	-25
6.450001001358032	604	7.407407930685533	0	-15
6.455000400543213	589	7.407407930685533	0	-6
6.460000991821289	583	7.407407930685533	0	1
6.465000867843628	584	7.407407930685533	0	13
6.470000267028809	597	7.407473341033439	1	24
6.475001335144043	621	7.407473341033439	0	33
6.480000257492065	654	7.407473341033439	0	32
6.485000848770142	686	7.407473341033439	0	22
6.490001440048218	708	7.407473341033439	0	8
6.495001554489136	716	7.407473341033439	0	-17
6.5000011920928955	699	7.407421012662699	1	-32
6.505001068115234	667	7.407421012662699	0	-38
6.510000228881836	629	7.407421012662699	0	-31
6.515000581741333	598	7.407421012662699	0	-18
6.520001173019409	580	7.407421012662699	0	-6
6.52500057220459	574	7.407421012662699	0	4
6.53000020980835	578	7.407421012662699	0	17
6.535000324249268	595	7.142888283378746	1	38
6.540001153945923	633	7.142888283378746	0	44
6.545000314712524	677	7.142888283378746	0	39
6.550000429153442	716	7.142888283378746	0	23
6.555000305175781	739	7.142888283378746	0	10
6.560000658035278	749	7.142888283378746	0	-4
6.565001010894775	745	7.142888283378746	0	-21
6.570000171661377	724	7.142863954823042	1	-39
6.575001239776611	685	7.142863954823042	0	-42
6.580000877380371	643	7.142863954823042	0	-30
6.585001468658447	613	7.142863954823042	0	-20
6.590001106262207	593	7.142863954823042	0	-7
6.595000982284546	586	7.142863954823042	0	-1
6.600001096725464	585	7.142863954823042	0	6
6.605000734329224	591	7.142863954823042	0	19
6.610001087188721	610	7.142815298208806	1	29
6.6150007247924805	639	7.142815298208806	0	33
6.6200010776519775	672	7.142815298208806	0	28
6.625000953674316	700	7.142815298208806	0	14
6.630000591278076	714	7.142815298208806	0	-5
6.635000944137573	709	7.142815298208806	0	-26
6.640001535415649	683	7.142839626433062	1	-38
6.64500093460083	645	7.142839626433062	0	-36
6.650000810623169	609	7.142839626433062	0	-23
6.655000686645508	586	7.142839626433062	0	-11
6.660000801086426	575	7.142839626433062	0	2
6.6650002002716064	577	7.142839626433062	0	15
6.670001268386841	592	7.407355603238938	1	31
6.675000429153442	623	7.407355603238938	0	44
6.680000305175781	667	7.407355603238938	0	38
6.685000896453857	705	7.407355603238938	0	28
6.690000772476196	733	7.407355603238938	0	14
6.695000410079956	747	7.407355603238938	0	2
6.700001001358032	749	7.407355603238938	0	-13
6.705000162124634	736	7.407407930685533	1	-29
6.710001230239868	707	7.407407930685533	0	-41
6.715000629425049	666	7.407407930685533	0	-38
6.720001220703125	628	7.407407930685533	0	-24
6.725000381469727	604	7.407407930685533	0	-14
6.730000257492065	590	7.407407930685533	0	-6
6.735001087188721	584	7.407407930685533	0	1
6.740000486373901	585	7.407407930685533	0	12
6.745000600814819	597	7.407434094686073	1	24
6.750000238418579	621	7.407434094686073	0	31
6.755000829696655	652	7.407434094686073	0	35
6.760000467300415	687	7.407434094686073	0	22
6.765000581741333	709	7.407434094686073	0	2
6.77000093460083	711	7.407434094686073	0	-15
6.775000333786011	696	7.407473341033439	1	-36
6.780001163482666	660	7.407473341033439	0	-40
6.785001516342163	620	7.407473341033439	0	-27
6.790000677108765	593	7.407473341033439	0	-16
6.795001029968262	577	7.407473341033439	0	-3
6.800000190734863	574	7.407473341033439	0	10
6.805000305175781	584	7.407460258871442	1	21
6.81000018119812	605	7.407460258871442	0	44
6.8150012493133545	649	7.407460258871442	0	44
6.820000171661377	693	7.407460258871442	0	30
6.825000524520874	723	7.407460258871442	0	20
6.83000111579895	743	7.407460258871442	0	7
6.835000514984131	750	7.407460258871442	0	-8
6.840000152587891	742	7.407460258871442	0	-22
6.845001459121704	720	7.14279097015027	1	-37
6.850000858306885	683	7.14279097015027	0	-41
6.855001211166382	642	7.14279097015027	0	-30
6.860000371932983	612	7.14279097015027	0	-18
6.865001201629639	594	7.14279097015027	0	-8
6.870000600814819	586	7.14279097015027	0	-2
6.875000238418579	584	7.14279097015027	0	7
6.880001068115234	591	7.14279097015027	0	20
6.885000467300415	611	7.142863954823042	1	30
6.890000581741333	641	7.142863954823042	0	37
6.895000457763672	678	7.142863954823042	0	26
6.900000810623169	704	7.142863954823042	0	11
6.90500020980835	715	7.142863954823042	0	-9
6.910001039505005	706	7.407368685031277	1	-29
6.915000677108765	677	7.407368685031277	0	-39
6.920001029968262	638	7.407368685031277	0	-34
6.925000190734863	604	7.407368685031277	0	-21
6.9300007820129395	583	7.407368685031277	0	-8
6.935000419616699	575	7.407368685031277	0	3
6.940001010894775	578	7.407368685031277	0	17
6.945000886917114	595	7.142827462300219	1	34
6.950000524520874	629	7.142827462300219	0	45
6.955001354217529	674	7.142827462300219	0	40
6.960000276565552	714	7.142827462300219	0	23
6.96500039100647	737	7.142827462300219	0	11
6.970001459121704	748	7.142827462300219	0	-1
6.975001335144043	747	7.142827462300219	0	-19
6.980000257492065	728	7.407473341033439	1	-36
6.985001087188721	692	7.407473341033439	0	-41
6.990000247955322	651	7.407473341033439	0	-33
6.995001316070557	618	7.407473341033439	0	-20
7.000000715255737	598	7.407473341033439	0	-11
7.005000591278076	587	7.407473341033439	0	-3
7.0100014209747314	584	7.407473341033439	0	4
7.015000820159912	588	7.407473341033439	0	15
7.020000219345093	603	7.407421012662699	1	27
7.02500057220459	630	7.407421012662699	0	33
7.030001401901245	663	7.407421012662699	0	33
7.035000801086426	696	7.407421012662699	0	16
7.040000677108765	712	7.407421012662699	0	0
7.04500150680542	712	7.407421012662699	0	-21
7.05000114440918	691	7.142851790607337	1	-36
7.0550007820129395	655	7.142851790607337	0	-38
7.060000896453857	617	7.142851790607337	0	-26
7.065000534057617	591	7.142851790607337	0	-13
7.070000410079956	578	7.142851790607337	0	-2
7.075001239776611	576	7.142851790607337	0	10
7.080000400543213	586	7.407434094686073	1	30
7.085000991821289	616	7.407434094686073	0	39
7.09000039100647	655	7.407434094686073	0	45
7.095001220703125	700	7.407434094686073	0	27
7.100000619888306	727	7.407434094686073	0	18
7.1050004959106445	745	7.407434094686073	0	4
7.110000371932983	749	7.407434094686073	0	-12
7.115000247955322	737	7.407407930685533	1	-26
7.120000123977661	711	7.407407930685533	0	-41
7.125000238418579	670	7.407407930685533	0	-38
7.130000591278076	632	7.407407930685533	0	-25
7.135000467300415	607	7.407407930685533	0	-16
7.140000820159912	591	7.407407930685533	0	-6
7.145000696182251	585	7.407407930685533	0	-1
7.15000057220459	584	7.407407930685533	0	11
7.155000448226929	595	7.407394848754574	1	20
7.160001039505005	615	7.407394848754574	0	31
7.165001392364502	646	7.407394848754574	0	34
7.170001029968262	680	7.407394848754574	0	25
7.175000905990601	705	7.407394848754574	0	10
7.18000054359436	715	7.407394848754574	0	-9
7.185000658035278	706	7.407394848754574	0	-31
7.190000772476196	675	7.142876119080179	1	-41
7.195000171661377	634	7.142876119080179	0	-34
7.200000286102295	600	7.142876119080179	0	-19
7.205000400543213	581	7.142876119080179	0	-6
7.210000276565552	575	7.142876119080179	0	5
7.215000629425049	580	7.142876119080179	0	21
7.220001220703125	601	7.142815298208806	1	39
7.2250001430511475	640	7.142815298208806	0	42
7.230000972747803	682	7.142815298208806	0	36
7.235000848770142	718	7.142815298208806	0	21
7.24000096321106	739	7.142815298208806	0	10
7.2450010776519775	749	7.142815298208806	0	-3
7.2500011920928955	746	7.142815298208806	0	-15
7.255000352859497	731	7.142851790607337	1	-34
7.260000944137573	697	7.142851790607337	0	-40
7.265001058578491	657	7.142851790607337	0	-36
7.270000457763672	621	7.142851790607337	0	-22
7.275000810623169	599	7.142851790607337	0	-12
7.280000686645508	587	7.142851790607337	0	-1
7.285001039505005	586	7.142851790607337	0	4
7.2900002002716064	590	7.142851790607337	0	18
7.295000791549683	608	7.142839626433062	1	29
7.300000190734863	637	7.142839626433062	0	32
7.30500054359436	669	7.142839626433062	0	28
7.310000658035278	697	7.142839626433062	0	15
7.315000295639038	712	7.142839626433062	0	-3
7.320000648498535	709	7.142839626433062	0	-21
7.325001239776611	688	7.407381766869822	1	-37
7.330000638961792	651	7.407381766869822	0	-37
7.335000514984131	614	7.407381766869822	0	-26
7.340000867843628	588	7.407381766869822	0	-12
7.345001459121704	576	7.407381766869822	0	4
7.350000381469727	580	7.407381766869822	0	8
7.355000257492065	588	7.407381766869822	0	30
7.360000848770142	618	7.142876119080179	1	43
7.365001440048218	661	7.142876119080179	0	41
7.3700010776519775	702	7.142876119080179	0	28
7.375000715255737	730	7.142876119080179	0	15
7.380001068115234	745	7.142876119080179	0	5
7.385000944137573	750	7.142876119080179	0	-9
7.390000343322754	741	7.142876119080179	0	-29
7.395001649856567	712	7.14279097015027	1	-35
7.400000810623169	677	7.14279097015027	0	-39
7.40500020980835	638	7.14279097015027	0	-29
7.410000324249268	609	7.14279097015027	0	-17
7.415000915527344	592	7.14279097015027	0	-8
7.4200005531311035	584	7.14279097015027	0	1
7.42500114440918	585	7.14279097015027	0	10
7.4300007820129395	595	7.407407930685533	1	21
7.435000419616699	616	7.407407930685533	0	34
7.440000772476196	650	7.407407930685533	0	33
7.445000171661377	683	7.407407930685533	0	24
7.450001001358032	707	7.407407930685533	0	7
7.455000400543213	714	7.407407930685533	0	-13
7.460000276565552	701	7.407460258871442	1	-31
7.46500039100647	670	7.407460258871442	0	-39
7.470000267028809	631	7.407460258871442	0	-32
7.475000619888306	599	7.407460258871442	0	-18
7.480000972747803	581	7.407460258871442	0	-7
7.485001087188721	574	7.407460258871442	0	5
7.490001440048218	579	7.407460258871442	0	19
7.49500036239624	598	7.407434094686073	1	37
7.500000715255737	635	7.407434094686073	0	45
7.5050013065338135	680	7.407434094686073	0	37
7.510000228881836	717	7.407434094686073	0	22
7.515000820159912	739	7.407434094686073	0	9
7.520000457763672	748	7.407434094686073	0	-2
7.525001049041748	746	7.407434094686073	0	-21
7.53000020980835	725	7.407486423241644	1	-35
7.535001516342163	690	7.407486423241644	0	-43
7.540001153945923	647	7.407486423241644	0	-33
7.54500150680542	614	7.407486423241644	0	-19
7.55000114440918	595	7.407486423241644	0	-10
7.55500054359436	585	7.407486423241644	0	-2
7.56000018119812	583	7.407486423241644	0	9
7.565001010894775	592	7.407486423241644	0	18
7.570000886917114	610	7.142851790607337	1	30
7.575000524520874	640	7.142851790607337	0	31
7.580000638961792	671	7.142851790607337	0	30
7.585001468658447	701	7.142851790607337	0	15
7.590000152587891	716	7.142851790607337	0	-6
7.595000267028809	710	7.142851790607337	0	-27
7.600001096725464	683	7.142815298208806	1	-38
7.605000972747803	645	7.142815298208806	0	-39
7.610001087188721	606	7.142815298208806	0	-19
7.6150007247924805	587	7.142815298208806	0	-11
7.620000123977661	576	7.142815298208806	0	0
7.625000953674316	576	7.142815298208806	0	13
7.6300013065338135	589	7.407355603238938	1	30
7.635000705718994	619	7.407355603238938	0	42
7.640000343322754	661	7.407355603238938	0	43
7.645000696182251	704	7.407355603238938	0	28
7.65000057220459	732	7.407355603238938	0	15
7.655000448226929	747	7.407355603238938	0	1
7.660000562667847	748	7.407355603238938	0	-16
7.665000677108765	732	7.407381766869822	1	-35
7.670001268386841	697	7.407381766869822	0	-42
7.675000905990601	655	7.407381766869822	0	-35
7.6800007820129395	620	7.407381766869822	0	-21
7.6850011348724365	599	7.407381766869822	0	-12
7.690000534057617	587	7.407381766869822	0	-3
7.695000171661377	584	7.407381766869822	0	3
7.700000286102295	587	7.407381766869822	0	13
7.705000162124634	600	7.407447176755653	1	25
7.710000514984131	625	7.407447176755653	0	32
7.715000629425049	657	7.407447176755653	0	32
7.720000505447388	689	7.407447176755653	0	22
7.725000619888306	711	7.407447176755653	0	2
7.730000972747803	713	7.407447176755653	0	-19
7.735001087188721	694	7.407407930685533	1	-36
7.74000096321106	658	7.407407930685533	0	-40
7.74500036239624	618	7.407407930685533	0	-27
7.7500011920928955	591	7.407407930685533	0	-14
7.755000352859497	577	7.407407930685533	0	-1
7.760001182556152	576	7.407407930685533	0	10
7.765000820159912	586	7.407434094686073	1	25
7.770001173019409	611	7.407434094686073	0	41
7.775001287460327	652	7.407434094686073	0	42
7.780001163482666	694	7.407434094686073	0	32
7.785000562667847	726	7.407434094686073	0	18
7.790000915527344	744	7.407434094686073	0	7
7.795001268386841	751	7.407434094686073	0	-8
7.80000114440918	743	7.407434094686073	0	-25
7.80500054359436	718	7.142863954823042	1	-37
7.81000018119812	681	7.142863954823042	0	-40
7.815001010894775	641	7.142863954823042	0	-29
7.820000886917114	612	7.142863954823042	0	-18
7.82500147819519	594	7.142863954823042	0	-8
7.83000111579895	586	7.142863954823042	0	-2
7.835000991821289	584	7.142863954823042	0	8
7.84000039100647	592	7.142863954823042	0	18
7.845000982284546	610	7.142815298208806	1	33
7.850000858306885	643	7.142815298208806	0	35
7.855000257492065	678	7.142815298208806	0	28
7.860000371932983	706	7.142815298208806	0	9
7.86500096321106	715	7.142815298208806	0	-11
7.870000839233398	704	7.407421012662699	1	-28
7.875000715255737	676	7.407421012662699	0	-40
7.880001544952393	636	7.407421012662699	0	-33
7.885000705718994	603	7.407421012662699	0	-20
7.890000343322754	583	7.407421012662699	0	-8
7.895000219345093	575	7.407421012662699	0	4
7.900001525878906	579	7.407421012662699	0	17
7.905001163482666	596	7.142839626433062	1	40
7.910001277923584	636	7.142839626433062	0	40
7.9150002002716064	676	7.142839626433062	0	40
7.920001268386841	716	7.142839626433062	0	22
7.925000429153442	738	7.142839626433062	0	10
7.930001258850098	748	7.142839626433062	0	-2
7.93500018119812	746	7.142839626433062	0	-19
7.9400012493133545	727	7.407368685031277	1	-34
7.945000886917114	693	7.407368685031277	0	-42
7.950001001358032	651	7.407368685031277	0	-33
7.955001354217529	618	7.407368685031277	0	-20
7.96000075340271	598	7.407368685031277	0	-11
7.96500039100647	587	7.407368685031277	0	-3
7.970001459121704	584	7.407368685031277	0	4
7.9750001430511475	588	7.407368685031277	0	15
7.9800004959106445	603	7.407434094686073	1	28
7.985000848770142	631	7.407434094686073	0	35
7.9900007247924805	666	7.407434094686073	0	26
7.995000839233398	692	7.407434094686073	0	21
8.000000476837158	713	7.407434094686073	0	-1
8.005001068115234	712	7.407434094686073	0	-20
8.010000944137573	692	7.142851790607337	1	-39
8.015000820159912	653	7.142851790607337	0	-38
8.020000457763672	615	7.142851790607337	0	-25
8.02500057220459	590	7.142851790607337	0	-14
8.03000020980835	576	7.142851790607337	0	0
8.035000801086426	576	7.142851790607337	0	10
8.040000915527344	586	7.407421012662699	1	28
8.045000791549683	614	7.407421012662699	0	44
8.0500009059906	658	7.407421012662699	0	44
8.05500054359436	702	7.407421012662699	0	30
8.06000018119812	732	7.407421012662699	0	16
8.065001249313354	748	7.407421012662699	0	1
8.070000171661377	749	7.407421012662699	0	-13
8.075000762939453	736	7.407434094686073	1	-31
8.08000111579895	705	7.407434094686073	0	-40
8.085000991821289	665	7.407434094686073	0	-37
8.090000629425049	628	7.407434094686073	0	-20
8.095000505447388	608	7.407434094686073	0	-18
8.100000381469727	590	7.407434094686073	0	-7
8.105001449584961	583	7.407434094686073	0	1
8.110000133514404	584	7.407434094686073	0	13
8.11500072479248	597	7.407394848754574	1	22
8.12000036239624	619	7.407394848754574	0	33
8.125001192092896	652	7.407394848754574	0	33
8.130000591278076	685	7.407394848754574	0	24
8.135000467300415	709	7.407394848754574	0	6
8.140001058578491	715	7.407394848754574	0	-15
8.14500093460083	700	7.407407930685533	1	-33
8.15000033378601	667	7.407407930685533	0	-41
8.155000448226929	626	7.407407930685533	0	-30
8.160000801086426	596	7.407407930685533	0	-17
8.165000438690186	579	7.407407930685533	0	-4
8.170000314712524	575	7.407407930685533	0	8
8.175000429153442	583	7.407407930685533	0	24
8.18000054359436	607	7.142876119080179	1	42
8.18500018119812	649	7.142876119080179	0	42
8.190000534057617	691	7.142876119080179	0	37
8.195000410079956	728	7.142876119080179	0	14
8.200000286102295	742	7.142876119080179	0	8
8.20500111579895	750	7.142876119080179	0	-5
8.210001230239868	745	7.142876119080179	0	-20
8.215000629425049	725	7.142863954823042	1	-33
8.220001220703125	692	7.142863954823042	0	-44
8.225000381469727	648	7.142863954823042	0	-33
8.230000734329224	615	7.142863954823042	0	-20
8.235000610351562	595	7.142863954823042	0	-9
8.240000486373901	586	7.142863954823042	0	-2
8.245000839233398	584	7.142863954823042	0	8
8.250001430511475	592	7.142863954823042	0	20
8.255001306533813	612	7.142827462300219	1	33
8.260001182556152	645	7.142827462300219	0	35
8.26500129699707	680	7.142827462300219	0	23
8.270000457763672	703	7.142827462300219	0	11
8.27500033378601	714	7.142827462300219	0	-8
8.280000925064087	706	7.142827462300219	0	-27
8.285000324249268	679	7.142888283378746	1	-38
8.290000200271606	641	7.142888283378746	0	-35
8.295000791549683	606	7.142888283378746	0	-21
8.300000190734863	585	7.142888283378746	0	-10
8.30500078201294	575	7.142888283378746	0	1
8.310000658035278	576	7.142888283378746	0	16
8.315000295639038	592	7.407421012662699	1	29
8.320000171661377	621	7.407421012662699	0	45
8.325000524520874	666	7.407421012662699	0	41
8.330000162124634	707	7.407421012662699	0	26
8.33500051498413	733	7.407421012662699	0	14
8.340000867843628	747	7.407421012662699	0	1
8.345000743865967	748	7.407421012662699	0	-15
8.350000143051147	733	7.407434094686073	1	-32
8.355000495910645	701	7.407434094686073	0	-42
8.3600013256073	659	7.407434094686073	0	-36
8.36500096321106	623	7.407434094686073	0	-23
8.370000839233398	600	7.407434094686073	0	-12
8.375000238418579	588	7.407434094686073	0	-4
8.380000352859497	584	7.407434094686073	0	3
8.385000228881836	587	7.407434094686073	0	16
8.390000581741333	603	7.407447176755653	1	27
8.395000219345093	630	7.407447176755653	0	34
8.40000033378601	664	7.407447176755653	0	31
8.405001163482666	695	7.407447176755653	0	18
8.410001277923584	713	7.407447176755653	0	0
8.415000677108765	713	7.407447176755653	0	-20
8.42000150680542	693	7.407342521492805	1	-34
8.425000190734863	659	7.407342521492805	0	-39
8.430001258850098	620	7.407342521492805	0	-29
8.435000658035278	591	7.407342521492805	0	-13
8.440001010894775	578	7.407342521492805	0	-3
8.445000410079956	575	7.407342521492805	0	9
8.450001001358032	584	7.407342521492805	0	23
8.455000877380371	607	7.142827462300219	1	41
8.460000276565552	648	7.142827462300219	0	43
8.465000867843628	691	7.142827462300219	0	34
8.470000982284546	725	7.142827462300219	0	19
8.475000619888306	744	7.142827462300219	0	5
8.480000972747803	749	7.142827462300219	0	-10
8.485000371932983	739	7.407394848754574	1	-26
8.490001440048218	713	7.407394848754574	0	-42
8.49500060081482	671	7.407394848754574	0	-39
8.500000715255737	632	7.407394848754574	0	-27
8.505000829696655	605	7.407394848754574	0	-15
8.510001182556152	590	7.407394848754574	0	-6
8.515000581741333	584	7.407394848754574	0	2
8.520000696182251	586	7.407394848754574	0	11
8.525001049041748	597	7.407381766869822	1	21
8.530001163482666	618	7.407381766869822	0	33
8.535000562667847	651	7.407381766869822	0	33
8.540000200271606	684	7.407381766869822	0	24
8.545000791549683	708	7.407381766869822	0	8
8.5500009059906	716	7.407381766869822	0	-12
8.555001020431519	704	7.407434094686073	1	-32
8.560000658035278	672	7.407434094686073	0	-39
8.565000295639038	633	7.407434094686073	0	-33
8.570000410079956	600	7.407434094686073	0	-19
8.575001001358032	581	7.407434094686073	0	-6
8.580000877380371	575	7.407434094686073	0	8
8.58500075340271	583	7.407434094686073	0	18
8.590000629425049	601	7.407421012662699	1	36
8.595000982284546	637	7.407421012662699	0	46
8.600000381469727	683	7.407421012662699	0	35
8.605000734329224	718	7.407421012662699	0	22
8.610000371932983	740	7.407421012662699	0	12
8.615000486373901	752	7.407421012662699	0	-6
8.620001077651978	746	7.407421012662699	0	-19
8.625000953674316	727	7.142827462300219	1	-35
8.630001068115234	692	7.142827462300219	0	-41
8.635001182556152	651	7.142827462300219	0	-33
8.640001058578491	618	7.142827462300219	0	-19
8.645000457763672	599	7.142827462300219	0	-11
8.65000033378601	588	7.142827462300219	0	-4
8.655000686645508	584	7.142827462300219	0	6
8.660001277923584	590	7.142827462300219	0	15
8.665000438690186	605	7.142888283378746	1	27
8.670000553131104	632	7.142888283378746	0	34
8.675000429153442	666	7.142888283378746	0	31
8.68000054359436	697	7.142888283378746	0	19
8.6850004196167	716	7.142888283378746	0	-5
8.690000772476196	711	7.142888283378746	0	-23
8.695000648498535	688	7.142876119080179	1	-37
8.700000762939453	651	7.142876119080179	0	-38
8.705000162124634	613	7.142876119080179	0	-26
8.710001230239868	587	7.142876119080179	0	-11
8.715000867843628	576	7.142876119080179	0	-1
8.720000267028809	575	7.142876119080179	0	12
8.725001096725464	587	7.407381766869822	1	28
8.730000734329224	615	7.407381766869822	0	43
8.735000371932983	658	7.407381766869822	0	44
8.740001201629639	702	7.407381766869822	0	30
8.74500060081482	732	7.407381766869822	0	15
8.750001192092896	747	7.407381766869822	0	2
8.755000352859497	749	7.407381766869822	0	-15
8.760000705718994	734	7.407421012662699	1	-28
8.765000581741333	706	7.407421012662699	0	-41
8.770000457763672	665	7.407421012662699	0	-38
8.775000810623169	627	7.407421012662699	0	-24
8.78000020980835	603	7.407421012662699	0	-12
8.785001039505005	591	7.407421012662699	0	-7
8.790001153945923	584	7.407421012662699	0	1
8.795001029968262	585	7.407421012662699	0	12
8.800000190734863	597	7.407421012662699	1	21
8.80500078201294	618	7.407421012662699	0	33
8.810000658035278	651	7.407421012662699	0	34
8.815000295639038	685	7.407421012662699	0	23
8.820000410079956	708	7.407421012662699	0	8
8.82500147819519	716	7.407421012662699	0	-14
8.830000162124634	702	7.407434094686073	1	-31
8.835000276565552	671	7.407434094686073	0	-39
8.840000867843628	632	7.407434094686073	0	-32
8.845001459121704	600	7.407434094686073	0	-18
8.850000619888306	582	7.407434094686073	0	-7
8.855000972747803	575	7.407434094686073	0	4
8.8600013256073	579	7.407434094686073	0	20
8.86500072479248	599	7.142876119080179	1	34
8.870001077651978	633	7.142876119080179	0	45
8.875001192092896	678	7.142876119080179	0	39
8.880000352859497	717	7.142876119080179	0	25
8.885001182556152	742	7.142876119080179	0	7
8.890000581741333	749	7.142876119080179	0	-5
8.89500093460083	744	7.142876119080179	0	-20
8.90000033378601	724	7.142876119080179	1	-37
8.90500020980835	687	7.142876119080179	0	-41
8.910001039505005	646	7.142876119080179	0	-31
8.915000915527344	615	7.142876119080179	0	-20
8.92000150680542	595	7.142876119080179	0	-10
8.92500114440918	585	7.142876119080179	0	-2
8.930001020431519	583	7.142876119080179	0	7
8.935000658035278	590	7.142876119080179	0	17
8.940001010894775	607	7.142815298208806	1	28
8.945000648498535	635	7.142815298208806	0	35
8.950000286102295	670	7.142815298208806	0	28
8.955000162124634	698	7.142815298208806	0	16
8.960000991821289	714	7.142815298208806	0	-1
8.965001106262207	713	7.142815298208806	0	-24
8.970000743865967	689	7.142827462300219	1	-37
8.975000858306885	652	7.142827462300219	0	-37
8.980000734329224	615	7.142827462300219	0	-27
8.985000848770142	588	7.142827462300219	0	-11
8.990000486373901	577	7.142827462300219	0	0
8.995001316070557	577	7.142827462300219	0	12
9.000001192092896	589	7.407381766869822	1	30
9.005000352859497	619	7.407381766869822	0	46
9.010000944137573	665	7.407381766869822	0	41
9.015000581741333	706	7.407381766869822	0	26
9.02000093460083	732	7.407381766869822	0	14
9.025001049041748	746	7.407381766869822	0	2
9.030000686645508	748	7.407381766869822	0	-12
9.035000562667847	736	7.407394848754574	1	-28
9.040000200271606	708	7.407394848754574	0	-38
9.04500126838684	670	7.407394848754574	0	-39
9.0500009059906	631	7.407394848754574	0	-25
9.055000305175781	606	7.407394848754574	0	-14
9.060001134872437	592	7.407394848754574	0	-7
9.065000295639038	585	7.407394848754574	0	1
9.070001125335693	586	7.407394848754574	0	10
9.075001239776611	596	7.407394848754574	1	26
9.080000877380371	622	7.407394848754574	0	35
9.085000276565552	657	7.407394848754574	0	34
9.090000867843628	691	7.407394848754574	0	20
9.095000982284546	711	7.407394848754574	0	4
9.100001096725464	715	7.407394848754574	0	-17
9.105001211166382	698	7.407381766869822	1	-32
9.11000108718872	666	7.407381766869822	0	-39
9.11500072479248	627	7.407381766869822	0	-29
9.12000060081482	598	7.407381766869822	0	-18
9.125001192092896	580	7.407381766869822	0	-5
9.130001306533813	575	7.407381766869822	0	5
9.135000705718994	580	7.407381766869822	0	21
9.140001058578491	601	7.142863954823042	1	35
9.145000219345093	636	7.142863954823042	0	45
9.150001049041748	681	7.142863954823042	0	38
9.15500020980835	719	7.142863954823042	0	20
9.160001039505005	739	7.142863954823042	0	9
9.165000915527344	748	7.142863954823042	0	-3
9.170000314712524	745	7.142863954823042	0	-20
9.175000429153442	725	7.142863954823042	1	-35
9.180001258850098	690	7.142863954823042	0	-41
9.185000896453857	649	7.142863954823042	0	-33
9.190000772476196	616	7.142863954823042	0	-20
9.195000171661377	596	7.142863954823042	0	-10
9.200000762939453	586	7.142863954823042	0	-3
9.205000162124634	583	7.142863954823042	0	8
9.21000051498413	591	7.142863954823042	0	17
9.215000867843628	608	7.142876119080179	1	29
9.220000982284546	637	7.142876119080179	0	35
9.225000381469727	672	7.142876119080179	0	28
9.230000495910645	700	7.142876119080179	0	16
9.2350013256073	716	7.142876119080179	0	-5
9.240000247955322	711	7.142876119080179	0	-25
9.245000839233398	686	7.142876119080179	1	-37
9.250000476837158	649	7.142876119080179	0	-36
9.255000352859497	613	7.142876119080179	0	-25
9.260000944137573	588	7.142876119080179	0	-12
9.265000820159912	576	7.142876119080179	0	-1
9.270001411437988	575	7.142876119080179	0	10
9.27500057220459	585	7.407434094686073	1	27
9.28000020980835	612	7.407434094686073	0	41
9.285000324249268	653	7.407434094686073	0	44
9.290000915527344	697	7.407434094686073	0	30
9.295001029968262	727	7.407434094686073	0	18
9.300000667572021	745	7.407434094686073	0	4
9.305001258850098	749	7.407434094686073	0	-15
9.31000018119812	734	7.407421012662699	1	-23
9.315001249313354	711	7.407421012662699	0	-41
9.320001363754272	670	7.407421012662699	0	-40
9.325000286102295	630	7.407421012662699	0	-25
9.330000638961792	605	7.407421012662699	0	-15
9.335001230239868	590	7.407421012662699	0	-6
9.340000867843628	584	7.407421012662699	0	1
9.345001459121704	585	7.407421012662699	0	12
9.350000619888306	597	7.407421012662699	1	24
9.355000972747803	621	7.407421012662699	0	32
9.3600013256073	653	7.407421012662699	0	34
9.36500072479248	687	7.407421012662699	0	22
9.370000123977661	709	7.407421012662699	0	7
9.375000476837158	716	7.407421012662699	0	-14
9.380001544952393	702	7.407368685031277	1	-30
9.385001182556152	672	7.407368685031277	0	-39
9.390000343322754	633	7.407368685031277	0	-32
9.39500093460083	601	7.407368685031277	0	-19
9.400001049041748	582	7.407368685031277	0	-7
9.405000925064087	575	7.407368685031277	0	3
9.410001277923584	578	7.407368685031277	0	17
9.415000915527344	595	7.142839626433062	1	33
9.420001029968262	628	7.142839626433062	0	44
9.425000429153442	672	7.142839626433062	0	39
9.430001258850098	711	7.142839626433062	0	25
9.435000658035278	736	7.142839626433062	0	11
9.440001249313354	747	7.142839626433062	0	-2
9.445000410079956	745	7.142839626433062	0	-18
9.450000762939453	727	7.142827462300219	1	-37
9.45500111579895	690	7.142827462300219	0	-41
9.46000051498413	649	7.142827462300219	0	-34
9.465000629425049	615	7.142827462300219	0	-19
9.470001459121704	596	7.142827462300219	0	-10
9.475000858306885	586	7.142827462300219	0	-2
9.480000734329224	584	7.142827462300219	0	6
9.485000371932983	590	7.142827462300219	0	16
9.490001201629639	606	7.142827462300219	1	27
9.495001316070557	633	7.142827462300219	0	35
9.500000238418579	668	7.142827462300219	0	30
9.505000829696655	698	7.142827462300219	0	16
9.510000944137573	714	7.142827462300219	0	-1
9.515000820159912	713	7.142827462300219	0	-24
9.520000696182251	689	7.1429004477187465	1	-38
9.52500057220459	651	7.1429004477187465	0	-37
9.53000020980835	614	7.1429004477187465	0	-25
9.535000562667847	589	7.1429004477187465	0	-12
9.540000438690186	577	7.1429004477187465	0	0
9.54500126838684	577	7.1429004477187465	0	11
9.550000667572021	588	7.407421012662699	1	28
9.555001020431519	616	7.407421012662699	0	41
9.560001134872437	657	7.407421012662699	0	41
9.565001487731934	698	7.407421012662699	0	29
9.570000648498535	727	7.407421012662699	0	16
9.575001239776611	743	7.407421012662699	0	5
9.58000111579895	748	7.407421012662699	0	-8
9.585000991821289	740	7.407421012662699	0	-24
9.59000015258789	716	7.142888283378746	1	-39
9.595000982284546	677	7.142888283378746	0	-39
9.600000858306885	638	7.142888283378746	0	-30
9.605001211166382	608	7.142888283378746	0	-16
9.610000371932983	592	7.142888283378746	0	-8
9.61500072479248	584	7.142888283378746	0	1
9.620001316070557	585	7.142888283378746	0	9
9.625000715255737	594	7.142888283378746	0	22
9.630000829696655	616	7.142876119080179	1	32
9.635001182556152	648	7.142876119080179	0	35
9.640001058578491	683	7.142876119080179	0	25
9.64500093460083	708	7.142876119080179	0	10
9.650001287460327	718	7.142876119080179	0	-12
9.655001163482666	706	7.407381766869822	1	-30
9.660001277923584	676	7.407381766869822	0	-38
9.665000677108765	638	7.407381766869822	0	-34
9.670000314712524	604	7.407381766869822	0	-21
9.675001382827759	583	7.407381766869822	0	-8
9.68000054359436	575	7.407381766869822	0	2
9.685000658035278	577	7.407381766869822	0	18
9.690000772476196	595	7.142851790607337	1	34
9.695000171661377	629	7.142851790607337	0	44
9.700000524520874	673	7.142851790607337	0	42
9.705000400543213	715	7.142851790607337	0	24
9.71000075340271	739	7.142851790607337	0	10
9.715001344680786	749	7.142851790607337	0	-4
9.720000267028809	745	7.142851790607337	0	-22
9.725001096725464	723	7.407355603238938	1	-34
9.730000972747803	689	7.407355603238938	0	-36
9.735000371932983	653	7.407355603238938	0	-36
9.74000072479248	617	7.407355603238938	0	-20
9.74500060081482	597	7.407355603238938	0	-10
9.750000476837158	587	7.407355603238938	0	-4
9.755000352859497	583	7.407355603238938	0	5
9.760001182556152	588	7.407355603238938	0	16
9.765000343322754	604	7.407434094686073	1	28
9.77000117301941	632	7.407434094686073	0	34
9.775001049041748	666	7.407434094686073	0	31
9.780000448226929	697	7.407434094686073	0	19
9.785000324249268	716	7.407434094686073	0	-3
9.790000677108765	713	7.407434094686073	0	-25
9.79500126838684	688	7.142851790607337	1	-39
9.800000190734863	649	7.142851790607337	0	-37
9.805001497268677	612	7.142851790607337	0	-24
9.81000018119812	588	7.142851790607337	0	-12
9.815000772476196	576	7.142851790607337	0	0
9.820000648498535	576	7.142851790607337	0	12
9.825000286102295	588	7.407434094686073	1	29
9.830000877380371	617	7.407434094686073	0	43
9.835000991821289	660	7.407434094686073	0	42
9.84000039100647	702	7.407434094686073	0	27
9.845001459121704	729	7.407434094686073	0	16
9.850000143051147	745	7.407434094686073	0	4
9.855000734329224	749	7.407434094686073	0	-11
9.860000133514404	738	7.407460258871442	1	-27
9.86500096321106	711	7.407460258871442	0	-40
9.87000036239624	671	7.407460258871442	0	-38
9.875000715255737	633	7.407460258871442	0	-27
9.880001544952393	606	7.407460258871442	0	-14
9.885000705718994	592	7.407460258871442	0	-7
9.890000343322754	585	7.407460258871442	0	1
9.89500117301941	586	7.407460258871442	0	9
9.900001287460327	595	7.407355603238938	1	22
9.90500020980835	617	7.407355603238938	0	34
9.910001039505005	651	7.407355603238938	0	34
9.915000677108765	685	7.407355603238938	0	24
9.920001029968262	709	7.407355603238938	0	8
9.92500114440918	717	7.407355603238938	0	-13
9.930001020431519	704	7.407421012662699	1	-31
9.9350004196167	673	7.407421012662699	0	-39
9.940000534057617	634	7.407421012662699	0	-34
9.945000648498535	600	7.407421012662699	0	-17
9.950001001358032	583	7.407421012662699	0	-8
9.95500111579895	575	7.407421012662699	0	6
9.960000991821289	581	7.407421012662699	0	22
9.96500039100647	603	7.142851790607337	1	39
9.970000743865967	642	7.142851790607337	0	44
9.975000619888306	686	7.142851790607337	0	35
9.980000972747803	721	7.142851790607337	0	18
9.985000133514404	739	7.142851790607337	0	10
9.990000247955322	749	7.142851790607337	0	-5
9.995001077651978	744	7.142851790607337	0	0
