5.7220458984375e-06	864	0	0	-1
0.005001544952392578	863	0	0	0
0.010001420974731445	863	0	0	0
0.01500082015991211	863	0	0	-2
0.020000219345092773	861	0	0	-2
0.025000572204589844	859	0	0	-10
0.03000020980834961	849	0	0	-12
0.03500032424926758	837	0	0	-18
0.04000043869018555	819	0	0	-32
0.045000314712524414	787	0	0	-32
0.050000667572021484	755	0	0	-25
0.05500054359436035	730	0	0	-15
0.06000089645385742	715	0	0	-6
0.06500053405761719	709	0	0	-8
0.07000088691711426	701	0	0	-2
0.07500076293945312	699	0	0	-2
0.08000016212463379	697	0	0	0
0.08500051498413086	697	0	0	4
0.09000015258789062	701	11.111092273131861	1	10
0.0950002670288086	711	11.111092273131861	0	26
0.10000014305114746	737	11.111092273131861	0	37
0.10500097274780273	774	11.111092273131861	0	29
0.1100010871887207	803	11.111092273131861	0	21
0.11500167846679688	824	11.111092273131861	0	10
0.12000131607055664	834	11.111092273131861	0	10
0.1250007152557373	844	11.111092273131861	0	3
0.13000130653381348	847	11.111092273131861	0	1
0.13500022888183594	848	11.111092273131861	0	-7
0.1400008201599121	841	11.111092273131861	0	-21
0.14500045776367188	820	6.896529951856041	1	-36
0.15000128746032715	784	6.896529951856041	0	-38
0.1550002098083496	746	6.896529951856041	0	-23
0.16000080108642578	723	6.896529951856041	0	-10
0.16500115394592285	713	6.896529951856041	0	-10
0.17000079154968262	703	6.896529951856041	0	-4
0.17500090599060059	699	6.896529951856041	0	1
0.18000125885009766	700	6.896529951856041	0	4
0.18500113487243652	704	6.896529951856041	0	29
0.1900012493133545	733	5.2631232879462635	1	42
0.19500136375427246	775	5.2631232879462635	0	41
0.20000028610229492	816	5.2631232879462635	0	23
0.2050004005432129	839	5.2631232879462635	0	13
0.21000123023986816	852	5.2631232879462635	0	6
0.21500015258789062	858	5.2631232879462635	0	-6
0.2200009822845459	852	5.2631232879462635	0	-31
0.22500085830688477	821	4.44442749029905	1	-59
0.23000144958496094	762	4.44442749029905	0	-40
0.2350008487701416	722	4.44442749029905	0	-15
0.24000072479248047	707	4.44442749029905	0	-11
0.24500036239624023	696	4.44442749029905	0	-1
0.2500009536743164	695	4.44442749029905	0	2
0.2550010681152344	697	4.44442749029905	0	8
0.26000094413757324	705	4.44442749029905	0	34
0.2650015354156494	739	5.714240561083039	1	43
0.2700011730194092	782	5.714240561083039	0	30
0.27500128746032715	812	5.714240561083039	0	17
0.2800014019012451	829	5.714240561083039	0	11
0.2850008010864258	840	5.714240561083039	0	7
0.29000115394592285	847	5.714240561083039	0	-2
0.2950003147125244	845	5.714240561083039	0	-9
0.3000009059906006	836	6.451594246591778	1	-31
0.30500078201293945	805	6.451594246591778	0	-48
0.3100001811981201	757	6.451594246591778	0	-27
0.3150005340576172	730	6.451594246591778	0	-21
0.32000041007995605	709	6.451594246591778	0	-5
0.3250007629394531	704	6.451594246591778	0	-5
0.3300004005432129	699	6.451594246591778	0	-3
0.33500123023986816	696	6.451594246591778	0	10
0.3400001525878906	706	6.666715410377006	1	23
0.3450002670288086	729	6.666715410377006	0	46
0.35000085830688477	775	6.666715410377006	0	40
0.35500073432922363	815	6.666715410377006	0	24
0.3600013256072998	839	6.666715410377006	0	15
0.36500120162963867	854	6.666715410377006	0	4
0.37000131607055664	858	6.666715410377006	0	-8
0.3750004768371582	850	6.666715410377006	0	-43
0.3800008296966553	807	6.45161409407845	1	-61
0.38500070571899414	746	6.45161409407845	0	-29
0.3900003433227539	717	6.45161409407845	0	-16
0.3950014114379883	701	6.45161409407845	0	-4
0.40000104904174805	697	6.45161409407845	0	-2
0.4050009250640869	695	6.45161409407845	0	1
0.4100008010864258	696	6.45161409407845	0	13
0.41500067710876465	709	6.666704813857603	1	31
0.4200007915496826	740	6.666704813857603	0	47
0.4250013828277588	787	6.666704813857603	0	31
0.43000173568725586	818	6.666704813857603	0	14
0.4350013732910156	832	6.666704813857603	0	12
0.4400002956390381	844	6.666704813857603	0	3
0.44500017166137695	847	6.666704813857603	0	-3
0.45000147819519043	844	6.666704813857603	0	-17
0.4550008773803711	827	6.45161409407845	1	-40
0.46000123023986816	787	6.45161409407845	0	-39
0.46500086784362793	748	6.45161409407845	0	-26
0.470001220703125	722	6.45161409407845	0	-11
0.47500061988830566	711	6.45161409407845	0	-7
0.48000025749206543	704	6.45161409407845	0	-7
0.4850003719329834	697	6.45161409407845	0	3
0.4900014400482178	700	6.45161409407845	0	8
0.49500107765197754	708	6.45161409407845	0	35
0.5000007152557373	743	6.249978020864533	1	49
0.5050003528594971	792	6.249978020864533	0	33
0.5100002288818359	825	6.249978020864533	0	22
0.5150010585784912	847	6.249978020864533	0	7
0.5200009346008301	854	6.249978020864533	0	3
0.5250003337860107	857	6.249978020864533	0	-19
0.5300009250640869	838	6.666662428116844	1	-55
0.5350008010864258	783	6.666662428116844	0	-48
0.5400006771087646	735	6.666662428116844	0	-25
0.5450003147125244	710	6.666662428116844	0	-10
0.5500006675720215	700	6.666662428116844	0	-4
0.5550005435943604	696	6.666662428116844	0	-2
0.5600006580352783	694	6.666662428116844	0	7
0.5650012493133545	701	6.666662428116844	0	15
0.5700011253356934	716	6.451594246591778	1	42
0.5750010013580322	758	6.451594246591778	0	43
0.5800004005432129	801	6.451594246591778	0	21
0.5850009918212891	822	6.451594246591778	0	16
0.5900006294250488	838	6.451594246591778	0	6
0.5950005054473877	844	6.451594246591778	0	3
0.6000008583068848	847	6.451594246591778	0	-8
0.6050012111663818	839	6.451594246591778	0	-25
0.6100006103515625	814	6.451624017867581	1	-42
0.6150014400482178	772	6.451624017867581	0	-37
0.6200013160705566	735	6.451624017867581	0	-17
0.6250004768371582	718	6.451624017867581	0	-10
0.6300010681152344	708	6.451624017867581	0	-8
0.6350011825561523	700	6.451624017867581	0	-2
0.6400010585784912	698	6.451624017867581	0	2
0.6450011730194092	700	6.451624017867581	0	19
0.6500017642974854	719	6.666620042915044	1	47
0.6550009250640869	766	6.666620042915044	0	42
0.6600008010864258	808	6.666620042915044	0	30
0.6650002002716064	838	6.666620042915044	0	12
0.6700003147125244	850	6.666620042915044	0	7
0.6750009059906006	857	6.666620042915044	0	-5
0.6800010204315186	852	6.666620042915044	0	-34
0.6850001811981201	818	6.451643865537429	1	-58
0.6900005340576172	760	6.451643865537429	0	-39
0.6950008869171143	721	6.451643865537429	0	-16
0.700000524520874	705	6.451643865537429	0	-7
0.7050011157989502	698	6.451643865537429	0	-5
0.7100005149841309	693	6.451643865537429	0	6
0.7150003910064697	699	6.451643865537429	0	5
0.7200007438659668	704	6.451643865537429	0	31
0.7250003814697266	735	6.451643865537429	1	48
0.7300014495849609	783	6.451643865537429	0	31
0.7350008487701416	814	6.451643865537429	0	18
0.7400012016296387	832	6.451643865537429	0	10
0.7450013160705566	842	6.451643865537429	0	5
0.7500004768371582	847	6.451643865537429	0	-5
0.7550003528594971	842	6.451643865537429	0	-14
0.7600007057189941	828	6.666662428116844	1	-34
0.7650015354156494	794	6.666662428116844	0	-46
0.7700002193450928	748	6.666662428116844	0	-24
0.7750005722045898	724	6.666662428116844	0	-13
0.7800006866455078	711	6.666662428116844	0	-11
0.7850008010864258	700	6.666662428116844	0	-1
0.7900011539459229	699	6.666662428116844	0	-1
0.7950003147125244	698	6.666662428116844	0	13
0.8000009059906006	711	6.666704813857603	1	36
0.8050007820129395	747	6.666704813857603	0	45
0.8100004196166992	792	6.666704813857603	0	36
0.8150010108947754	828	6.666704813857603	0	17
0.820000171661377	845	6.666704813857603	0	10
0.8250010013580322	855	6.666704813857603	0	3
0.8300011157989502	858	6.666704813857603	0	-18
0.83500075340271	840	6.666641235448575	1	-48
0.8400003910064697	792	6.666641235448575	0	-55
0.8450007438659668	737	6.666641235448575	0	-25
0.8500010967254639	712	6.666641235448575	0	-11
0.8550009727478027	701	6.666641235448575	0	-8
0.8600010871887207	693	6.666641235448575	0	4
0.8650012016296387	697	6.666641235448575	0	5
0.8700003623962402	702	6.666641235448575	0	25
0.8750007152557373	727	6.666651831765867	1	42
0.8800003528594971	769	6.666651831765867	0	39
0.8850009441375732	808	6.666651831765867	0	20
0.8900003433227539	828	6.666651831765867	0	12
0.8950016498565674	840	6.666651831765867	0	7
0.900001049041748	847	6.666651831765867	0	-1
0.9050006866455078	846	6.666651831765867	0	-9
0.9100008010864258	837	6.666651831765867	0	-24
0.915001630783081	813	6.451574399227221	1	-47
0.9200005531311035	766	6.451574399227221	0	-33
0.9250004291534424	733	6.451574399227221	0	-19
0.9300017356872559	714	6.451574399227221	0	-10
0.9350008964538574	704	6.451574399227221	0	-3
0.9400010108947754	701	6.451574399227221	0	-3
0.9450011253356934	698	6.451574399227221	0	6
0.9500007629394531	704	6.451574399227221	0	27
0.9550008773803711	731	6.45161409407845	1	46
0.9600002765655518	777	6.45161409407845	0	42
0.965001106262207	819	6.45161409407845	0	21
0.970001220703125	840	6.45161409407845	0	12
0.9750010967254639	852	6.45161409407845	0	6
0.9800002574920654	858	6.45161409407845	0	-8
0.9850008487701416	850	6.45161409407845	0	-36
0.9900009632110596	814	6.4516041703198495	1	-60
0.9950003623962402	754	6.4516041703198495	0	-34
1.0000009536743164	720	6.4516041703198495	0	-15
1.0050005912780762	705	6.4516041703198495	0	-10
1.0100007057189941	695	6.4516041703198495	0	1
1.015000581741333	696	6.4516041703198495	0	2
1.020000696182251	698	6.4516041703198495	0	17
1.0250012874603271	715	6.666641235448575	1	44
1.030001163482666	759	6.666641235448575	0	40
1.0350010395050049	799	6.666641235448575	0	25
1.0400009155273438	824	6.666641235448575	0	14
1.0450007915496826	838	6.666641235448575	0	6
1.0500006675720215	844	6.666641235448575	0	4
1.0550012588500977	848	6.666641235448575	0	-7
1.0600001811981201	841	6.666641235448575	0	-18
1.0650014877319336	823	6.666673024501506	1	-44
1.0700008869171143	779	6.666673024501506	0	-38
1.075000524520874	741	6.666673024501506	0	-21
1.0800015926361084	720	6.666673024501506	0	-14
1.08500075340271	706	6.666673024501506	0	-4
1.0900001525878906	702	6.666673024501506	0	-4
1.095001220703125	698	6.666673024501506	0	3
1.1000010967254639	701	6.666673024501506	0	18
1.105001449584961	719	6.666641235448575	1	41
1.1100006103515625	760	6.666641235448575	0	47
1.1150002479553223	807	6.666641235448575	0	27
1.1200008392333984	834	6.666641235448575	0	16
1.1250011920928955	850	6.666641235448575	0	7
1.130000352859497	857	6.666641235448575	0	-3
1.135000228881836	854	6.666641235448575	0	-25
1.1400015354156494	829	6.666641235448575	1	-61
1.1450002193450928	768	6.666641235448575	0	-41
1.150001049041748	727	6.666641235448575	0	-19
1.1550014019012451	708	6.666641235448575	0	-11
1.1600010395050049	697	6.666641235448575	0	-2
1.1650004386901855	695	6.666641235448575	0	1
1.1700003147125244	696	6.666641235448575	0	11
1.1750009059906006	707	6.666683620919853	1	36
1.1800007820129395	743	6.666683620919853	0	47
1.1850013732910156	790	6.666683620919853	0	27
1.1900012493133545	817	6.666683620919853	0	16
1.1950006484985352	833	6.666683620919853	0	10
1.2000012397766113	843	6.666683620919853	0	5
1.205000877380371	848	6.666683620919853	0	-4
1.2100012302398682	844	6.666683620919853	0	-10
1.2150003910064697	834	6.666715410377006	1	-35
1.220001220703125	799	6.666715410377006	0	-42
1.2250001430511475	757	6.666715410377006	0	-28
1.23000168800354	729	6.666715410377006	0	-18
1.2350008487701416	711	6.666715410377006	0	-7
1.2400002479553223	704	6.666715410377006	0	-6
1.2450001239776611	698	6.666715410377006	0	0
1.2500014305114746	698	6.666715410377006	0	10
1.2550008296966553	708	6.6666942173718855	1	30
1.2600014209747314	738	6.6666942173718855	0	50
1.2650012969970703	788	6.6666942173718855	0	35
1.270000696182251	823	6.6666942173718855	0	21
1.275000810623169	844	6.6666942173718855	0	10
1.2800004482269287	854	6.6666942173718855	0	2
1.2850003242492676	856	6.6666942173718855	0	-7
1.2900002002716064	849	6.6666942173718855	0	-45
1.29500150680542	804	6.45161409407845	1	-57
1.3000006675720215	747	6.45161409407845	0	-30
1.3050007820129395	717	6.45161409407845	0	-17
1.3100013732910156	700	6.45161409407845	0	-3
1.3150014877319336	697	6.45161409407845	0	0
1.3200013637542725	697	6.45161409407845	0	2
1.3250012397766113	699	6.45161409407845	0	19
1.3300013542175293	718	6.451594246591778	1	42
1.3350012302398682	760	6.451594246591778	0	43
1.340001106262207	803	6.451594246591778	0	19
1.345001459121704	822	6.451594246591778	0	14
1.3500010967254639	836	6.451594246591778	0	10
1.35500168800354	846	6.451594246591778	0	0
1.3600008487701416	846	6.451594246591778	0	-4
1.3650012016296387	842	6.451594246591778	0	-21
1.3700010776519775	821	6.451584322894235	1	-39
1.375000238418579	782	6.451584322894235	0	-38
1.3800010681152344	744	6.451584322894235	0	-25
1.385000467300415	719	6.451584322894235	0	-10
1.390000581741333	709	6.451584322894235	0	-9
1.3950002193450928	700	6.451584322894235	0	-2
1.4000003337860107	698	6.451584322894235	0	3
1.4050006866455078	701	6.451584322894235	0	14
1.4100010395050049	715	6.4516041703198495	1	42
1.4150011539459229	757	6.4516041703198495	0	46
1.4200012683868408	803	6.4516041703198495	0	29
1.4250011444091797	832	6.4516041703198495	0	16
1.4300010204315186	848	6.4516041703198495	0	8
1.4350006580352783	856	6.4516041703198495	0	1
1.4400007724761963	857	6.4516041703198495	0	-19
1.4450011253356934	838	6.666683620919853	1	-56
1.450000286102295	782	6.666683620919853	0	-48
1.455000400543213	734	6.666683620919853	0	-27
1.4600005149841309	707	6.666683620919853	0	-7
1.4650006294250488	700	6.666683620919853	0	-4
1.4700016975402832	696	6.666683620919853	0	0
1.4750006198883057	696	6.666683620919853	0	8
1.4800012111663818	704	6.666683620919853	0	23
1.4850001335144043	727	6.4516637133293955	1	48
1.4900014400482178	775	6.4516637133293955	0	32
1.4950006008148193	807	6.4516637133293955	0	19
1.500000238418579	826	6.4516637133293955	0	13
1.505000352859497	839	6.4516637133293955	0	6
1.510000467300415	845	6.4516637133293955	0	3
1.515000581741333	848	6.4516637133293955	0	-8
1.5200002193450928	840	6.4516637133293955	0	-27
1.5250005722045898	813	6.45163394168724	1	-46
1.530000925064087	767	6.45163394168724	0	-36
1.5350008010864258	731	6.45163394168724	0	-16
1.5400011539459229	715	6.45163394168724	0	-11
1.5450012683868408	704	6.45163394168724	0	-5
1.5500009059906006	699	6.45163394168724	0	0
1.5550007820129395	699	6.45163394168724	0	2
1.5600016117095947	701	6.45163394168724	0	26
1.5650014877319336	727	6.451594246591778	1	41
1.5700008869171143	768	6.451594246591778	0	42
1.575000524520874	810	6.451594246591778	0	27
1.5800013542175293	837	6.451594246591778	0	14
1.585000991821289	851	6.451594246591778	0	8
1.5900006294250488	859	6.451594246591778	0	-6
1.595000982284546	853	6.451594246591778	0	-34
1.6000003814697266	819	6.451643865537429	1	-60
1.6050009727478027	759	6.451643865537429	0	-40
1.6100001335144043	719	6.451643865537429	0	-14
1.6150007247924805	705	6.451643865537429	0	-7
1.6200001239776611	698	6.451643865537429	0	-4
1.6250009536743164	694	6.451643865537429	0	4
1.6300010681152344	698	6.451643865537429	0	6
1.635000228881836	704	6.451643865537429	0	31
1.640000343322754	735	6.4516041703198495	1	45
1.6450014114379883	780	6.4516041703198495	0	33
1.6500005722045898	813	6.4516041703198495	0	18
1.6550002098083496	831	6.4516041703198495	0	9
1.6600003242492676	840	6.4516041703198495	0	8
1.6650006771087646	848	6.4516041703198495	0	-4
1.6700007915496826	844	6.4516041703198495	0	-13
1.6750006675720215	831	6.666662428116844	1	-32
1.6800005435943604	799	6.666662428116844	0	-43
1.6850006580352783	756	6.666662428116844	0	-26
1.6900014877319336	730	6.666662428116844	0	-17
1.6950013637542725	713	6.666662428116844	0	-9
1.7000007629394531	704	6.666662428116844	0	-3
1.705000638961792	701	6.666662428116844	0	-5
1.7100002765655518	696	6.666662428116844	0	8
1.7150013446807861	704	6.666662428116844	0	25
1.7200002670288086	729	6.4516637133293955	1	50
1.7250006198883057	779	6.4516637133293955	0	40
1.7300012111663818	819	6.4516637133293955	0	22
1.7350001335144043	841	6.4516637133293955	0	12
1.7400007247924805	853	6.4516637133293955	0	3
1.7450008392333984	856	6.4516637133293955	0	-8
1.7500009536743164	848	6.4516637133293955	0	-35
1.7550008296966553	813	6.451594246591778	1	-58
1.7600011825561523	755	6.451594246591778	0	-32
1.7650010585784912	723	6.451594246591778	0	-18
1.7700002193450928	705	6.451594246591778	0	-7
1.775000810623169	698	6.451594246591778	0	-1
1.7800014019012451	697	6.451594246591778	0	-2
1.785001277923584	695	6.451594246591778	0	10
1.7900009155273438	705	6.451594246591778	0	27
1.7950005531311035	732	6.4516041703198495	1	49
1.8000001907348633	781	6.4516041703198495	0	33
1.8050012588500977	814	6.4516041703198495	0	15
1.8100004196166992	829	6.4516041703198495	0	13
1.8150010108947754	842	6.4516041703198495	0	5
1.820000171661377	847	6.4516041703198495	0	-2
1.825000524520874	845	6.4516041703198495	0	-10
1.8300011157989502	835	6.4516041703198495	0	-33
1.8350002765655518	802	6.250015273727549	1	-41
1.8400003910064697	761	6.250015273727549	0	-30
1.8450002670288086	731	6.250015273727549	0	-18
1.8500010967254639	713	6.250015273727549	0	-7
1.8550004959106445	706	6.250015273727549	0	-8
1.8600001335144043	698	6.250015273727549	0	2
1.8650007247924805	700	6.250015273727549	0	3
1.8700008392333984	703	6.250015273727549	0	25
1.8750009536743164	728	6.451584322894235	1	49
1.8800015449523926	777	6.451584322894235	0	38
1.885000467300415	815	6.451584322894235	0	24
1.8900012969970703	839	6.451584322894235	0	13
1.8950004577636719	852	6.451584322894235	0	6
1.9000005722045898	858	6.451584322894235	0	-4
1.905001163482666	854	6.451584322894235	0	-35
1.9100005626678467	819	6.451624017867581	1	-55
1.9150006771087646	764	6.451624017867581	0	-40
1.9200012683868408	724	6.451624017867581	0	-19
1.9250001907348633	705	6.451624017867581	0	-6
1.9300017356872559	699	6.451624017867581	0	-5
1.9350004196166992	694	6.451624017867581	0	4
1.9400010108947754	698	6.451624017867581	0	9
1.9450006484985352	707	6.451624017867581	0	32
1.950000286102295	739	6.451624017867581	1	47
1.9550001621246338	786	6.451624017867581	0	27
1.9600002765655518	813	6.451624017867581	0	18
1.965001106262207	831	6.451624017867581	0	10
1.9700016975402832	841	6.451624017867581	0	5
1.9750003814697266	846	6.451624017867581	0	0
1.9800002574920654	846	6.451624017867581	0	-11
1.9850010871887207	835	6.666630639164968	1	-27
1.9900012016296387	808	6.666630639164968	0	-43
1.9950003623962402	765	6.666630639164968	0	-33
2.0000007152557373	732	6.666630639164968	0	-16
2.005000591278076	716	6.666630639164968	0	-12
2.0100011825561523	704	6.666630639164968	0	-3
2.0150012969970703	701	6.666630639164968	0	-3
2.020000457763672	698	6.666630639164968	0	5
2.0250017642974854	703	6.666630639164968	0	26
2.0300002098083496	729	6.451643865537429	1	46
2.0350003242492676	775	6.451643865537429	0	41
2.040001153945923	816	6.451643865537429	0	23
2.045001745223999	839	6.451643865537429	0	13
2.0500006675720215	852	6.451643865537429	0	6
2.0550007820129395	858	6.451643865537429	0	-5
2.0600008964538574	853	6.451643865537429	0	-26
2.065000534057617	827	6.45161409407845	1	-59
2.070000410079956	768	6.45161409407845	0	-41
2.0750010013580322	727	6.45161409407845	0	-18
2.080000638961792	709	6.45161409407845	0	-12
2.085001230239868	697	6.45161409407845	0	-1
2.090001106262207	696	6.45161409407845	0	2
2.095001220703125	698	6.45161409407845	0	6
2.100001335144043	704	6.45161409407845	0	28
2.1050002574920654	732	6.45161409407845	1	46
2.1100008487701416	778	6.45161409407845	0	33
2.1150007247924805	811	6.45161409407845	0	18
2.120000123977661	829	6.45161409407845	0	12
2.1250007152557373	841	6.45161409407845	0	7
2.1300013065338135	848	6.45161409407845	0	-5
2.1350014209747314	843	6.45161409407845	0	-6
2.140001058578491	837	6.45161409407845	0	-28
2.1450002193450928	809	6.250033900325592	1	-42
2.150000810623169	767	6.250033900325592	0	-32
2.155001401901245	735	6.250033900325592	0	-21
2.1600003242492676	714	6.250033900325592	0	-8
2.1650009155273438	706	6.250033900325592	0	-6
2.1700007915496826	700	6.250033900325592	0	-3
2.1750009059906006	697	6.250033900325592	0	7
2.1800007820129395	704	6.250033900325592	0	20
2.1850013732910156	724	6.451564475590735	1	50
2.1900007724761963	774	6.451564475590735	0	39
2.195000410079956	813	6.451564475590735	0	24
2.200000524520874	837	6.451564475590735	0	14
2.205000638961792	851	6.451564475590735	0	6
2.210001230239868	857	6.451564475590735	0	-3
2.215000867843628	854	6.451564475590735	0	-24
2.2200005054473877	830	6.45161409407845	1	-57
2.2250006198883057	773	6.45161409407845	0	-42
2.230001449584961	731	6.45161409407845	0	-24
2.2350010871887207	707	6.45161409407845	0	-6
2.2400004863739014	701	6.45161409407845	0	-6
2.2450006008148193	695	6.45161409407845	0	1
2.2500007152557373	696	6.45161409407845	0	9
2.2550010681152344	705	6.45161409407845	0	25
2.260000228881836	730	6.45161409407845	1	49
2.2650012969970703	779	6.45161409407845	0	31
2.270001173019409	810	6.45161409407845	0	18
2.27500057220459	828	6.45161409407845	0	13
2.2800002098083496	841	6.45161409407845	0	5
2.285000801086426	846	6.45161409407845	0	1
2.2900006771087646	847	6.45161409407845	0	-8
2.2950005531311035	839	6.45161409407845	0	-25
2.300001382827759	814	6.451564475590735	1	-43
2.3050012588500977	771	6.451564475590735	0	-36
2.310000419616699	735	6.451564475590735	0	-18
2.315000534057617	717	6.451564475590735	0	-11
2.3200011253356934	706	6.451564475590735	0	-6
2.3250012397766113	700	6.451564475590735	0	0
2.330000638961792	700	6.451564475590735	0	1
2.335000514984131	701	6.451564475590735	0	23
2.340001344680786	724	6.45161409407845	1	45
2.345001220703125	769	6.45161409407845	0	40
2.350001096725464	809	6.45161409407845	0	29
2.3550002574920654	838	6.45161409407845	0	12
2.3600001335144043	850	6.45161409407845	0	9
2.3650007247924805	859	6.45161409407845	0	-6
2.3700008392333984	853	6.45161409407845	0	-29
2.3750009536743164	824	6.451594246591778	1	-58
2.380000352859497	766	6.451594246591778	0	-42
2.3850011825561523	724	6.451594246591778	0	-17
2.390000820159912	707	6.451594246591778	0	-8
2.3950016498565674	699	6.451594246591778	0	-4
2.400001287460327	695	6.451594246591778	0	4
2.405000925064087	699	6.451594246591778	0	7
2.4100005626678467	706	6.451594246591778	0	32
2.415001153945923	738	6.451574399227221	1	44
2.4200003147125244	782	6.451574399227221	0	29
2.4250001907348633	811	6.451574399227221	0	18
2.4300014972686768	829	6.451574399227221	0	10
2.4350011348724365	839	6.451574399227221	0	8
2.4400010108947754	847	6.451574399227221	0	-1
2.445000410079956	846	6.451574399227221	0	-9
2.4500014781951904	837	6.451574399227221	0	-26
2.455000877380371	811	6.45163394168724	1	-47
2.460001230239868	764	6.45163394168724	0	-31
2.4650001525878906	733	6.45163394168724	0	-19
2.470001697540283	714	6.45163394168724	0	-10
2.4750003814697266	704	6.45163394168724	0	-2
2.4800004959106445	702	6.45163394168724	0	-5
2.4850001335144043	697	6.45163394168724	0	9
2.4900009632110596	706	6.45163394168724	0	23
2.4950003623962402	729	6.451653789418147	1	44
2.500000476837158	773	6.451653789418147	0	41
2.5050008296966553	814	6.451653789418147	0	22
2.510000705718994	836	6.451653789418147	0	15
2.515000820159912	851	6.451653789418147	0	7
2.52000093460083	858	6.451653789418147	0	-4
2.5250017642974854	854	6.451653789418147	0	-30
2.5300002098083496	824	6.451643865537429	1	-63
2.535000801086426	761	6.451643865537429	0	-37
2.5400004386901855	724	6.451643865537429	0	-19
2.545001268386841	705	6.451643865537429	0	-9
2.5500011444091797	696	6.451643865537429	0	1
2.5550007820129395	697	6.451643865537429	0	-3
2.56000018119812	694	6.451643865537429	0	13
2.565000534057617	707	6.6666942173718855	1	27
2.5700008869171143	734	6.6666942173718855	0	44
2.575000524520874	778	6.6666942173718855	0	33
2.58000111579895	811	6.6666942173718855	0	17
2.58500075340271	828	6.6666942173718855	0	12
2.5900003910064697	840	6.6666942173718855	0	6
2.595000743865967	846	6.6666942173718855	0	0
2.6000008583068848	846	6.6666942173718855	0	-12
2.6050004959106445	834	6.666683620919853	1	-37
2.6100003719329834	797	6.666683620919853	0	-41
2.6150002479553223	756	6.666683620919853	0	-28
2.6200006008148193	728	6.666683620919853	0	-17
2.6250009536743164	711	6.666683620919853	0	-5
2.6300010681152344	706	6.666683620919853	0	-9
2.635000467300415	697	6.666683620919853	0	2
2.6400012969970703	699	6.666683620919853	0	5
2.6450002193450928	704	6.666683620919853	0	23
2.6500003337860107	727	6.45161409407845	1	51
2.6550002098083496	778	6.45161409407845	0	37
2.660001039505005	815	6.45161409407845	0	23
2.6650004386901855	838	6.45161409407845	0	14
2.6700010299682617	852	6.45161409407845	0	5
2.6750009059906006	857	6.45161409407845	0	-6
2.6800003051757812	851	6.45161409407845	0	-39
2.6850011348724365	812	6.451574399227221	1	-55
2.6900012493133545	757	6.451574399227221	0	-35
2.6950013637542725	722	6.451574399227221	0	-19
2.700000524520874	703	6.451574399227221	0	-4
2.705000638961792	699	6.451574399227221	0	-5
2.710000514984131	694	6.451574399227221	0	3
2.715001344680786	697	6.451574399227221	0	9
2.720001459121704	706	6.451574399227221	0	28
2.7250003814697266	734	6.250005960470162	1	47
2.7300007343292236	781	6.250005960470162	0	29
2.7350010871887207	810	6.250005960470162	0	19
2.7400007247924805	829	6.250005960470162	0	11
2.7450013160705566	840	6.250005960470162	0	6
2.7500007152557373	846	6.250005960470162	0	2
2.755000352859497	848	6.250005960470162	0	-15
2.7600009441375732	833	6.451594246591778	1	-28
2.765000581741333	805	6.451594246591778	0	-45
2.7700002193450928	760	6.451594246591778	0	-32
2.775001049041748	728	6.451594246591778	0	-14
2.7800002098083496	714	6.451594246591778	0	-12
2.785001039505005	702	6.451594246591778	0	-4
2.7900002002716064	698	6.451594246591778	0	2
2.795001268386841	700	6.451594246591778	0	4
2.8000006675720215	704	6.451594246591778	0	28
2.8050005435943604	732	6.4516041703198495	1	43
2.8100011348724365	775	6.4516041703198495	0	41
2.8150007724761963	816	6.4516041703198495	0	23
2.8200013637542725	839	6.4516041703198495	0	13
2.825000524520874	852	6.4516041703198495	0	6
2.830000162124634	858	6.4516041703198495	0	-6
2.835000991821289	852	6.4516041703198495	0	-31
2.8400001525878906	821	6.451653789418147	1	-60
2.845000743865967	761	6.451653789418147	0	-39
2.8500003814697266	722	6.451653789418147	0	-16
2.8550007343292236	706	6.451653789418147	0	-10
2.860001564025879	696	6.451653789418147	0	0
2.8650012016296387	696	6.451653789418147	0	2
2.8700008392333984	698	6.451653789418147	0	8
2.8750016689300537	706	6.451653789418147	0	36
2.8800008296966553	742	6.451594246591778	1	43
2.885000228881836	785	6.451594246591778	0	30
2.890000820159912	815	6.451594246591778	0	16
2.8950002193450928	831	6.451594246591778	0	10
2.9000003337860107	841	6.451594246591778	0	7
2.905001401901245	848	6.451594246591778	0	-2
2.910001754760742	846	6.451594246591778	0	-8
2.915001153945923	838	6.451594246591778	0	-29
2.9200007915496826	809	6.250005960470162	1	-44
2.9250011444091797	765	6.250005960470162	0	-32
2.9300010204315186	733	6.250005960470162	0	-17
2.9350016117095947	716	6.250005960470162	0	-10
2.9400010108947754	706	6.250005960470162	0	-6
2.9450011253356934	700	6.250005960470162	0	-2
2.9500014781951904	698	6.250005960470162	0	7
2.955000877380371	705	6.250005960470162	0	24
2.960001230239868	729	6.451584322894235	1	49
2.965000629425049	778	6.451584322894235	0	39
2.970000982284546	817	6.451584322894235	0	22
2.9750006198883057	839	6.451584322894235	0	13
2.9800004959106445	852	6.451584322894235	0	6
2.9850008487701416	858	6.451584322894235	0	-6
2.9900009632110596	852	6.451584322894235	0	-30
2.995000123977661	822	6.45161409407845	1	-63
3.0000011920928955	759	6.45161409407845	0	-34
3.0050013065338135	725	6.45161409407845	0	-22
3.010000467300415	703	6.45161409407845	0	-5
3.015001058578491	698	6.45161409407845	0	-2
3.020000457763672	696	6.45161409407845	0	1
3.025001287460327	697	6.45161409407845	0	13
3.0300004482269287	710	6.666683620919853	1	30
3.0350005626678467	740	6.666683620919853	0	50
3.0400004386901855	790	6.666683620919853	0	26
3.0450007915496826	816	6.666683620919853	0	16
3.0500011444091797	832	6.666683620919853	0	11
3.0550010204315186	843	6.666683620919853	0	7
3.0600008964538574	850	6.666683620919853	0	-4
3.0650007724761963	846	6.666683620919853	0	-12
3.070000171661377	834	6.6666942173718855	1	-35
3.075000286102295	799	6.6666942173718855	0	-42
3.080000400543213	757	6.6666942173718855	0	-29
3.085001230239868	728	6.6666942173718855	0	-17
3.090000867843628	711	6.6666942173718855	0	-7
3.095000743865967	704	6.6666942173718855	0	-5
3.1000008583068848	699	6.6666942173718855	0	2
3.1050002574920654	701	6.6666942173718855	0	12
3.1100010871887207	713	6.666673024501506	1	43
3.1150009632110596	756	6.666673024501506	0	45
3.1200006008148193	801	6.666673024501506	0	31
3.125000238418579	832	6.666673024501506	0	16
3.1300015449523926	848	6.666673024501506	0	6
3.1350016593933105	854	6.666673024501506	0	3
3.140000343322754	857	6.666673024501506	0	-17
3.14500093460083	840	6.666630639164968	1	-52
3.15000057220459	788	6.666630639164968	0	-48
3.1550004482269287	740	6.666630639164968	0	-29
3.1600005626678467	711	6.666630639164968	0	-10
3.1650009155273438	701	6.666630639164968	0	-4
3.1700010299682617	697	6.666630639164968	0	-2
3.1750011444091797	695	6.666630639164968	0	7
3.1800012588500977	702	6.666630639164968	0	18
3.185000419616699	720	6.45161409407845	1	47
3.190000534057617	767	6.45161409407845	0	38
3.195000648498535	805	6.45161409407845	0	21
3.200000286102295	826	6.45161409407845	0	13
3.205000877380371	839	6.45161409407845	0	6
3.210000991821289	845	6.45161409407845	0	2
3.215000629425049	847	6.45161409407845	0	-8
3.2200002670288086	839	6.45161409407845	0	-27
3.2250006198883057	812	6.451594246591778	1	-41
3.230001211166382	771	6.451594246591778	0	-37
3.2350003719329834	734	6.451594246591778	0	-18
3.2400007247924805	716	6.451594246591778	0	-10
3.2450006008148193	706	6.451594246591778	0	-6
3.250000476837158	700	6.451594246591778	0	0
3.2550015449523926	700	6.451594246591778	0	2
3.260000228881836	702	6.451594246591778	0	22
3.2650015354156494	724	6.451594246591778	1	50
3.27000093460083	774	6.451594246591778	0	41
3.2750015258789062	815	6.451594246591778	0	26
3.280001163482666	841	6.451594246591778	0	10
3.285001754760742	851	6.451594246591778	0	7
3.2900009155273438	858	6.451594246591778	0	-4
3.2950010299682617	854	6.451594246591778	0	-32
3.300001382827759	822	6.451594246591778	1	-55
3.305001735687256	767	6.451594246591778	0	-44
3.3100013732910156	723	6.451594246591778	0	-17
3.315000534057617	706	6.451594246591778	0	-7
3.3200016021728516	699	6.451594246591778	0	-4
3.325000762939453	695	6.451594246591778	0	6
3.330000638961792	701	6.451594246591778	0	9
3.33500075340271	710	6.451594246591778	0	37
3.3400003910064697	747	6.45161409407845	1	46
3.3450005054473877	793	6.45161409407845	0	25
3.350001335144043	818	6.45161409407845	0	16
3.3550002574920654	834	6.45161409407845	0	7
3.3600008487701416	841	6.45161409407845	0	7
3.3650007247924805	848	6.45161409407845	0	-4
3.3700006008148193	844	6.45161409407845	0	-16
3.375000476837158	828	6.666673024501506	1	-38
3.3800013065338135	790	6.666673024501506	0	-43
3.385000228881836	747	6.666673024501506	0	-23
3.3900015354156494	724	6.666673024501506	0	-14
3.395000457763672	710	6.666673024501506	0	-8
3.40000057220459	702	6.666673024501506	0	-2
3.405000925064087	700	6.666673024501506	0	-1
3.410001039505005	699	6.666673024501506	0	15
3.4150002002716064	714	6.666726006930095	1	40
3.4200005531311035	754	6.666726006930095	0	45
3.4250011444091797	799	6.666726006930095	0	32
3.430001735687256	831	6.666726006930095	0	16
3.4350006580352783	847	6.666726006930095	0	8
3.4400007724761963	855	6.666726006930095	0	1
3.4450011253356934	856	6.666726006930095	0	-19
3.450000524520874	837	6.666704813857603	1	-53
3.455000638961792	784	6.666704813857603	0	-51
3.460000514984131	733	6.666704813857603	0	-23
3.4650003910064697	710	6.666704813857603	0	-10
3.470001459121704	700	6.666704813857603	0	-5
3.4750008583068848	695	6.666704813857603	0	3
3.480001449584961	698	6.666704813857603	0	8
3.4850006103515625	706	6.666704813857603	0	31
3.4900012016296387	737	6.666630639164968	1	44
3.495000123977661	781	6.666630639164968	0	31
3.5000009536743164	812	6.666630639164968	0	19
3.5050013065338135	831	6.666630639164968	0	8
3.510000467300415	839	6.666630639164968	0	8
3.515000820159912	847	6.666630639164968	0	0
3.520000696182251	847	6.666630639164968	0	-10
3.525001049041748	837	6.666630639164968	0	-28
3.530001401901245	809	6.451574399227221	1	-48
3.535000801086426	761	6.451574399227221	0	-33
3.540001153945923	728	6.451574399227221	0	-15
3.54500150680542	713	6.451574399227221	0	-11
3.5500011444091797	702	6.451574399227221	0	-2
3.5550010204315186	700	6.451574399227221	0	-3
3.5600013732910156	697	6.451574399227221	0	13
3.5650014877319336	710	6.666609446698805	1	33
3.570000410079956	743	6.666609446698805	0	44
3.575000524520874	787	6.666609446698805	0	37
3.58000111579895	824	6.666609446698805	0	18
3.585000514984131	842	6.666609446698805	0	13
3.590000629425049	855	6.666609446698805	0	3
3.5950005054473877	858	6.666609446698805	0	-12
3.600001335144043	846	6.666630639164968	1	-44
3.6050009727478027	802	6.666630639164968	0	-59
3.6100006103515625	743	6.666630639164968	0	-29
3.6150004863739014	714	6.666630639164968	0	-12
3.6200006008148193	702	6.666630639164968	0	-7
3.625000476837158	695	6.666630639164968	0	2
3.630000591278076	697	6.666630639164968	0	3
3.635000705718994	700	6.666630639164968	0	19
3.640000581741333	719	6.6666942173718855	1	41
3.6450002193450928	760	6.6666942173718855	0	39
3.6500017642974854	799	6.6666942173718855	0	25
3.6550002098083496	824	6.6666942173718855	0	11
3.660001277923584	835	6.6666942173718855	0	10
3.6650009155273438	845	6.6666942173718855	0	2
3.6700005531311035	847	6.6666942173718855	0	-9
3.6750006675720215	838	6.6666942173718855	0	-26
3.6800003051757812	812	6.666715410377006	1	-42
3.685000419616699	770	6.666715410377006	0	-33
3.6900007724761963	737	6.666715410377006	0	-20
3.6950013637542725	717	6.666715410377006	0	-12
3.700000524520874	705	6.666715410377006	0	-3
3.705000400543213	702	6.666715410377006	0	-5
3.710001230239868	697	6.666715410377006	0	5
3.715000867843628	702	6.666715410377006	0	18
3.7200005054473877	720	6.451653789418147	1	41
3.7250001430511475	761	6.451653789418147	0	48
3.73000168800354	809	6.451653789418147	0	26
3.7350006103515625	835	6.451653789418147	0	16
3.7400007247924805	851	6.451653789418147	0	7
3.745000123977661	858	6.451653789418147	0	-6
3.7500009536743164	852	6.451653789418147	0	-36
3.755000352859497	816	6.451653789418147	1	-60
3.760000705718994	756	6.451653789418147	0	-35
3.765000581741333	721	6.451653789418147	0	-15
3.7700002193450928	706	6.451653789418147	0	-9
3.775000810623169	697	6.451653789418147	0	0
3.7800002098083496	697	6.451653789418147	0	0
3.7850003242492676	697	6.451653789418147	0	9
3.790001153945923	706	6.451653789418147	0	30
3.7950010299682617	736	6.451594246591778	1	45
3.8000001907348633	781	6.451594246591778	0	36
3.8050012588500977	817	6.451594246591778	0	16
3.81000018119812	833	6.451594246591778	0	9
3.8150010108947754	842	6.451594246591778	0	5
3.8200011253356934	847	6.451594246591778	0	-3
3.825000762939453	844	6.451594246591778	0	-16
3.830000162124634	828	6.666673024501506	1	-41
3.83500075340271	787	6.666673024501506	0	-38
3.8400003910064697	749	6.666673024501506	0	-24
3.845001459121704	725	6.666673024501506	0	-15
3.850001096725464	710	6.666673024501506	0	-6
3.8550002574920654	704	6.666673024501506	0	-6
3.8600006103515625	698	6.666673024501506	0	3
3.8650014400482178	701	6.666673024501506	0	10
3.870000123977661	711	6.666683620919853	1	36
3.8750014305114746	747	6.666683620919853	0	51
3.880000591278076	798	6.666683620919853	0	30
3.8850014209747314	828	6.666683620919853	0	19
3.890000343322754	847	6.666683620919853	0	9
3.895001173019409	856	6.666683620919853	0	-1
3.900001049041748	855	6.666683620919853	0	-19
3.905000925064087	836	6.666641235448575	1	-55
3.9100005626678467	781	6.666641235448575	0	-47
3.9150002002716064	734	6.666641235448575	0	-23
3.9200007915496826	711	6.666641235448575	0	-12
3.9250011444091797	699	6.666641235448575	0	-2
3.9300007820129395	697	6.666641235448575	0	-2
3.9350013732910156	695	6.666641235448575	0	6
3.940000295639038	701	6.666641235448575	0	19
3.9450011253356934	720	6.666662428116844	1	41
3.950000524520874	761	6.666662428116844	0	44
3.955000638961792	805	6.666662428116844	0	18
3.9600002765655518	823	6.666662428116844	0	14
3.9650001525878906	837	6.666662428116844	0	9
3.970001220703125	846	6.666662428116844	0	0
3.9750006198883057	846	6.666662428116844	0	-6
3.980001211166382	840	6.666662428116844	0	-26
3.9850008487701416	814	6.451584322894235	1	-43
3.9900012016296387	771	6.451584322894235	0	-34
3.9950010776519775	737	6.451584322894235	0	-22
4.000000476837158	715	6.451584322894235	0	-7
4.005000829696655	708	6.451584322894235	0	-8
4.010000944137573	700	6.451584322894235	0	-2
4.015000820159912	698	6.451584322894235	0	7
4.020000696182251	705	6.451584322894235	0	21
4.025001525878906	726	6.451554551984779	1	49
4.030001401901245	775	6.451554551984779	0	37
4.035001277923584	812	6.451554551984779	0	26
4.040000677108765	838	6.451554551984779	0	14
4.045001268386841	852	6.451554551984779	0	5
4.050000429153442	857	6.451554551984779	0	-2
4.055000305175781	855	6.451554551984779	0	-31
4.060000419616699	824	6.45163394168724	1	-57
4.065000534057617	767	6.45163394168724	0	-40
4.070000648498535	727	6.45163394168724	0	-21
4.075001001358032	706	6.45163394168724	0	-6
4.08000111579895	700	6.45163394168724	0	-5
4.085000991821289	695	6.45163394168724	0	3
4.090000152587891	698	6.45163394168724	0	12
4.095000267028809	710	6.666704813857603	1	33
4.1000001430511475	743	6.666704813857603	0	48
4.105000972747803	791	6.666704813857603	0	26
4.1100006103515625	817	6.666704813857603	0	16
4.11500096321106	833	6.666704813857603	0	10
4.120000123977661	843	6.666704813857603	0	6
4.125000238418579	849	6.666704813857603	0	-4
4.130001068115234	845	6.666704813857603	0	-17
4.135000467300415	828	6.666683620919853	1	-36
4.140001535415649	792	6.666683620919853	0	-42
4.145000696182251	750	6.666683620919853	0	-27
4.150001287460327	723	6.666683620919853	0	-11
4.155000448226929	712	6.666683620919853	0	-9
4.160001277923584	703	6.666683620919853	0	-4
4.1650004386901855	699	6.666683620919853	0	2
4.170000314712524	701	6.666683620919853	0	11
4.1750006675720215	712	6.666704813857603	1	40
4.18000054359436	752	6.666704813857603	0	43
4.185000419616699	795	6.666704813857603	0	33
4.190000534057617	828	6.666704813857603	0	18
4.195000648498535	846	6.666704813857603	0	9
4.200000524520874	855	6.666704813857603	0	5
4.205000638961792	860	6.666704813857603	0	-16
4.210000991821289	844	6.666641235448575	1	-49
4.215000152587891	795	6.666641235448575	0	-53
4.220000982284546	742	6.666641235448575	0	-29
4.225000858306885	713	6.666641235448575	0	-12
4.230000972747803	701	6.666641235448575	0	-5
4.235000371932983	696	6.666641235448575	0	1
4.2400007247924805	697	6.666641235448575	0	7
4.24500036239624	704	6.666641235448575	0	22
4.250001430511475	726	6.451564475590735	1	50
4.255001068115234	776	6.451564475590735	0	33
4.260000467300415	809	6.451564475590735	0	18
4.265000343322754	827	6.451564475590735	0	12
4.270000457763672	839	6.451564475590735	0	6
4.275000810623169	845	6.451564475590735	0	3
4.280001163482666	848	6.451564475590735	0	-8
4.285001516342163	840	6.451564475590735	0	-22
4.290000915527344	818	6.451594246591778	1	-42
4.295001029968262	776	6.451594246591778	0	-38
4.3000006675720215	738	6.451594246591778	0	-18
4.3050007820129395	720	6.451594246591778	0	-14
4.310000658035278	706	6.451594246591778	0	-7
4.315001010894775	699	6.451594246591778	0	1
4.320000171661377	700	6.451594246591778	0	6
4.32500147819519	706	6.451594246591778	0	28
4.330000877380371	734	6.4516041703198495	1	44
4.335001230239868	778	6.4516041703198495	0	40
4.340000867843628	818	6.4516041703198495	0	22
4.345000743865967	840	6.4516041703198495	0	12
4.350001096725464	852	6.4516041703198495	0	7
4.355001211166382	859	6.4516041703198495	0	-5
4.3600013256073	854	6.4516041703198495	0	-25
4.3650007247924805	829	6.451624017867581	1	-54
4.370000123977661	775	6.451624017867581	0	-47
4.375000953674316	728	6.451624017867581	0	-20
4.380000829696655	708	6.451624017867581	0	-7
4.385000944137573	701	6.451624017867581	0	-4
4.390000343322754	697	6.451624017867581	0	3
4.39500093460083	700	6.451624017867581	0	9
4.400001287460327	709	6.451624017867581	0	38
4.405001401901245	747	6.45161409407845	1	43
4.410000562667847	790	6.45161409407845	0	26
4.415000677108765	816	6.45161409407845	0	15
4.420000314712524	831	6.45161409407845	0	9
4.4250006675720215	840	6.45161409407845	0	9
4.430000305175781	849	6.45161409407845	0	-4
4.435000896453857	845	6.45161409407845	0	-9
4.440001487731934	836	6.45161409407845	0	-32
4.445000410079956	804	6.45163394168724	1	-47
4.450000286102295	757	6.45163394168724	0	-27
4.455000162124634	730	6.45163394168724	0	-18
4.460001468658447	712	6.45163394168724	0	-8
4.465000152587891	704	6.45163394168724	0	-4
4.470000505447388	700	6.45163394168724	0	-2
4.475000619888306	698	6.45163394168724	0	13
4.480000972747803	711	6.666662428116844	1	32
4.4850006103515625	743	6.666662428116844	0	46
4.490000486373901	789	6.666662428116844	0	35
4.495000600814819	824	6.666662428116844	0	18
4.500001430511475	842	6.666662428116844	0	13
4.505001544952393	855	6.666662428116844	0	3
4.510000467300415	858	6.666662428116844	0	-9
4.515000820159912	849	6.666662428116844	0	-40
4.52000093460083	809	6.4516041703198495	1	-61
4.525001287460327	748	6.4516041703198495	0	-29
4.53000020980835	719	6.4516041703198495	0	-16
4.535000801086426	703	6.4516041703198495	0	-7
4.540000915527344	696	6.4516041703198495	0	2
4.545001029968262	698	6.4516041703198495	0	1
4.550000429153442	699	6.4516041703198495	0	21
4.5550007820129395	720	6.6666942173718855	1	38
4.560000896453857	758	6.6666942173718855	0	41
4.565001010894775	799	6.6666942173718855	0	24
4.570000648498535	823	6.6666942173718855	0	10
4.575001239776611	833	6.6666942173718855	0	12
4.580001354217529	845	6.6666942173718855	0	2
4.585000514984131	847	6.6666942173718855	0	-4
4.590000152587891	843	6.6666942173718855	0	-20
4.595000743865967	823	6.666651831765867	1	-45
4.600000858306885	778	6.666651831765867	0	-38
4.605000734329224	740	6.666651831765867	0	-23
4.610000848770142	717	6.666651831765867	0	-10
4.6150007247924805	707	6.666651831765867	0	-5
4.620000839233398	702	6.666651831765867	0	-5
4.625000476837158	697	6.666651831765867	0	6
4.630001068115234	703	6.666651831765867	0	14
4.6350014209747314	717	6.451594246591778	1	41
4.640000581741333	758	6.451594246591778	0	44
4.64500093460083	802	6.451594246591778	0	29
4.650000333786011	831	6.451594246591778	0	18
4.655000448226929	849	6.451594246591778	0	9
4.660000801086426	858	6.451594246591778	0	-1
4.6650004386901855	857	6.451594246591778	0	-25
4.670001029968262	832	6.666662428116844	1	-62
4.67500114440918	770	6.666662428116844	0	-41
4.680000305175781	729	6.666662428116844	0	-23
4.68500018119812	706	6.666662428116844	0	-7
4.690000534057617	699	6.666662428116844	0	-2
4.6950013637542725	697	6.666662428116844	0	-2
4.700000524520874	695	6.666662428116844	0	10
4.705000877380371	705	6.666662428116844	0	21
4.710001468658447	726	6.451584322894235	1	45
4.715000867843628	771	6.451584322894235	0	37
4.720000505447388	808	6.451584322894235	0	18
4.725000619888306	826	6.451584322894235	0	14
4.730001449584961	840	6.451584322894235	0	5
4.735000133514404	845	6.451584322894235	0	0
4.740000486373901	845	6.451584322894235	0	-9
4.745000123977661	836	6.451584322894235	0	-32
4.750000715255737	804	6.45161409407845	1	-43
4.755000352859497	761	6.45161409407845	0	-32
4.760000228881836	729	6.45161409407845	0	-15
4.765000581741333	714	6.45161409407845	0	-8
4.77000093460083	706	6.45161409407845	0	-8
4.775000333786011	698	6.45161409407845	0	3
4.780001401901245	701	6.45161409407845	0	4
4.785001277923584	705	6.45161409407845	0	26
4.7900002002716064	731	6.4516637133293955	1	46
4.795001029968262	777	6.4516637133293955	0	39
4.800001382827759	816	6.4516637133293955	0	27
4.805001497268677	843	6.4516637133293955	0	9
4.810000896453857	852	6.4516637133293955	0	6
4.815000534057617	858	6.4516637133293955	0	-9
4.820001125335693	849	6.4516637133293955	0	-46
4.825001239776611	803	6.4516041703198495	1	-55
4.83000111579895	748	6.4516041703198495	0	-32
4.835001230239868	716	6.4516041703198495	0	-13
4.840000152587891	703	6.4516041703198495	0	-5
4.845001459121704	698	6.4516041703198495	0	-3
4.850000381469727	695	6.4516041703198495	0	5
4.855000972747803	700	6.4516041703198495	0	11
4.860001087188721	711	6.666683620919853	1	36
4.865000247955322	747	6.666683620919853	0	46
4.87000036239624	793	6.666683620919853	0	24
4.875000238418579	817	6.666683620919853	0	18
4.880000591278076	835	6.666683620919853	0	7
4.885000228881836	842	6.666683620919853	0	6
4.89000129699707	848	6.666683620919853	0	-5
4.895000219345093	843	6.666683620919853	0	-21
4.900001049041748	822	6.666651831765867	1	-37
4.905000686645508	785	6.666651831765867	0	-41
4.910000562667847	744	6.666651831765867	0	-22
4.9150002002716064	722	6.666651831765867	0	-12
4.920001029968262	710	6.666651831765867	0	-9
4.925000190734863	701	6.666651831765867	0	-1
4.9300007820129395	700	6.666651831765867	0	0
4.935001373291016	700	6.666651831765867	0	11
4.940000772476196	711	6.666641235448575	1	38
4.945000648498535	749	6.666641235448575	0	47
4.95000147819519	796	6.666641235448575	0	35
4.955000877380371	831	6.666641235448575	0	16
4.960001230239868	847	6.666641235448575	0	9
4.965000152587891	856	6.666641235448575	0	0
4.970000982284546	856	6.666641235448575	0	-23
4.975001096725464	833	6.666673024501506	1	-52
4.9800004959106445	781	6.666673024501506	0	-47
4.9850006103515625	734	6.666673024501506	0	-24
4.990001201629639	710	6.666673024501506	0	-9
4.99500036239624	701	6.666673024501506	0	-6
5.000000715255737	695	6.666673024501506	0	2
5.005000591278076	697	6.666673024501506	0	4
5.010000467300415	701	6.666673024501506	0	17
5.015000581741333	718	6.45163394168724	1	44
5.020000696182251	762	6.45163394168724	0	41
5.025001525878906	803	6.45163394168724	0	24
5.03000020980835	827	6.45163394168724	0	11
5.035000801086426	838	6.45163394168724	0	7
5.0400002002716064	845	6.45163394168724	0	2
5.045001268386841	847	6.45163394168724	0	-10
5.050000190734863	837	6.666704813857603	1	-24
5.055001258850098	813	6.666704813857603	0	-43
5.060001373291016	770	6.666704813857603	0	-34
5.0650012493133545	736	6.666704813857603	0	-17
5.070001125335693	719	6.666704813857603	0	-13
5.075000286102295	706	6.666704813857603	0	-3
5.080000638961792	703	6.666704813857603	0	-5
5.085001230239868	698	6.666704813857603	0	3
5.09000039100647	701	6.666704813857603	0	22
5.095001697540283	723	6.451574399227221	1	44
5.100000858306885	767	6.451574399227221	0	45
5.1050004959106445	812	6.451574399227221	0	25
5.110000371932983	837	6.451574399227221	0	13
5.1150007247924805	850	6.451574399227221	0	8
5.120000600814819	858	6.451574399227221	0	-6
5.125000953674316	852	6.451574399227221	0	-28
5.1300013065338135	824	6.4516041703198495	1	-59
5.1350016593933105	765	6.4516041703198495	0	-39
5.140000343322754	726	6.4516041703198495	0	-17
5.145000696182251	709	6.4516041703198495	0	-11
5.150000810623169	698	6.4516041703198495	0	1
5.155001640319824	699	6.4516041703198495	0	-2
5.160000324249268	697	6.4516041703198495	0	7
5.165000677108765	704	6.4516041703198495	0	27
5.1700005531311035	731	6.45161409407845	1	44
5.175000190734863	775	6.45161409407845	0	36
5.1800007820129395	811	6.45161409407845	0	17
5.1850011348724365	828	6.45161409407845	0	12
5.1900012493133545	840	6.45161409407845	0	8
5.195000648498535	848	6.45161409407845	0	-2
5.200000286102295	846	6.45161409407845	0	-8
5.20500111579895	838	6.45161409407845	0	-29
5.210001230239868	809	6.249959394599556	1	-41
5.215000152587891	768	6.249959394599556	0	-32
5.220000505447388	736	6.249959394599556	0	-21
5.225001096725464	715	6.249959394599556	0	-7
5.230001211166382	708	6.249959394599556	0	-7
5.235000133514404	701	6.249959394599556	0	-3
5.240000247955322	698	6.249959394599556	0	9
5.245001316070557	707	6.249959394599556	0	24
5.250000953674316	731	6.451643865537429	1	51
5.255000352859497	782	6.451643865537429	0	37
5.260001182556152	819	6.451643865537429	0	22
5.26500129699707	841	6.451643865537429	0	13
5.270000457763672	854	6.451643865537429	0	3
5.275001287460327	857	6.451643865537429	0	-5
5.280001401901245	852	6.451643865537429	0	-36
5.285000324249268	816	6.451653789418147	1	-58
5.290000677108765	758	6.451653789418147	0	-34
5.295000791549683	724	6.451653789418147	0	-20
5.300000190734863	704	6.451653789418147	0	-5
5.305001497268677	699	6.451653789418147	0	-4
5.310000419616699	695	6.451653789418147	0	3
5.315000772476196	698	6.451653789418147	0	12
5.320000171661377	710	6.666683620919853	1	30
5.325000286102295	740	6.666683620919853	0	49
5.33000111579895	789	6.666683620919853	0	25
5.335001230239868	814	6.666683620919853	0	16
5.340000152587891	830	6.666683620919853	0	12
5.345000982284546	842	6.666683620919853	0	4
5.3500001430511475	846	6.666683620919853	0	0
5.3550004959106445	846	6.666683620919853	0	-10
5.360000848770142	836	6.666683620919853	0	-28
5.365001201629639	808	6.45161409407845	1	-43
5.37000036239624	765	6.45161409407845	0	-34
5.375001430511475	731	6.45161409407845	0	-16
5.380000829696655	715	6.45161409407845	0	-10
5.385000944137573	705	6.45161409407845	0	-6
5.390000343322754	699	6.45161409407845	0	3
5.395000457763672	702	6.45161409407845	0	6
5.40000057220459	708	6.45161409407845	0	33
5.405001401901245	741	6.451594246591778	1	47
5.410001039505005	788	6.451594246591778	0	36
5.415001392364502	824	6.451594246591778	0	20
5.420000314712524	844	6.451594246591778	0	9
5.425001382827759	853	6.451594246591778	0	5
5.430001735687256	858	6.451594246591778	0	-10
5.435000419616699	848	6.451594246591778	0	-37
5.440000534057617	811	6.4516041703198495	1	-56
5.445001125335693	755	6.4516041703198495	0	-37
5.4500017166137695	718	6.4516041703198495	0	-12
5.455000877380371	706	6.4516041703198495	0	-9
5.460000991821289	697	6.4516041703198495	0	-1
5.465000152587891	696	6.4516041703198495	0	4
5.470000505447388	700	6.4516041703198495	0	9
5.475000619888306	709	6.4516041703198495	0	38
5.480000734329224	747	6.249978020864533	1	44
5.485000371932983	791	6.249978020864533	0	26
5.490000486373901	817	6.249978020864533	0	14
5.495000839233398	831	6.249978020864533	0	10
5.500000953674316	841	6.249978020864533	0	6
5.505000829696655	847	6.249978020864533	0	-2
5.5100014209747314	845	6.249978020864533	0	-17
5.515000820159912	828	6.666683620919853	1	-37
5.520000457763672	791	6.666683620919853	0	-45
5.525000333786011	746	6.666683620919853	0	-23
5.53000020980835	723	6.666683620919853	0	-14
5.535001039505005	709	6.666683620919853	0	-7
5.540000915527344	702	6.666683620919853	0	-2
5.545001268386841	700	6.666683620919853	0	0
5.550000190734863	700	6.666683620919853	0	19
5.5550010204315186	719	6.666683620919853	1	41
5.560001611709595	760	6.666683620919853	0	44
5.565001487731934	804	6.666683620919853	0	30
5.570001125335693	834	6.666683620919853	0	14
5.575001239776611	848	6.666683620919853	0	8
5.580000400543213	856	6.666683620919853	0	1
5.585000276565552	857	6.666683620919853	0	-18
5.590000629425049	839	6.666662428116844	1	-48
5.595001697540283	791	6.666662428116844	0	-54
5.600001096725464	737	6.666662428116844	0	-22
5.605000257492065	715	6.666662428116844	0	-13
5.610000371932983	702	6.666662428116844	0	-6
5.615000486373901	696	6.666662428116844	0	2
5.6200010776519775	698	6.666662428116844	0	2
5.625000953674316	700	6.666662428116844	0	26
5.630000352859497	726	6.666683620919853	1	45
5.635000705718994	771	6.666683620919853	0	36
5.640000820159912	807	6.666683620919853	0	21
5.645001173019409	828	6.666683620919853	0	10
5.650000810623169	838	6.666683620919853	0	5
5.655000925064087	843	6.666683620919853	0	3
5.660000801086426	846	6.666683620919853	0	-7
5.665000677108765	839	6.666683620919853	0	-24
5.670000314712524	815	6.45163394168724	1	-47
5.675001382827759	768	6.45163394168724	0	-32
5.680001258850098	736	6.45163394168724	0	-20
5.685000896453857	716	6.45163394168724	0	-11
5.690001487731934	705	6.45163394168724	0	-2
5.695001125335693	703	6.45163394168724	0	-7
5.700000762939453	696	6.45163394168724	0	10
5.705001354217529	706	6.45163394168724	0	22
5.710000514984131	728	6.45163394168724	1	45
5.715000867843628	773	6.45163394168724	0	43
5.720000505447388	816	6.45163394168724	0	22
5.7250001430511475	838	6.45163394168724	0	15
5.730001449584961	853	6.45163394168724	0	5
5.735001087188721	858	6.45163394168724	0	-5
5.740000486373901	853	6.45163394168724	0	-32
5.745000123977661	821	6.45163394168724	1	-62
5.750001430511475	759	6.45163394168724	0	-36
5.7550013065338135	723	6.45163394168724	0	-18
5.760001182556152	705	6.45163394168724	0	-8
5.765000581741333	697	6.45163394168724	0	0
5.770000696182251	697	6.45163394168724	0	0
5.775000810623169	697	6.45163394168724	0	14
5.78000020980835	711	6.666673024501506	1	34
5.785001277923584	745	6.666673024501506	0	44
5.790000677108765	789	6.666673024501506	0	28
5.79500150680542	817	6.666673024501506	0	16
5.800000429153442	833	6.666673024501506	0	10
5.80500054359436	843	6.666673024501506	0	4
5.810001373291016	847	6.666673024501506	0	-3
5.815000295639038	844	6.666673024501506	0	-12
5.8200013637542725	832	6.666620042915044	1	-35
5.825000286102295	797	6.666620042915044	0	-44
5.830001354217529	753	6.666620042915044	0	-28
5.835000991821289	725	6.666620042915044	0	-15
5.840001106262207	710	6.666620042915044	0	-6
5.845001220703125	704	6.666620042915044	0	-6
5.850000858306885	698	6.666620042915044	0	2
5.855000972747803	700	6.666620042915044	0	10
5.860000848770142	710	6.666651831765867	1	31
5.865000247955322	741	6.666651831765867	0	46
5.870000839233398	787	6.666651831765867	0	33
5.875000953674316	820	6.666651831765867	0	23
5.8800013065338135	843	6.666651831765867	0	11
5.885001182556152	854	6.666651831765867	0	3
5.89000129699707	857	6.666651831765867	0	-9
5.89500093460083	848	6.666651831765867	0	-51
5.900001525878906	797	6.451554551984779	1	-53
5.905000448226929	744	6.451554551984779	0	-29
5.910000324249268	715	6.451554551984779	0	-14
5.915001153945923	701	6.451554551984779	0	-3
5.920000314712524	698	6.451554551984779	0	-4
5.92500114440918	694	6.451554551984779	0	7
5.930000305175781	701	6.451554551984779	0	11
5.935000896453857	712	6.451584322894235	1	33
5.940000295639038	745	6.451584322894235	0	48
5.945000410079956	793	6.451584322894235	0	25
5.950000286102295	818	6.451584322894235	0	17
5.955000877380371	835	6.451584322894235	0	9
5.960001468658447	844	6.451584322894235	0	2
5.965001106262207	846	6.451584322894235	0	-4
5.970001697540283	842	6.451584322894235	0	-20
5.975000858306885	822	6.45163394168724	1	-37
5.980001211166382	785	6.45163394168724	0	-39
5.985001087188721	746	6.45163394168724	0	-24
5.990001440048218	722	6.45163394168724	0	-11
5.995000839233398	711	6.45163394168724	0	-10
6.0000011920928955	701	6.45163394168724	0	-1
6.005000591278076	700	6.45163394168724	0	0
6.010001182556152	700	6.45163394168724	0	10
6.015000343322754	710	6.45163394168724	1	39
6.020000219345093	749	6.45163394168724	0	48
6.025001525878906	797	6.45163394168724	0	33
6.030001163482666	830	6.45163394168724	0	17
6.035001277923584	847	6.45163394168724	0	9
6.040000677108765	856	6.45163394168724	0	1
6.045000314712524	857	6.45163394168724	0	-21
6.05000114440918	836	6.666683620919853	1	-49
6.0550007820129395	787	6.666683620919853	0	-49
6.060000896453857	738	6.666683620919853	0	-26
6.065001726150513	712	6.666683620919853	0	-9
6.070000171661377	703	6.666683620919853	0	-7
6.075000762939453	696	6.666683620919853	0	1
6.080001354217529	697	6.666683620919853	0	3
6.085000276565552	700	6.666683620919853	0	13
6.090001344680786	713	6.451594246591778	1	45
6.095000743865967	758	6.451594246591778	0	41
6.1000001430511475	799	6.451594246591778	0	25
6.105001211166382	824	6.451594246591778	0	12
6.1100013256073	836	6.451594246591778	0	9
6.115000486373901	845	6.451594246591778	0	2
6.120000839233398	847	6.451594246591778	0	-8
6.1250011920928955	839	6.451594246591778	0	-19
6.1300013065338135	820	6.451594246591778	1	-39
6.1350014209747314	781	6.451594246591778	0	-37
6.140000343322754	744	6.451594246591778	0	-20
6.14500093460083	724	6.451594246591778	0	-14
6.150001287460327	710	6.451594246591778	0	-6
6.155000448226929	704	6.451594246591778	0	-5
6.160000324249268	699	6.451594246591778	0	-1
6.1650002002716064	698	6.451594246591778	0	18
6.170000314712524	716	6.45161409407845	1	37
6.1750006675720215	753	6.45161409407845	0	48
6.180001258850098	801	6.45161409407845	0	31
6.185000658035278	832	6.45161409407845	0	14
6.190000534057617	846	6.45161409407845	0	11
6.195001125335693	857	6.45161409407845	0	-1
6.200000762939453	856	6.45161409407845	0	-19
6.20500111579895	837	6.45161409407845	1	-53
6.210001707077026	784	6.45161409407845	0	-50
6.215001344680786	734	6.45161409407845	0	-22
6.220000505447388	712	6.45161409407845	0	-13
6.2250001430511475	699	6.45161409407845	0	-2
6.230001449584961	697	6.45161409407845	0	0
6.235000848770142	697	6.45161409407845	0	5
6.2400007247924805	702	6.45161409407845	0	25
6.24500036239624	727	6.451653789418147	1	44
6.2500011920928955	771	6.451653789418147	0	36
6.255000829696655	807	6.451653789418147	0	18
6.260000944137573	825	6.451653789418147	0	13
6.265001058578491	838	6.451653789418147	0	8
6.270000696182251	846	6.451653789418147	0	0
6.275000333786011	846	6.451653789418147	0	-5
6.280001163482666	841	6.451653789418147	0	-19
6.285001039505005	822	6.451624017867581	1	-39
6.290001153945923	783	6.451624017867581	0	-39
6.295000791549683	744	6.451624017867581	0	-24
6.300000429153442	720	6.451624017867581	0	-10
6.305001258850098	710	6.451624017867581	0	-8
6.310000658035278	702	6.451624017867581	0	-5
6.315000534057617	697	6.451624017867581	0	7
6.3200013637542725	704	6.451624017867581	0	16
6.325000762939453	720	6.451594246591778	1	47
6.330000162124634	767	6.451594246591778	0	42
6.335000514984131	809	6.451594246591778	0	27
6.34000039100647	836	6.451594246591778	0	14
6.345001220703125	850	6.451594246591778	0	6
6.350000381469727	856	6.451594246591778	0	1
6.355001211166382	857	6.451594246591778	0	-29
6.3600013256073	828	6.4516041703198495	1	-59
6.365000486373901	769	6.4516041703198495	0	-43
6.370000839233398	726	6.4516041703198495	0	-19
6.375000953674316	707	6.4516041703198495	0	-7
6.3800013065338135	700	6.4516041703198495	0	-3
6.385000705718994	697	6.4516041703198495	0	-1
6.39000129699707	696	6.4516041703198495	0	11
6.395001173019409	707	6.666630639164968	1	25
6.400001525878906	732	6.666630639164968	0	48
6.405001163482666	780	6.666630639164968	0	32
6.410001039505005	812	6.666630639164968	0	15
6.415001153945923	827	6.666630639164968	0	14
6.4200005531311035	841	6.666630639164968	0	4
6.42500114440918	845	6.666630639164968	0	2
6.430001497268677	847	6.666630639164968	0	-9
6.435001373291016	838	6.666630639164968	0	-25
6.440001010894775	813	6.45161409407845	1	-40
6.445000886917114	773	6.45161409407845	0	-38
6.450000524520874	735	6.45161409407845	0	-16
6.455001354217529	719	6.45161409407845	0	-10
6.46000075340271	709	6.45161409407845	0	-9
6.465001106262207	700	6.45161409407845	0	1
6.470000505447388	701	6.45161409407845	0	0
6.475000619888306	701	6.45161409407845	0	24
6.480000972747803	725	6.4516041703198495	1	44
6.485000133514404	769	6.4516041703198495	0	41
6.490000486373901	810	6.4516041703198495	0	28
6.495000839233398	838	6.4516041703198495	0	11
6.5000011920928955	849	6.4516041703198495	0	9
6.5050013065338135	858	6.4516041703198495	0	-3
6.510000228881836	855	6.4516041703198495	0	-26
6.515000343322754	829	6.451653789418147	1	-54
6.520001173019409	775	6.451653789418147	0	-46
6.525000333786011	729	6.451653789418147	0	-20
6.530001163482666	709	6.451653789418147	0	-9
6.535001039505005	700	6.451653789418147	0	-5
6.5400002002716064	695	6.451653789418147	0	4
6.545000314712524	699	6.451653789418147	0	5
6.550001382827759	704	6.451653789418147	0	30
6.5550010204315186	734	6.250005960470162	1	47
6.560001373291016	781	6.250005960470162	0	31
6.565001010894775	812	6.250005960470162	0	18
6.570001125335693	830	6.250005960470162	0	9
6.575001239776611	839	6.250005960470162	0	7
6.580000162124634	846	6.250005960470162	0	0
6.58500075340271	846	6.250005960470162	0	-9
6.590000152587891	837	6.250005960470162	0	-23
6.595000982284546	814	6.45161409407845	1	-45
6.600001573562622	769	6.45161409407845	0	-33
6.6050004959106445	736	6.45161409407845	0	-18
6.6100006103515625	718	6.45161409407845	0	-13
6.61500096321106	705	6.45161409407845	0	-2
6.620000600814819	703	6.45161409407845	0	-5
6.625000715255737	698	6.45161409407845	0	5
6.630000829696655	703	6.45161409407845	0	20
6.6350016593933105	723	6.451584322894235	1	42
6.640001535415649	765	6.451584322894235	0	44
6.645000219345093	809	6.451584322894235	0	25
6.650000333786011	834	6.451584322894235	0	16
6.655001163482666	850	6.451584322894235	0	7
6.660000324249268	857	6.451584322894235	0	-2
6.6650002002716064	855	6.451584322894235	0	-25
6.670001745223999	830	6.451554551984779	1	-60
6.6750006675720215	770	6.451554551984779	0	-41
6.680000305175781	729	6.451554551984779	0	-20
6.68500018119812	709	6.451554551984779	0	-11
6.690000534057617	698	6.451554551984779	0	1
6.695000410079956	699	6.451554551984779	0	-1
6.700000524520874	698	6.451554551984779	0	8
6.705000877380371	706	6.451554551984779	0	26
6.710000991821289	732	6.45161409407845	1	41
6.71500039100647	773	6.45161409407845	0	37
6.720000743865967	810	6.45161409407845	0	17
6.725000619888306	827	6.45161409407845	0	11
6.730000734329224	838	6.45161409407845	0	7
6.7350006103515625	845	6.45161409407845	0	1
6.74000096321106	846	6.45161409407845	0	-6
6.745000123977661	840	6.45161409407845	0	-24
6.750000953674316	816	6.45161409407845	1	-43
6.755000352859497	773	6.45161409407845	0	-37
6.760001182556152	736	6.45161409407845	0	-20
6.76500129699707	716	6.45161409407845	0	-8
6.770000219345093	708	6.45161409407845	0	-9
6.775001525878906	699	6.45161409407845	0	0
6.780000448226929	699	6.45161409407845	0	4
6.785001039505005	703	6.45161409407845	0	18
6.790001153945923	721	6.45163394168724	1	42
6.795000791549683	763	6.45163394168724	0	40
6.800000905990601	803	6.45163394168724	0	30
6.8050010204315186	833	6.45163394168724	0	15
6.810000419616699	848	6.45163394168724	0	8
6.815001010894775	856	6.45163394168724	0	2
6.820001125335693	858	6.45163394168724	0	-26
6.825001239776611	832	6.45163394168724	1	-56
6.830000162124634	776	6.45163394168724	0	-46
6.835000514984131	730	6.45163394168724	0	-23
6.840001106262207	707	6.45163394168724	0	-7
6.845000743865967	700	6.45163394168724	0	-5
6.850000619888306	695	6.45163394168724	0	2
6.855000257492065	697	6.45163394168724	0	7
6.860000848770142	704	6.45163394168724	0	20
6.8650007247924805	724	6.451624017867581	1	45
6.87000036239624	769	6.451624017867581	0	34
6.875001430511475	803	6.451624017867581	0	22
6.880001544952393	825	6.451624017867581	0	12
6.885000944137573	837	6.451624017867581	0	6
6.890000581741333	843	6.451624017867581	0	5
6.89500093460083	848	6.451624017867581	0	-10
6.900000810623169	838	6.666673024501506	1	-27
6.905001163482666	811	6.666673024501506	0	-42
6.910000801086426	769	6.666673024501506	0	-36
6.915001392364502	733	6.666673024501506	0	-16
6.920000314712524	717	6.666673024501506	0	-12
6.925000905990601	705	6.666673024501506	0	-4
6.930001497268677	701	6.666673024501506	0	-2
6.935001611709595	699	6.666673024501506	0	2
6.940000534057617	701	6.666673024501506	0	20
6.945000410079956	721	6.451643865537429	1	36
6.950000524520874	757	6.451643865537429	0	48
6.95500111579895	805	6.451643865537429	0	31
6.960001230239868	836	6.451643865537429	0	13
6.965000867843628	849	6.451643865537429	0	9
6.970000505447388	858	6.451643865537429	0	-3
6.9750001430511475	855	6.451643865537429	0	-25
6.980001211166382	830	6.45161409407845	1	-58
6.985000371932983	772	6.45161409407845	0	-45
6.990001440048218	727	6.45161409407845	0	-17
6.995000600814819	710	6.45161409407845	0	-11
7.000000953674316	699	6.45161409407845	0	-2
7.005001544952393	697	6.45161409407845	0	0
7.010000705718994	697	6.45161409407845	0	3
7.015000820159912	700	6.45161409407845	0	20
7.02000093460083	720	6.4516041703198495	1	41
7.02500057220459	761	6.4516041703198495	0	42
7.03000020980835	803	6.4516041703198495	0	22
7.035000324249268	825	6.4516041703198495	0	12
7.0400002002716064	837	6.4516041703198495	0	8
7.045001268386841	845	6.4516041703198495	0	0
7.050000905990601	845	6.4516041703198495	0	-6
7.05500054359436	839	6.4516041703198495	0	-25
7.06000018119812	814	6.2500245870126925	1	-45
7.065001010894775	769	6.2500245870126925	0	-29
7.070001125335693	740	6.2500245870126925	0	-23
7.075000524520874	717	6.2500245870126925	0	-10
7.08000111579895	707	6.2500245870126925	0	-5
7.085001230239868	702	6.2500245870126925	0	-4
7.090000152587891	698	6.2500245870126925	0	4
7.095001220703125	702	6.2500245870126925	0	16
7.100000858306885	718	6.451594246591778	1	42
7.105001211166382	760	6.451594246591778	0	46
7.110001087188721	806	6.451594246591778	0	28
7.1150007247924805	834	6.451594246591778	0	16
7.1200010776519775	850	6.451594246591778	0	6
7.125000715255737	856	6.451594246591778	0	0
7.130001068115234	856	6.451594246591778	0	-26
7.1350016593933105	830	6.451594246591778	1	-57
7.140000581741333	773	6.451594246591778	0	-41
7.145000696182251	732	6.451594246591778	0	-23
7.15000057220459	709	6.451594246591778	0	-8
7.15500020980835	701	6.451594246591778	0	-4
7.160001277923584	697	6.451594246591778	0	-2
7.165000915527344	695	6.451594246591778	0	9
7.1700005531311035	704	6.451594246591778	0	16
7.175001382827759	720	6.451594246591778	1	43
7.180000305175781	763	6.451594246591778	0	40
7.185000658035278	803	6.451594246591778	0	20
7.190000534057617	823	6.451594246591778	0	14
7.195000886917114	837	6.451594246591778	0	7
7.200000286102295	844	6.451594246591778	0	3
7.205000400543213	847	6.451594246591778	0	-6
7.210001468658447	841	6.451594246591778	0	-25
7.215000867843628	816	6.451584322894235	1	-40
7.220000505447388	776	6.451584322894235	0	-38
7.225001096725464	738	6.451584322894235	0	-19
7.230001449584961	719	6.451584322894235	0	-10
7.235001087188721	709	6.451584322894235	0	-8
7.240000486373901	701	6.451584322894235	0	-1
7.24500036239624	700	6.451584322894235	0	0
7.250001430511475	700	6.451584322894235	0	16
7.255000352859497	716	6.45163394168724	1	41
7.260000228881836	757	6.45163394168724	0	46
7.265000581741333	803	6.45163394168724	0	31
7.27000093460083	834	6.45163394168724	0	14
7.275001287460327	848	6.45163394168724	0	9
7.28000020980835	857	6.45163394168724	0	0
7.285000801086426	857	6.45163394168724	0	-23
7.290000677108765	834	6.451653789418147	1	-54
7.2950005531311035	780	6.451653789418147	0	-50
7.300000190734863	730	6.451653789418147	0	-21
7.305001258850098	709	6.451653789418147	0	-9
7.310000896453857	700	6.451653789418147	0	-5
7.315001010894775	695	6.451653789418147	0	4
7.320000171661377	699	6.451653789418147	0	4
7.325000524520874	703	6.451653789418147	0	26
7.330000877380371	729	6.45163394168724	1	46
7.335001468658447	775	6.45163394168724	0	32
7.340000867843628	807	6.45163394168724	0	21
7.345000743865967	828	6.45163394168724	0	9
7.3500001430511475	837	6.45163394168724	0	7
7.355000734329224	844	6.45163394168724	0	3
7.3600013256073	847	6.45163394168724	0	-8
7.365000247955322	839	6.45163394168724	0	-19
7.37000036239624	820	6.45163394168724	1	-42
7.375000476837158	778	6.45163394168724	0	-36
7.380000352859497	742	6.45163394168724	0	-21
7.385000944137573	721	6.45163394168724	0	-14
7.390000820159912	707	6.45163394168724	0	-4
7.395000219345093	703	6.45163394168724	0	-4
7.400001287460327	699	6.45163394168724	0	4
7.40500020980835	703	6.45163394168724	0	15
7.410000324249268	718	6.45161409407845	1	39
7.415000677108765	757	6.45161409407845	0	47
7.420000314712524	804	6.45161409407845	0	27
7.42500114440918	831	6.45161409407845	0	17
7.4300010204315186	848	6.45161409407845	0	8
7.435000658035278	856	6.45161409407845	0	0
7.440001010894775	856	6.45161409407845	0	-14
7.445000410079956	842	6.451624017867581	1	-50
7.450001239776611	792	6.451624017867581	0	-51
7.455000877380371	741	6.451624017867581	0	-26
7.460001230239868	715	6.451624017867581	0	-15
7.465001106262207	700	6.451624017867581	0	-1
7.470001697540283	699	6.451624017867581	0	-3
7.475000381469727	696	6.451624017867581	0	7
7.480000972747803	703	6.451624017867581	0	21
7.485001087188721	724	6.4516041703198495	1	45
7.4900007247924805	769	6.4516041703198495	0	37
7.495000600814819	806	6.4516041703198495	0	19
7.500000238418579	825	6.4516041703198495	0	12
7.505001544952393	837	6.4516041703198495	0	8
7.510000228881836	845	6.4516041703198495	0	1
7.515000820159912	846	6.4516041703198495	0	-6
7.520000696182251	840	6.4516041703198495	0	-21
7.525001287460327	819	6.451574399227221	1	-41
7.530001163482666	778	6.451574399227221	0	-35
7.535000562667847	743	6.451574399227221	0	-24
7.5400002002716064	719	6.451574399227221	0	-9
7.545000314712524	710	6.451574399227221	0	-9
7.550000190734863	701	6.451574399227221	0	-2
7.55500054359436	699	6.451574399227221	0	0
7.560000658035278	699	6.451574399227221	0	21
7.565001010894775	720	6.451584322894235	1	46
7.570000171661377	766	6.451584322894235	0	42
7.575000286102295	808	6.451584322894235	0	27
7.580000162124634	835	6.451584322894235	0	15
7.585000991821289	850	6.451584322894235	0	7
7.590000629425049	857	6.451584322894235	0	-1
7.595000267028809	856	6.451584322894235	0	-28
7.600001335144043	828	6.451574399227221	1	-55
7.605000257492065	773	6.451574399227221	0	-43
7.610000848770142	730	6.451574399227221	0	-23
7.615000247955322	707	6.451574399227221	0	-6
7.620000839233398	701	6.451574399227221	0	-5
7.6250011920928955	696	6.451574399227221	0	2
7.630001544952393	698	6.451574399227221	0	8
7.635000228881836	706	6.451574399227221	0	24
7.640000820159912	730	6.451624017867581	1	53
7.645000696182251	783	6.451624017867581	0	29
7.650001049041748	812	6.451624017867581	0	17
7.655000925064087	829	6.451624017867581	0	11
7.660000801086426	840	6.451624017867581	0	5
7.665000915527344	845	6.451624017867581	0	2
7.670000791549683	847	6.451624017867581	0	-9
7.675000190734863	838	6.451624017867581	0	-24
7.680000305175781	814	6.451653789418147	1	-41
7.68500018119812	773	6.451653789418147	0	-37
7.690000772476196	736	6.451653789418147	0	-18
7.695000648498535	718	6.451653789418147	0	-11
7.700000762939453	707	6.451653789418147	0	-6
7.705000162124634	701	6.451653789418147	0	0
7.710000514984131	701	6.451653789418147	0	1
7.715000629425049	702	6.451653789418147	0	22
7.720000505447388	724	6.45163394168724	1	42
7.725000619888306	766	6.45163394168724	0	43
7.730000972747803	809	6.45163394168724	0	27
7.735001087188721	836	6.45163394168724	0	13
7.740000486373901	849	6.45163394168724	0	9
7.745001316070557	858	6.45163394168724	0	-4
7.750001430511475	854	6.45163394168724	0	-26
7.755000591278076	828	6.451643865537429	1	-58
7.760001182556152	770	6.451643865537429	0	-44
7.765000581741333	726	6.451643865537429	0	-18
7.770000696182251	708	6.451643865537429	0	-10
7.775001287460327	698	6.451643865537429	0	-2
7.780000686645508	696	6.451643865537429	0	3
7.785001754760742	699	6.451643865537429	0	7
7.790000915527344	706	6.451643865537429	0	30
7.795001029968262	736	6.4516041703198495	1	44
7.8000006675720215	780	6.4516041703198495	0	32
7.805001258850098	812	6.4516041703198495	0	17
7.810000896453857	829	6.4516041703198495	0	9
7.815001010894775	838	6.4516041703198495	0	8
7.8200013637542725	846	6.4516041703198495	0	-1
7.825000524520874	845	6.4516041703198495	0	-8
7.830000877380371	837	6.4516041703198495	0	-24
7.835000276565552	813	6.45161409407845	1	-49
7.840000152587891	764	6.45161409407845	0	-31
7.845000743865967	733	6.45161409407845	0	-18
7.850000619888306	715	6.45161409407845	0	-9
7.8550004959106445	706	6.45161409407845	0	-5
7.860000133514404	701	6.45161409407845	0	-4
7.86500096321106	697	6.45161409407845	0	10
7.8700010776519775	707	6.45161409407845	0	20
7.875000238418579	727	6.451624017867581	1	43
7.880001068115234	770	6.451624017867581	0	39
7.885000705718994	809	6.451624017867581	0	25
7.890001058578491	834	6.451624017867581	0	16
7.895001411437988	850	6.451624017867581	0	7
7.900001287460327	857	6.451624017867581	0	-1
7.905000925064087	856	6.451624017867581	0	-26
7.910001277923584	830	6.451584322894235	1	-62
7.915000915527344	768	6.451584322894235	0	-39
7.920000314712524	729	6.451584322894235	0	-22
7.925000190734863	707	6.451584322894235	0	-8
7.930000305175781	699	6.451584322894235	0	-2
7.935000658035278	697	6.451584322894235	0	-1
7.940000772476196	696	6.451584322894235	0	10
7.945000648498535	706	6.451584322894235	0	23
7.950000286102295	729	6.451643865537429	1	44
7.955000638961792	773	6.451643865537429	0	35
7.960001230239868	808	6.451643865537429	0	17
7.96500039100647	825	6.451643865537429	0	14
7.970000982284546	839	6.451643865537429	0	7
7.975000619888306	846	6.451643865537429	0	0
7.9800004959106445	846	6.451643865537429	0	-7
7.985001564025879	839	6.451643865537429	0	-27
7.990001201629639	812	6.451574399227221	1	-42
7.995000600814819	770	6.451574399227221	0	-36
8.000000715255737	734	6.451574399227221	0	-17
8.005000591278076	717	6.451574399227221	0	-9
8.010000705718994	708	6.451574399227221	0	-8
8.015000820159912	700	6.451574399227221	0	1
8.02000093460083	701	6.451574399227221	0	0
8.025001287460327	701	6.451574399227221	0	17
8.030000925064087	718	6.451584322894235	1	41
8.035000324249268	759	6.451584322894235	0	45
8.040000200271606	804	6.451584322894235	0	30
8.045000314712524	834	6.451584322894235	0	16
8.0500009059906	850	6.451584322894235	0	8
8.055000305175781	858	6.451584322894235	0	-2
8.060000896453857	856	6.451584322894235	0	-31
8.065001487731934	825	6.4516041703198495	1	-55
8.070000171661377	770	6.4516041703198495	0	-41
8.075001001358032	729	6.4516041703198495	0	-21
8.08000135421753	708	6.4516041703198495	0	-6
8.085000276565552	702	6.4516041703198495	0	-6
8.09000015258789	696	6.4516041703198495	0	3
8.095000982284546	699	6.4516041703198495	0	3
8.100001573562622	702	6.4516041703198495	0	17
8.105001211166382	719	6.451574399227221	1	46
8.110000371932983	765	6.451574399227221	0	40
8.115000247955322	805	6.451574399227221	0	22
8.120001316070557	827	6.451574399227221	0	11
8.125000953674316	838	6.451574399227221	0	7
8.130001068115234	845	6.451574399227221	0	2
8.135000467300415	847	6.451574399227221	0	-9
8.140000581741333	838	6.451574399227221	0	-23
8.145000457763672	815	6.451643865537429	1	-45
8.150001049041748	770	6.451643865537429	0	-34
8.155000925064087	736	6.451643865537429	0	-17
8.160000324249268	719	6.451643865537429	0	-13
8.165000677108765	706	6.451643865537429	0	-3
8.170000791549683	703	6.451643865537429	0	-5
8.175000190734863	698	6.451643865537429	0	3
8.180000305175781	701	6.451643865537429	0	17
8.185001134872437	718	6.4516041703198495	1	39
8.190000772476196	757	6.4516041703198495	0	48
8.195001363754272	805	6.4516041703198495	0	29
8.20000147819519	834	6.4516041703198495	0	15
8.205000877380371	849	6.4516041703198495	0	8
8.210000276565552	857	6.4516041703198495	0	-1
8.215001106262207	856	6.4516041703198495	0	-22
8.220001220703125	834	6.451624017867581	1	-56
8.225001096725464	778	6.451624017867581	0	-47
8.230000257492065	731	6.451624017867581	0	-20
8.235000133514404	711	6.451624017867581	0	-12
8.240000247955322	699	6.451624017867581	0	-1
8.245000839233398	698	6.451624017867581	0	-1
8.250001668930054	697	6.451624017867581	0	5
8.255001068115234	702	6.451624017867581	0	21
8.260001182556152	723	6.45161409407845	1	39
8.26500153541565	762	6.45161409407845	0	40
8.27000117301941	802	6.45161409407845	0	22
8.275001525878906	824	6.45161409407845	0	12
8.280001163482666	836	6.45161409407845	0	9
8.285000801086426	845	6.45161409407845	0	1
8.290001153945923	846	6.45161409407845	0	-6
8.295001029968262	840	6.45161409407845	0	-21
8.300000429153442	819	6.45161409407845	1	-41
8.305001020431519	778	6.45161409407845	0	-36
8.31000018119812	742	6.45161409407845	0	-24
8.315001010894775	718	6.45161409407845	0	-9
8.320001125335693	709	6.45161409407845	0	-8
8.325001001358032	701	6.45161409407845	0	-1
8.330000162124634	700	6.45161409407845	0	3
8.335000991821289	703	6.45161409407845	0	16
8.340001106262207	719	6.45161409407845	1	43
8.345000743865967	762	6.45161409407845	0	41
8.350000381469727	803	6.45161409407845	0	29
8.355000734329224	832	6.45161409407845	0	17
8.360001564025879	849	6.45161409407845	0	6
8.365000486373901	855	6.45161409407845	0	4
8.370001077651978	859	6.45161409407845	0	-15
8.375000953674316	844	6.451624017867581	1	-48
8.380001306533813	796	6.451624017867581	0	-53
8.385000467300415	743	6.451624017867581	0	-30
8.390001058578491	713	6.451624017867581	0	-11
8.39500093460083	702	6.451624017867581	0	-5
8.40000057220459	697	6.451624017867581	0	-1
8.405001163482666	696	6.451624017867581	0	8
8.410000562667847	704	6.451624017867581	0	18
8.415001153945923	722	6.45161409407845	1	47
8.420000553131104	769	6.45161409407845	0	37
8.425000667572021	806	6.45161409407845	0	20
8.43000078201294	826	6.45161409407845	0	13
8.4350004196167	839	6.45161409407845	0	4
8.440000534057617	843	6.45161409407845	0	5
8.445000886917114	848	6.45161409407845	0	-8
8.45000147819519	840	6.45161409407845	0	-21
8.45500111579895	819	6.451584322894235	1	-37
8.46000051498413	782	6.451584322894235	0	-40
8.46500015258789	742	6.451584322894235	0	-20
8.470000505447388	722	6.451584322894235	0	-12
8.475000858306885	710	6.451584322894235	0	-8
8.480000972747803	702	6.451584322894235	0	-2
8.485001564025879	700	6.451584322894235	0	1
8.490000486373901	701	6.451584322894235	0	17
8.49500060081482	718	6.45163394168724	1	41
8.500001192092896	759	6.45163394168724	0	44
8.505001783370972	803	6.45163394168724	0	31
8.510000944137573	834	6.45163394168724	0	13
8.51500153541565	847	6.45163394168724	0	9
8.520000696182251	856	6.45163394168724	0	0
8.525001764297485	856	6.45163394168724	0	-20
8.530000448226929	836	6.45163394168724	1	-51
8.535001277923584	785	6.45163394168724	0	-51
8.540000438690186	734	6.45163394168724	0	-22
8.54500126838684	712	6.45163394168724	0	-11
8.550000667572021	701	6.45163394168724	0	-5
8.55500054359436	696	6.45163394168724	0	2
8.56000018119812	698	6.45163394168724	0	4
8.565001249313354	702	6.45163394168724	0	22
8.570000410079956	724	6.451643865537429	1	44
8.575000762939453	768	6.451643865537429	0	36
8.580000400543213	804	6.451643865537429	0	20
8.58500051498413	824	6.451643865537429	0	13
8.590000867843628	837	6.451643865537429	0	8
8.595000982284546	845	6.451643865537429	0	1
8.600001096725464	846	6.451643865537429	0	-5
8.605000734329224	841	6.451643865537429	0	-19
8.610000371932983	822	6.451643865537429	1	-44
8.61500072479248	778	6.451643865537429	0	-36
8.620000123977661	742	6.451643865537429	0	-23
8.625000715255737	719	6.451643865537429	0	-11
8.630001306533813	708	6.451643865537429	0	-5
8.635001420974731	703	6.451643865537429	0	-5
8.64000129699707	698	6.451643865537429	0	8
8.64500117301941	706	6.451643865537429	0	21
8.650001287460327	727	6.451584322894235	1	44
8.655000925064087	771	6.451584322894235	0	43
8.660000562667847	814	6.451584322894235	0	23
8.665000677108765	837	6.451584322894235	0	15
8.67000150680542	852	6.451584322894235	0	6
8.675000190734863	858	6.451584322894235	0	-3
8.68000054359436	855	6.451584322894235	0	-24
8.6850004196167	831	6.45161409407845	1	-58
8.690001249313354	773	6.45161409407845	0	-41
8.695000410079956	732	6.45161409407845	0	-23
8.700001001358032	709	6.45161409407845	0	-10
8.70500135421753	699	6.45161409407845	0	-1
8.710000276565552	698	6.45161409407845	0	-2
8.71500039100647	696	6.45161409407845	0	11
8.720000743865967	707	6.666651831765867	1	29
8.725000619888306	736	6.666651831765867	0	48
8.730000734329224	784	6.666651831765867	0	31
8.73500108718872	815	6.666651831765867	0	16
8.740001440048218	831	6.666651831765867	0	11
8.74500036239624	842	6.666651831765867	0	4
8.750000953674316	846	6.666651831765867	0	-2
8.755000591278076	844	6.666651831765867	0	-9
8.760000705718994	835	6.666651831765867	0	-33
8.765000581741333	802	6.4516041703198495	1	-41
8.770000219345093	761	6.4516041703198495	0	-31
8.775000810623169	730	6.4516041703198495	0	-17
8.780001163482666	713	6.4516041703198495	0	-7
8.785001516342163	706	6.4516041703198495	0	-7
8.790001153945923	699	6.4516041703198495	0	2
8.795001029968262	701	6.4516041703198495	0	7
8.800000667572021	708	6.4516041703198495	0	27
8.805001497268677	735	6.4516041703198495	1	48
8.810001373291016	783	6.4516041703198495	0	37
8.815001487731934	820	6.4516041703198495	0	22
8.820000171661377	842	6.4516041703198495	0	12
8.825001001358032	854	6.4516041703198495	0	3
8.83000111579895	857	6.4516041703198495	0	-4
8.835001230239868	853	6.4516041703198495	0	-34
8.84000039100647	819	6.45161409407845	1	-55
8.845000505447388	764	6.45161409407845	0	-39
8.850000858306885	725	6.45161409407845	0	-19
8.855000257492065	706	6.45161409407845	0	-5
8.86000108718872	701	6.45161409407845	0	-6
8.865000247955322	695	6.45161409407845	0	4
8.87000060081482	699	6.45161409407845	0	7
8.875000238418579	706	6.45161409407845	0	30
8.880001306533813	736	6.249978020864533	1	47
8.885000944137573	783	6.249978020864533	0	28
8.890001058578491	811	6.249978020864533	0	18
8.895000219345093	829	6.249978020864533	0	11
8.90000057220459	840	6.249978020864533	0	5
8.905001163482666	845	6.249978020864533	0	1
8.910001277923584	846	6.249978020864533	0	-11
8.915000677108765	835	6.666662428116844	1	-31
8.920000791549683	804	6.666662428116844	0	-43
8.9250009059906	761	6.666662428116844	0	-32
8.930001497268677	729	6.666662428116844	0	-14
8.935000896453857	715	6.666662428116844	0	-12
8.940001249313354	703	6.666662428116844	0	-5
8.945001125335693	698	6.666662428116844	0	1
8.950000762939453	699	6.666662428116844	0	8
8.955000400543213	707	6.666662428116844	0	32
8.960000276565552	739	6.4516637133293955	1	42
8.965000629425049	781	6.4516637133293955	0	38
8.970000982284546	819	6.4516637133293955	0	21
8.975000619888306	840	6.4516637133293955	0	11
8.980000972747803	851	6.4516637133293955	0	6
8.985000133514404	857	6.4516637133293955	0	-5
8.990001440048218	852	6.4516637133293955	0	-34
8.995001316070557	818	6.451574399227221	1	-61
9.000001430511475	757	6.451574399227221	0	-37
9.005000829696655	720	6.451574399227221	0	-14
9.010000467300415	706	6.451574399227221	0	-9
9.015000581741333	697	6.451574399227221	0	0
9.02000117301941	697	6.451574399227221	0	3
9.025001049041748	700	6.451574399227221	0	11
9.030000686645508	711	6.6666942173718855	1	37
9.035000324249268	748	6.6666942173718855	0	40
9.040001153945923	788	6.6666942173718855	0	29
9.04500150680542	817	6.6666942173718855	0	15
9.050000190734863	832	6.6666942173718855	0	9
9.05500054359436	841	6.6666942173718855	0	6
9.060001373291016	847	6.6666942173718855	0	-4
9.065001249313354	843	6.6666942173718855	0	-13
9.070000648498535	830	6.45161409407845	1	-38
9.075000762939453	792	6.45161409407845	0	-45
9.080000162124634	747	6.45161409407845	0	-22
9.085000276565552	725	6.45161409407845	0	-17
9.090001106262207	708	6.45161409407845	0	-4
9.095000982284546	704	6.45161409407845	0	-4
9.100000143051147	700	6.45161409407845	0	-1
9.105000972747803	699	6.45161409407845	0	13
9.110000848770142	712	6.666641235448575	1	32
9.115000486373901	744	6.666641235448575	0	46
9.120000123977661	790	6.666641235448575	0	34
9.125000953674316	824	6.666641235448575	0	21
9.130001068115234	845	6.666641235448575	0	10
9.135000228881836	855	6.666641235448575	0	3
9.14000129699707	858	6.666641235448575	0	-14
9.145000457763672	844	6.666704813857603	1	-52
9.150001287460327	792	6.666704813857603	0	-53
9.155001163482666	739	6.666704813857603	0	-24
9.160000562667847	715	6.666704813857603	0	-14
9.165000200271606	701	6.666704813857603	0	-2
9.170001029968262	699	6.666704813857603	0	-1
9.175000190734863	698	6.666704813857603	0	1
9.18000054359436	699	6.666704813857603	0	15
9.185000658035278	714	6.45161409407845	1	33
9.190000772476196	747	6.45161409407845	0	45
9.195000648498535	792	6.45161409407845	0	26
9.200000762939453	818	6.45161409407845	0	15
9.205000400543213	833	6.45161409407845	0	11
9.210000276565552	844	6.45161409407845	0	2
9.215000867843628	846	6.45161409407845	0	-3
9.220000505447388	843	6.45161409407845	0	-18
9.225000619888306	825	6.45161409407845	1	-39
9.230000734329224	786	6.45161409407845	0	-37
9.235000610351562	749	6.45161409407845	0	-26
9.240000486373901	723	6.45161409407845	0	-11
9.245000839233398	712	6.45161409407845	0	-8
9.250000715255737	704	6.45161409407845	0	-5
9.255001306533813	699	6.45161409407845	0	2
9.260000467300415	701	6.45161409407845	0	7
9.26500129699707	708	6.45161409407845	0	34
9.270000219345093	742	6.2500245870126925	1	48
9.275001525878906	790	6.2500245870126925	0	35
9.28000020980835	825	6.2500245870126925	0	21
9.285000324249268	846	6.2500245870126925	0	8
9.290000200271606	854	6.2500245870126925	0	3
9.29500126838684	857	6.2500245870126925	0	-14
9.300000429153442	843	6.45161409407845	1	-49
9.30500054359436	794	6.45161409407845	0	-50
9.3100004196167	744	6.45161409407845	0	-30
9.315001010894775	714	6.45161409407845	0	-14
9.320000410079956	700	6.45161409407845	0	-3
9.325001001358032	697	6.45161409407845	0	-2
9.330000400543213	695	6.45161409407845	0	5
9.335001468658447	700	6.45161409407845	0	10
9.340001344680786	710	6.451584322894235	1	37
9.345000743865967	747	6.451584322894235	0	45
9.350001096725464	792	6.451584322894235	0	27
9.35500168800354	819	6.451584322894235	0	14
9.3600013256073	833	6.451584322894235	0	9
9.36500096321106	842	6.451584322894235	0	5
9.370000839233398	847	6.451584322894235	0	-4
9.375001430511475	843	6.451584322894235	0	-16
9.380000352859497	827	6.451624017867581	1	-36
9.385000467300415	791	6.451624017867581	0	-43
9.390001058578491	748	6.451624017867581	0	-23
9.395000219345093	725	6.451624017867581	0	-14
9.400000810623169	711	6.451624017867581	0	-8
9.405000686645508	703	6.451624017867581	0	-2
9.410000562667847	701	6.451624017867581	0	-2
9.415000677108765	699	6.451624017867581	0	12
9.42000126838684	711	6.666620042915044	1	33
9.425000429153442	744	6.666620042915044	0	46
9.43000078201294	790	6.666620042915044	0	35
9.435001134872437	825	6.666620042915044	0	19
9.440000534057617	844	6.666620042915044	0	10
9.445001363754272	854	6.666620042915044	0	4
9.450000762939453	858	6.666620042915044	0	-10
9.45500111579895	848	6.451584322894235	1	-38
9.460000991821289	810	6.451584322894235	0	-60
9.46500039100647	750	6.451584322894235	0	-30
9.470001697540283	720	6.451584322894235	0	-17
9.475000858306885	703	6.451584322894235	0	-6
9.480000734329224	697	6.451584322894235	0	1
9.485000610351562	698	6.451584322894235	0	1
9.490001440048218	699	6.451584322894235	0	14
9.495001077651978	713	6.451624017867581	1	37
9.500000953674316	750	6.451624017867581	0	43
9.505001783370972	793	6.451624017867581	0	27
9.510000944137573	820	6.451624017867581	0	13
9.51500153541565	833	6.451624017867581	0	10
9.52000117301941	843	6.451624017867581	0	3
9.52500033378601	846	6.451624017867581	0	-3
9.530000686645508	843	6.451624017867581	0	-12
9.535001039505005	831	6.451584322894235	1	-38
9.540000438690186	793	6.451584322894235	0	-40
9.545000314712524	753	6.451584322894235	0	-27
9.550001382827759	726	6.451584322894235	0	-16
9.555001020431519	710	6.451584322894235	0	-4
9.560001373291016	706	6.451584322894235	0	-7
9.565000772476196	699	6.451584322894235	0	1
9.570000886917114	700	6.451584322894235	0	11
9.575000524520874	711	6.451643865537429	1	31
9.580000162124634	742	6.451643865537429	0	49
9.58500051498413	791	6.451643865537429	0	33
9.590000867843628	824	6.451643865537429	0	20
9.595000743865967	844	6.451643865537429	0	10
9.600001096725464	854	6.451643865537429	0	4
9.605000495910645	858	6.451643865537429	0	-7
9.610000848770142	851	6.451643865537429	0	-39
9.615000486373901	812	6.2500245870126925	1	-56
9.620001077651978	756	6.2500245870126925	0	-34
9.625001192092896	722	6.2500245870126925	0	-18
9.630001544952393	704	6.2500245870126925	0	-4
9.635000705718994	700	6.2500245870126925	0	-4
9.64000153541565	696	6.2500245870126925	0	3
9.645000219345093	699	6.2500245870126925	0	14
9.65000033378601	713	6.451643865537429	1	37
9.655001163482666	750	6.451643865537429	0	45
9.660000562667847	795	6.451643865537429	0	23
9.665000200271606	818	6.451643865537429	0	16
9.67000150680542	834	6.451643865537429	0	11
9.6750009059906	845	6.451643865537429	0	1
9.68000078201294	846	6.451643865537429	0	-2
9.685001134872437	844	6.451643865537429	0	-15
9.690000534057617	829	6.45163394168724	1	-36
9.695000886917114	793	6.45163394168724	0	-42
9.700000286102295	751	6.45163394168724	0	-27
9.70500111579895	724	6.45163394168724	0	-11
9.710000276565552	713	6.45163394168724	0	-11
9.715000867843628	702	6.45163394168724	0	0
9.720000743865967	702	6.45163394168724	0	-1
9.725000858306885	701	6.45163394168724	0	8
9.730001449584961	709	6.45163394168724	0	36
9.73500108718872	745	6.249978020864533	1	44
9.740001440048218	789	6.249978020864533	0	36
9.74500060081482	825	6.249978020864533	0	20
9.750000953674316	845	6.249978020864533	0	8
9.755000352859497	853	6.249978020864533	0	6
9.760000467300415	859	6.249978020864533	0	-11
9.765000343322754	848	6.666673024501506	1	-39
9.77000093460083	809	6.666673024501506	0	-56
9.77500033378601	753	6.666673024501506	0	-34
9.780001163482666	719	6.666673024501506	0	-13
9.785001516342163	706	6.666673024501506	0	-8
9.790000200271606	698	6.666673024501506	0	-1
9.795000553131104	697	6.666673024501506	0	4
9.800000429153442	701	6.666673024501506	0	13
9.805001735687256	714	6.451554551984779	1	42
9.8100004196167	756	6.451554551984779	0	40
9.815000295639038	796	6.451554551984779	0	26
9.820001125335693	822	6.451554551984779	0	14
9.825001239776611	836	6.451554551984779	0	7
9.830000162124634	843	6.451554551984779	0	4
9.83500075340271	847	6.451554551984779	0	-5
9.84000015258789	842	6.451554551984779	0	-13
9.845000267028809	829	6.451624017867581	1	-36
9.850000619888306	793	6.451624017867581	0	-43
9.855000972747803	750	6.451624017867581	0	-23
9.860000610351562	727	6.451624017867581	0	-17
9.86500096321106	710	6.451624017867581	0	-5
9.87000060081482	705	6.451624017867581	0	-4
9.875000476837158	701	6.451624017867581	0	-3
9.880001306533813	698	6.451624017867581	0	12
9.885001182556152	710	6.666662428116844	1	29
9.890000581741333	739	6.666662428116844	0	48
9.895000219345093	787	6.666662428116844	0	36
9.900001287460327	823	6.666662428116844	0	19
9.90500020980835	842	6.666662428116844	0	11
9.910001277923584	853	6.666662428116844	0	4
9.915001153945923	857	6.666662428116844	0	-9
9.920000553131104	848	6.666662428116844	0	-43
9.925000667572021	805	6.249987334038654	1	-58
9.930000305175781	747	6.249987334038654	0	-29
9.935000658035278	718	6.249987334038654	0	-15
9.940000295639038	703	6.249987334038654	0	-5
9.945000648498535	698	6.249987334038654	0	-1
9.950000762939453	697	6.249987334038654	0	2
9.955000400543213	699	6.249987334038654	0	14
9.960001230239868	713	6.45163394168724	1	35
9.965000629425049	748	6.45163394168724	0	44
9.970001220703125	792	6.45163394168724	0	25
9.975001096725464	817	6.45163394168724	0	14
9.980000495910645	831	6.45163394168724	0	10
9.985000610351562	841	6.45163394168724	0	4
9.99000072479248	845	6.45163394168724	0	1
9.995000123977661	846	6.45163394168724	0	0
