5.0067901611328125e-06	823	0	0	0
0.00500035285949707	823	0	0	0
0.01000070571899414	823	0	0	1
0.015001296997070312	824	66.66090273363001	1	-1
0.02000141143798828	823	49.996471654031374	1	0
0.025001049041748047	823	49.996471654031374	0	0
0.03000044822692871	823	49.996471654031374	0	2
0.03500080108642578	825	28.570774638293233	1	4
0.040000200271606445	829	28.570774638293233	0	2
0.04500079154968262	831	28.570774638293233	0	3
0.05000138282775879	834	28.570774638293233	0	3
0.055001020431518555	837	28.570774638293233	0	2
0.06000113487243652	839	28.570774638293233	0	5
0.06500029563903809	844	28.570774638293233	0	0
0.07000088691711426	844	28.570774638293233	0	5
0.07500052452087402	849	28.570774638293233	0	0
0.0800008773803711	849	28.570774638293233	0	3
0.08500146865844727	852	28.570774638293233	0	3
0.09000039100646973	855	28.570774638293233	0	1
0.0950002670288086	856	28.570774638293233	0	2
0.10000061988830566	858	28.570774638293233	0	0
0.10500144958496094	858	28.570774638293233	0	1
0.1100010871887207	859	28.570774638293233	0	3
0.11500072479248047	862	28.570774638293233	0	2
0.12000060081481934	864	28.570774638293233	0	0
0.1250004768371582	864	28.570774638293233	0	0
0.13000082969665527	864	28.570774638293233	0	0
0.13500118255615234	864	28.570774638293233	0	-1
0.1400012969970703	863	28.570774638293233	0	-4
0.14500141143798828	859	6.896484593376961	1	-3
0.15000057220458984	856	6.896484593376961	0	-8
0.15500092506408691	848	6.896484593376961	0	-9
0.16000080108642578	839	6.896484593376961	0	-11
0.16500115394592285	828	6.896484593376961	0	-19
0.17000126838684082	809	6.896484593376961	0	-18
0.17500042915344238	791	6.896484593376961	0	-23
0.18000149726867676	768	6.896484593376961	0	-19
0.18500018119812012	749	6.896484593376961	0	-12
0.1900007724761963	737	6.896484593376961	0	-15
0.19500136375427246	722	6.896484593376961	0	-5
0.20000076293945312	717	6.896484593376961	0	-8
0.2050011157989502	709	6.896484593376961	0	-5
0.21000027656555176	704	6.896484593376961	0	-2
0.21500015258789062	702	6.896484593376961	0	-4
0.2200007438659668	698	6.896484593376961	0	-1
0.22500014305114746	697	6.896484593376961	0	-3
0.23000025749206543	694	6.896484593376961	0	0
0.2350001335144043	694	6.896484593376961	0	0
0.24000144004821777	694	6.896484593376961	0	-3
0.24500012397766113	691	6.896484593376961	0	3
0.2500011920928955	694	4.255321048514651	1	1
0.25500035285949707	695	4.255321048514651	0	1
0.26000118255615234	696	4.255321048514651	0	6
0.2650012969970703	702	4.255321048514651	0	4
0.2700002193450928	706	4.255321048514651	0	12
0.27500033378601074	718	4.255321048514651	0	13
0.280001163482666	731	4.255321048514651	0	18
0.2850005626678467	749	4.255321048514651	0	23
0.29000091552734375	772	4.255321048514651	0	17
0.2950012683868408	789	4.255321048514651	0	19
0.3000011444091797	808	4.255321048514651	0	10
0.30500078201293945	818	4.255321048514651	0	7
0.3100004196166992	825	4.255321048514651	0	8
0.3150010108947754	833	4.255321048514651	0	4
0.32000017166137695	837	4.255321048514651	0	7
0.3250010013580322	844	4.255321048514651	0	2
0.3300004005432129	846	4.255321048514651	0	4
0.33500027656555176	850	4.255321048514651	0	4
0.34000134468078613	854	4.255321048514651	0	-2
0.3450009822845459	852	4.255321048514651	0	1
0.35000085830688477	853	4.255321048514651	0	-3
0.35500097274780273	850	4.255321048514651	0	-4
0.3600003719329834	846	4.255321048514651	0	-4
0.36500096321105957	842	4.255321048514651	0	-11
0.37000131607055664	831	2.857143635652715	1	-11
0.3750007152557373	820	2.857143635652715	0	-19
0.3800013065338135	801	2.857143635652715	0	-21
0.38500118255615234	780	2.857143635652715	0	-18
0.3900003433227539	762	2.857143635652715	0	-19
0.3950011730194092	743	2.857143635652715	0	-9
0.40000081062316895	734	2.857143635652715	0	-12
0.4050004482269287	722	2.857143635652715	0	-7
0.4100008010864258	715	2.857143635652715	0	-5
0.41500091552734375	710	2.857143635652715	0	-6
0.4200010299682617	704	2.857143635652715	0	-1
0.4250013828277588	703	2.857143635652715	0	-4
0.43000149726867676	699	2.857143635652715	0	-1
0.4350008964538574	698	2.857143635652715	0	0
0.4400002956390381	698	2.857143635652715	0	-3
0.44500017166137695	695	2.857143635652715	0	3
0.450000524520874	698	2.857143635652715	0	2
0.4550013542175293	700	2.857143635652715	0	7
0.46000146865844727	707	2.3529374805759287	1	12
0.46500110626220703	719	2.3529374805759287	0	15
0.4700005054473877	734	2.3529374805759287	0	23
0.47500085830688477	757	2.3529374805759287	0	25
0.48000121116638184	782	2.3529374805759287	0	21
0.4850010871887207	803	2.3529374805759287	0	19
0.49000024795532227	822	2.3529374805759287	0	10
0.49500083923339844	832	2.3529374805759287	0	13
0.5000007152557373	845	2.3529374805759287	0	5
0.5050005912780762	850	2.3529374805759287	0	4
0.5100002288818359	854	2.3529374805759287	0	4
0.515000581741333	858	2.3529374805759287	0	1
0.5200002193450928	859	2.3529374805759287	0	4
0.5250012874603271	863	2.3529374805759287	0	-3
0.5300002098083496	860	2.3529374805759287	0	-3
0.5350005626678467	857	2.3529374805759287	0	-10
0.5400002002716064	847	2.5316533322871053	1	-19
0.5450015068054199	828	2.5316533322871053	0	-27
0.5500009059906006	801	2.5316533322871053	0	-33
0.5550012588500977	768	2.5316533322871053	0	-26
0.5600006580352783	742	2.5316533322871053	0	-16
0.5650007724761963	726	2.5316533322871053	0	-14
0.5700008869171143	712	2.5316533322871053	0	-5
0.5750012397766113	707	2.5316533322871053	0	-7
0.5800004005432129	700	2.5316533322871053	0	-4
0.5850014686584473	696	2.5316533322871053	0	0
0.5900003910064697	696	2.5316533322871053	0	-4
0.5950005054473877	692	2.5316533322871053	0	1
0.6000010967254639	693	2.5316533322871053	0	0
0.6050007343292236	693	2.5316533322871053	0	2
0.6100010871887207	695	2.5316533322871053	0	4
0.6150002479553223	699	2.5316533322871053	0	2
0.6200003623962402	701	2.5316533322871053	0	11
0.6250009536743164	712	2.6666683620887515	1	21
0.6300010681152344	733	2.6666683620887515	0	24
0.6350002288818359	757	2.6666683620887515	0	27
0.640000581741333	784	2.6666683620887515	0	18
0.6450014114379883	802	2.6666683620887515	0	17
0.6500005722045898	819	2.6666683620887515	0	8
0.655001163482666	827	2.6666683620887515	0	6
0.6600003242492676	833	2.6666683620887515	0	7
0.6650011539459229	840	2.6666683620887515	0	2
0.6700012683868408	842	2.6666683620887515	0	8
0.6750006675720215	850	2.6666683620887515	0	0
0.6800012588500977	850	2.6666683620887515	0	2
0.6850001811981201	852	2.6666683620887515	0	-1
0.6900014877319336	851	2.6666683620887515	0	-4
0.6950016021728516	847	2.6666683620887515	0	-5
0.7000010013580322	842	2.6666683620887515	0	-10
0.7050001621246338	832	2.9850849093330165	1	-14
0.71000075340271	818	2.9850849093330165	0	-18
0.7150013446807861	800	2.9850849093330165	0	-25
0.7200007438659668	775	2.9850849093330165	0	-19
0.7250010967254639	756	2.9850849093330165	0	-19
0.7300014495849609	737	2.9850849093330165	0	-11
0.7350010871887207	726	2.9850849093330165	0	-7
0.7400014400482178	719	2.9850849093330165	0	-9
0.7450010776519775	710	2.9850849093330165	0	-2
0.7500007152557373	708	2.9850849093330165	0	-6
0.7550005912780762	702	2.9850849093330165	0	-2
0.7600009441375732	700	2.9850849093330165	0	-1
0.7650010585784912	699	2.9850849093330165	0	-3
0.7700014114379883	696	2.9850849093330165	0	2
0.775000810623169	698	2.9850849093330165	0	0
0.7800002098083496	698	2.9850849093330165	0	4
0.7850008010864258	702	2.9850849093330165	0	10
0.790001630783081	712	3.0303015415559766	1	13
0.7950005531311035	725	3.0303015415559766	0	24
0.8000011444091797	749	3.0303015415559766	0	27
0.8050005435943604	776	3.0303015415559766	0	22
0.8100013732910156	798	3.0303015415559766	0	22
0.8150005340576172	820	3.0303015415559766	0	16
0.820000410079956	836	3.0303015415559766	0	10
0.8250014781951904	846	3.0303015415559766	0	5
0.830000638961792	851	3.0303015415559766	0	6
0.8350012302398682	857	3.0303015415559766	0	3
0.8400008678436279	860	3.0303015415559766	0	1
0.8450014591217041	861	3.0303015415559766	0	1
0.8500006198883057	862	3.0303015415559766	0	-4
0.8550007343292236	858	3.0303015415559766	0	-8
0.8600006103515625	850	3.124995995318061	1	-16
0.8650004863739014	834	3.124995995318061	0	-28
0.8700003623962402	806	3.124995995318061	0	-29
0.8750002384185791	777	3.124995995318061	0	-32
0.8800008296966553	745	3.124995995318061	0	-18
0.885000467300415	727	3.124995995318061	0	-11
0.8900012969970703	716	3.124995995318061	0	-12
0.8950004577636719	704	3.124995995318061	0	-3
0.900001049041748	701	3.124995995318061	0	-3
0.9050002098083496	698	3.124995995318061	0	-4
0.9100008010864258	694	3.124995995318061	0	1
0.9150002002716064	695	3.124995995318061	0	-3
0.9200007915496826	692	3.124995995318061	0	2
0.9250001907348633	694	3.124995995318061	0	1
0.9300007820129395	695	3.124995995318061	0	3
0.9350013732910156	698	3.124995995318061	0	9
0.9400014877319336	707	3.174597792323389	1	8
0.9450011253356934	715	3.174597792323389	0	23
0.950000524520874	738	3.174597792323389	0	24
0.9550001621246338	762	3.174597792323389	0	26
0.9600005149841309	788	3.174597792323389	0	21
0.9650006294250488	809	3.174597792323389	0	11
0.9700009822845459	820	3.174597792323389	0	10
0.9750003814697266	830	3.174597792323389	0	6
0.9800004959106445	836	3.174597792323389	0	6
0.9850003719329834	842	3.174597792323389	0	5
0.9900007247924805	847	3.174597792323389	0	3
0.9950008392333984	850	3.174597792323389	0	2
1.0000009536743164	852	3.174597792323389	0	-1
1.0050013065338135	851	3.174597792323389	0	-3
1.0100007057189941	848	3.174597792323389	0	-3
1.015000581741333	845	3.174597792323389	0	-10
1.0200004577636719	835	3.1746001951246097	1	-9
1.025001049041748	826	3.1746001951246097	0	-21
1.0300002098083496	805	3.1746001951246097	0	-23
1.0350008010864258	782	3.1746001951246097	0	-19
1.0400011539459229	763	3.1746001951246097	0	-22
1.0450003147125244	741	3.1746001951246097	0	-11
1.0500009059906006	730	3.1746001951246097	0	-11
1.0550007820129395	719	3.1746001951246097	0	-7
1.0600006580352783	712	3.1746001951246097	0	-4
1.0650007724761963	708	3.1746001951246097	0	-7
1.0700013637542725	701	3.1746001951246097	0	-1
1.0750007629394531	700	3.1746001951246097	0	-3
1.0800001621246338	697	3.1746001951246097	0	-2
1.085000991821289	695	3.1746001951246097	0	3
1.0900001525878906	698	3.1746001951246097	0	0
1.095001220703125	698	3.1746001951246097	0	7
1.100001573562622	705	3.225807047039225	1	9
1.1050002574920654	714	3.225807047039225	0	18
1.1100010871887207	732	3.225807047039225	0	25
1.1150014400482178	757	3.225807047039225	0	24
1.1200001239776611	781	3.225807047039225	0	25
1.1250011920928955	806	3.225807047039225	0	17
1.1300013065338135	823	3.225807047039225	0	14
1.1350007057189941	837	3.225807047039225	0	9
1.1400015354156494	846	3.225807047039225	0	6
1.14500093460083	852	3.225807047039225	0	4
1.1500015258789062	856	3.225807047039225	0	5
1.155001163482666	861	3.225807047039225	0	0
1.1600017547607422	861	3.225807047039225	0	1
1.165001392364502	862	3.225807047039225	0	-2
1.1700012683868408	860	3.225807047039225	0	-11
1.1750006675720215	849	3.1746025979294674	1	-18
1.1800014972686768	831	3.1746025979294674	0	-29
1.1850008964538574	802	3.1746025979294674	0	-33
1.1900010108947754	769	3.1746025979294674	0	-31
1.1950013637542725	738	3.1746025979294674	0	-15
1.2000010013580322	723	3.1746025979294674	0	-14
1.205000877380371	709	3.1746025979294674	0	-8
1.2100005149841309	701	3.1746025979294674	0	-1
1.2150003910064697	700	3.1746025979294674	0	-6
1.220001459121704	694	3.1746025979294674	0	0
1.2250006198883057	694	3.1746025979294674	0	-2
1.2300002574920654	692	3.1746025979294674	0	0
1.2350001335144043	692	3.1746025979294674	0	4
1.2400012016296387	696	3.1746025979294674	0	1
1.2450010776519775	697	3.1746025979294674	0	8
1.2500007152557373	705	3.225814489886797	1	9
1.2550008296966553	714	3.225814489886797	0	19
1.260000228881836	733	3.225814489886797	0	26
1.265000581741333	759	3.225814489886797	0	25
1.2700002193450928	784	3.225814489886797	0	21
1.2750003337860107	805	3.225814489886797	0	12
1.2800002098083496	817	3.225814489886797	0	9
1.2850003242492676	826	3.225814489886797	0	8
1.2900002002716064	834	3.225814489886797	0	4
1.2950012683868408	838	3.225814489886797	0	6
1.3000009059906006	844	3.225814489886797	0	4
1.3050005435943604	848	3.225814489886797	0	1
1.3100013732910156	849	3.225814489886797	0	3
1.3150005340576172	852	3.225814489886797	0	-2
1.3200006484985352	850	3.225814489886797	0	-3
1.3250014781951904	847	3.225814489886797	0	-7
1.330000400543213	840	3.225807047039225	1	-9
1.3350012302398682	831	3.225807047039225	0	-16
1.340000867843628	815	3.225807047039225	0	-24
1.345001220703125	791	3.225807047039225	0	-23
1.350001335144043	768	3.225807047039225	0	-21
1.355001449584961	747	3.225807047039225	0	-15
1.3600008487701416	732	3.225807047039225	0	-9
1.3650007247924805	723	3.225807047039225	0	-11
1.3700003623962402	712	3.225807047039225	0	-4
1.3750004768371582	708	3.225807047039225	0	-5
1.3800015449523926	703	3.225807047039225	0	-4
1.3850007057189941	699	3.225807047039225	0	2
1.3900012969970703	701	3.225807047039225	0	-5
1.3950002193450928	696	3.225807047039225	0	2
1.400001049041748	698	3.225807047039225	0	0
1.405000925064087	698	3.225807047039225	0	6
1.4100008010864258	704	3.225814489886797	1	12
1.4150002002716064	716	3.225814489886797	0	14
1.42000150680542	730	3.225814489886797	0	27
1.4250004291534424	757	3.225814489886797	0	25
1.4300005435943604	782	3.225814489886797	0	24
1.4350006580352783	806	3.225814489886797	0	19
1.4400012493133545	825	3.225814489886797	0	11
1.4450008869171143	836	3.225814489886797	0	11
1.4500010013580322	847	3.225814489886797	0	6
1.455000638961792	853	3.225814489886797	0	4
1.4600002765655518	857	3.225814489886797	0	4
1.465001106262207	861	3.225814489886797	0	1
1.4700007438659668	862	3.225814489886797	0	-1
1.4750008583068848	861	3.225814489886797	0	-4
1.4800007343292236	857	3.225814489886797	0	-11
1.4850010871887207	846	3.2258020851599247	1	-18
1.4900002479553223	828	3.2258020851599247	0	-30
1.4950003623962402	798	3.2258020851599247	0	-30
1.500000238418579	768	3.2258020851599247	0	-28
1.5050013065338135	740	3.2258020851599247	0	-18
1.5100007057189941	722	3.2258020851599247	0	-9
1.5150012969970703	713	3.2258020851599247	0	-10
1.5200011730194092	703	3.2258020851599247	0	-1
1.5250017642974854	702	3.2258020851599247	0	-6
1.530001163482666	696	3.2258020851599247	0	-2
1.5350010395050049	694	3.2258020851599247	0	0
1.5400009155273438	694	3.2258020851599247	0	-2
1.5450003147125244	692	3.2258020851599247	0	4
1.5500013828277588	696	3.2258020851599247	0	1
1.5550005435943604	697	3.2258020851599247	0	5
1.5600011348724365	702	3.2258020851599247	0	11
1.5650007724761963	713	3.1746025979294674	1	15
1.5700008869171143	728	3.1746025979294674	0	26
1.575000286102295	754	3.1746025979294674	0	26
1.580000877380371	780	3.1746025979294674	0	21
1.5850005149841309	801	3.1746025979294674	0	16
1.590001106262207	817	3.1746025979294674	0	8
1.5950005054473877	825	3.1746025979294674	0	8
1.6000001430511475	833	3.1746025979294674	0	6
1.6050007343292236	839	3.1746025979294674	0	5
1.6100006103515625	844	3.1746025979294674	0	5
1.6150002479553223	849	3.1746025979294674	0	2
1.6200003623962402	851	3.1746025979294674	0	3
1.6250014305114746	854	3.1746025979294674	0	-4
1.6300008296966553	850	3.1746025979294674	0	-4
1.6350009441375732	846	3.1746025979294674	0	-5
1.6400010585784912	841	3.1746025979294674	0	-11
1.6450004577636719	830	3.1746025979294674	1	-20
1.6500012874603271	810	3.1746025979294674	0	-26
1.655001163482666	784	3.1746025979294674	0	-23
1.660001277923584	761	3.1746025979294674	0	-18
1.6650011539459229	743	3.1746025979294674	0	-16
1.6700010299682617	727	3.1746025979294674	0	-9
1.6750009059906006	718	3.1746025979294674	0	-7
1.6800010204315186	711	3.1746025979294674	0	-6
1.6850011348724365	705	3.1746025979294674	0	-1
1.6900005340576172	704	3.1746025979294674	0	-6
1.6950011253356934	698	3.1746025979294674	0	1
1.7000007629394531	699	3.1746025979294674	0	-2
1.705000877380371	697	3.1746025979294674	0	-1
1.71000075340271	696	3.1746025979294674	0	5
1.7150013446807861	701	3.1746025979294674	0	2
1.720000982284546	703	3.1746025979294674	0	12
1.7250008583068848	715	3.1746025979294674	1	16
1.7300002574920654	731	3.1746025979294674	0	23
1.7350006103515625	754	3.1746025979294674	0	27
1.7400004863739014	781	3.1746025979294674	0	21
1.7450008392333984	802	3.1746025979294674	0	19
1.7500011920928955	821	3.1746025979294674	0	13
1.7550008296966553	834	3.1746025979294674	0	11
1.760000467300415	845	3.1746025979294674	0	7
1.765000820159912	852	3.1746025979294674	0	2
1.7700004577636719	854	3.1746025979294674	0	5
1.7750005722045898	859	3.1746025979294674	0	2
1.7800004482269287	861	3.1746025979294674	0	0
1.7850017547607422	861	3.1746025979294674	0	-2
1.7900006771087646	859	3.1746025979294674	0	-14
1.7950005531311035	845	3.2258120089337905	1	-20
1.8000006675720215	825	3.2258120089337905	0	-32
1.8050007820129395	793	3.2258120089337905	0	-33
1.8100016117095947	760	3.2258120089337905	0	-24
1.8150005340576172	736	3.2258120089337905	0	-18
1.820000171661377	718	3.2258120089337905	0	-9
1.825000286102295	709	3.2258120089337905	0	-7
1.8300011157989502	702	3.2258120089337905	0	-5
1.8350012302398682	697	3.2258120089337905	0	-1
1.8400003910064697	696	3.2258120089337905	0	-3
1.845001459121704	693	3.2258120089337905	0	1
1.8500001430511475	694	3.2258120089337905	0	-1
1.8550004959106445	693	3.2258120089337905	0	2
1.8600006103515625	695	3.2258120089337905	0	5
1.8650014400482178	700	3.2258120089337905	0	4
1.8700010776519775	704	3.2258120089337905	0	15
1.8750011920928955	719	3.2258020851599247	1	18
1.8800005912780762	737	3.2258020851599247	0	26
1.8850014209747314	763	3.2258020851599247	0	25
1.890000581741333	788	3.2258020851599247	0	17
1.895000696182251	805	3.2258020851599247	0	14
1.9000015258789062	819	3.2258020851599247	0	9
1.9050006866455078	828	3.2258020851599247	0	5
1.9100005626678467	833	3.2258020851599247	0	8
1.9150009155273438	841	3.2258020851599247	0	3
1.9200012683868408	844	3.2258020851599247	0	5
1.9250011444091797	849	3.2258020851599247	0	1
1.9300007820129395	850	3.2258020851599247	0	1
1.9350016117095947	851	3.2258020851599247	0	-2
1.9400005340576172	849	3.2258020851599247	0	-5
1.9450008869171143	844	3.2258020851599247	0	-5
1.9500012397766113	839	3.2258020851599247	0	-14
1.9550013542175293	825	3.225797123295889	1	-20
1.9600012302398682	805	3.225797123295889	0	-23
1.9650003910064697	782	3.225797123295889	0	-25
1.970001220703125	757	3.225797123295889	0	-18
1.975001335144043	739	3.225797123295889	0	-13
1.9800004959106445	726	3.225797123295889	0	-10
1.9850006103515625	716	3.225797123295889	0	-5
1.9900007247924805	711	3.225797123295889	0	-8
1.9950015544891357	703	3.225797123295889	0	-2
2.0000009536743164	701	3.225797123295889	0	-3
2.0050010681152344	698	3.225797123295889	0	0
2.010000228881836	698	3.225797123295889	0	0
2.0150012969970703	698	3.225797123295889	0	-2
2.0200002193450928	696	3.225797123295889	0	3
2.025000810623169	699	3.225797123295889	0	5
2.030000925064087	704	3.225797123295889	0	8
2.035001277923584	712	3.2258020851599247	1	17
2.0400002002716064	729	3.2258020851599247	0	21
2.0450010299682617	750	3.2258020851599247	0	25
2.050001382827759	775	3.2258020851599247	0	25
2.0550005435943604	800	3.2258020851599247	0	20
2.0600006580352783	820	3.2258020851599247	0	17
2.0650014877319336	837	3.2258020851599247	0	8
2.070000648498535	845	3.2258020851599247	0	9
2.075000762939453	854	3.2258020851599247	0	3
2.08000111579895	857	3.2258020851599247	0	2
2.085001230239868	859	3.2258020851599247	0	3
2.0900003910064697	862	3.2258020851599247	0	-1
2.095000743865967	861	3.2258020851599247	0	-3
2.100001096725464	858	3.2258020851599247	0	-11
2.1050002574920654	847	3.2258095279845995	1	-17
2.1100008487701416	830	3.2258095279845995	0	-23
2.1150002479553223	807	3.2258095279845995	0	-33
2.120000123977661	774	3.2258095279845995	0	-25
2.1250007152557373	749	3.2258095279845995	0	-22
2.1300010681152344	727	3.2258095279845995	0	-14
2.135000467300415	713	3.2258095279845995	0	-6
2.140001058578491	707	3.2258095279845995	0	-9
2.145000457763672	698	3.2258095279845995	0	-1
2.150000810623169	697	3.2258095279845995	0	-3
2.1550002098083496	694	3.2258095279845995	0	-1
2.160001516342163	693	3.2258095279845995	0	1
2.1650009155273438	694	3.2258095279845995	0	-2
2.1700010299682617	692	3.2258095279845995	0	5
2.175001382827759	697	3.2258095279845995	0	5
2.1800007820129395	702	3.2258095279845995	0	11
2.185000419616699	713	3.225814489886797	1	15
2.190000534057617	728	3.225814489886797	0	22
2.195000171661377	750	3.225814489886797	0	28
2.200000286102295	778	3.225814489886797	0	22
2.205000400543213	800	3.225814489886797	0	14
2.210001230239868	814	3.225814489886797	0	11
2.215001106262207	825	3.225814489886797	0	7
2.220000982284546	832	3.225814489886797	0	7
2.2250001430511475	839	3.225814489886797	0	5
2.2300007343292236	844	3.225814489886797	0	4
2.2350008487701416	848	3.225814489886797	0	3
2.2400007247924805	851	3.225814489886797	0	-1
2.2450003623962402	850	3.225814489886797	0	-2
2.2500011920928955	848	3.225814489886797	0	-2
2.2550010681152344	846	3.225814489886797	0	-8
2.260000467300415	838	3.278698058798101	1	-11
2.265000343322754	827	3.278698058798101	0	-19
2.270000457763672	808	3.278698058798101	0	-20
2.27500057220459	788	3.278698058798101	0	-24
2.2800002098083496	764	3.278698058798101	0	-19
2.2850003242492676	745	3.278698058798101	0	-13
2.2900002002716064	732	3.278698058798101	0	-12
2.2950007915496826	720	3.278698058798101	0	-5
2.3000011444091797	715	3.278698058798101	0	-8
2.3050003051757812	707	3.278698058798101	0	-4
2.3100008964538574	703	3.278698058798101	0	-1
2.315000534057617	702	3.278698058798101	0	-6
2.3200013637542725	696	3.278698058798101	0	2
2.325000524520874	698	3.278698058798101	0	-1
2.330000638961792	697	3.278698058798101	0	0
2.3350002765655518	697	3.278698058798101	0	5
2.340001106262207	702	3.278698058798101	0	5
2.345001459121704	707	3.278698058798101	0	17
2.350001335144043	724	3.1746025979294674	1	21
2.3550002574920654	745	3.1746025979294674	0	26
2.3600003719329834	771	3.1746025979294674	0	26
2.3650007247924805	797	3.1746025979294674	0	19
2.3700008392333984	816	3.1746025979294674	0	17
2.3750009536743164	833	3.1746025979294674	0	10
2.380000352859497	843	3.1746025979294674	0	7
2.3850009441375732	850	3.1746025979294674	0	6
2.390001058578491	856	3.1746025979294674	0	2
2.395001173019409	858	3.1746025979294674	0	4
2.4000015258789062	862	3.1746025979294674	0	0
2.405001163482666	862	3.1746025979294674	0	-4
2.410000801086426	858	3.1746025979294674	0	-8
2.4150004386901855	850	3.225804566097667	1	-20
2.4200007915496826	830	3.225804566097667	0	-26
2.4250004291534424	804	3.225804566097667	0	-34
2.4300012588500977	770	3.225804566097667	0	-29
2.4350008964538574	741	3.225804566097667	0	-22
2.4400007724761963	719	3.225804566097667	0	-9
2.4450011253356934	710	3.225804566097667	0	-5
2.4500010013580322	705	3.225804566097667	0	-6
2.45500111579895	699	3.225804566097667	0	-3
2.460000514984131	696	3.225804566097667	0	-1
2.465001106262207	695	3.225804566097667	0	-4
2.470001220703125	691	3.225804566097667	0	2
2.475001096725464	693	3.225804566097667	0	1
2.4800004959106445	694	3.225804566097667	0	1
2.4850006103515625	695	3.225804566097667	0	8
2.4900004863739014	703	3.278687806963853	1	6
2.4950008392333984	709	3.278687806963853	0	19
2.5000009536743164	728	3.278687806963853	0	22
2.5050013065338135	750	3.278687806963853	0	27
2.5100016593933105	777	3.278687806963853	0	22
2.515000581741333	799	3.278687806963853	0	14
2.52000093460083	813	3.278687806963853	0	12
2.525000810623169	825	3.278687806963853	0	7
2.530001163482666	832	3.278687806963853	0	5
2.535001516342163	837	3.278687806963853	0	8
2.5400009155273438	845	3.278687806963853	0	3
2.5450007915496826	848	3.278687806963853	0	3
2.5500006675720215	851	3.278687806963853	0	-1
2.5550010204315186	850	3.278687806963853	0	-1
2.5600008964538574	849	3.278687806963853	0	-3
2.5650012493133545	846	3.278687806963853	0	-8
2.5700008869171143	838	3.2258020851599247	1	-7
2.575000762939453	831	3.2258020851599247	0	-22
2.58000111579895	809	3.2258020851599247	0	-24
2.585000514984131	785	3.2258020851599247	0	-21
2.5900001525878906	764	3.2258020851599247	0	-24
2.595001459121704	740	3.2258020851599247	0	-10
2.6000008583068848	730	3.2258020851599247	0	-11
2.605001211166382	719	3.2258020851599247	0	-8
2.6100003719329834	711	3.2258020851599247	0	-3
2.6150002479553223	708	3.2258020851599247	0	-6
2.6200008392333984	702	3.2258020851599247	0	-1
2.6250014305114746	701	3.2258020851599247	0	-3
2.630000591278076	698	3.2258020851599247	0	-2
2.635000228881836	696	3.2258020851599247	0	2
2.640000343322754	698	3.2258020851599247	0	-4
2.645001173019409	694	3.2258020851599247	0	9
2.650001049041748	703	3.333336512250753	1	6
2.6550004482269287	709	3.333336512250753	0	12
2.660000801086426	721	3.333336512250753	0	22
2.665001153945923	743	3.333336512250753	0	23
2.6700005531311035	766	3.333336512250753	0	28
2.6750009059906006	794	3.333336512250753	0	21
2.6800012588500977	815	3.333336512250753	0	15
2.6850011348724365	830	3.333336512250753	0	12
2.690000534057617	842	3.333336512250753	0	8
2.695000171661377	850	3.333336512250753	0	6
2.7000010013580322	856	3.333336512250753	0	3
2.705000638961792	859	3.333336512250753	0	1
2.710001230239868	860	3.333336512250753	0	1
2.715001106262207	861	3.333336512250753	0	-4
2.720000743865967	857	3.333336512250753	0	-10
2.7250006198883057	847	3.225804566097667	1	-22
2.7300009727478027	825	3.225804566097667	0	-30
2.7350010871887207	795	3.225804566097667	0	-32
2.7400012016296387	763	3.225804566097667	0	-27
2.7450010776519775	736	3.225804566097667	0	-15
2.7500011920928955	721	3.225804566097667	0	-11
2.7550015449523926	710	3.225804566097667	0	-7
2.760000705718994	703	3.225804566097667	0	-3
2.765000581741333	700	3.225804566097667	0	-7
2.770001173019409	693	3.225804566097667	0	2
2.7750003337860107	695	3.225804566097667	0	-3
2.780000686645508	692	3.225804566097667	0	0
2.7850003242492676	692	3.225804566097667	0	4
2.790001392364502	696	3.225804566097667	0	-1
2.7950003147125244	695	3.225804566097667	0	7
2.8000006675720215	702	3.225804566097667	1	9
2.8050007820129395	711	3.225804566097667	0	17
2.8100013732910156	728	3.225804566097667	0	29
2.815000534057617	757	3.225804566097667	0	26
2.8200008869171143	783	3.225804566097667	0	22
2.8250010013580322	805	3.225804566097667	0	12
2.830000877380371	817	3.225804566097667	0	10
2.835000991821289	827	3.225804566097667	0	9
2.840000867843628	836	3.225804566097667	0	4
2.845000982284546	840	3.225804566097667	0	6
2.850001335144043	846	3.225804566097667	0	3
2.8550004959106445	849	3.225804566097667	0	2
2.8600003719329834	851	3.225804566097667	0	1
2.8650009632110596	852	3.225804566097667	0	-3
2.8700006008148193	849	3.225804566097667	0	-2
2.8750009536743164	847	3.225804566097667	0	-9
2.8800015449523926	838	3.225799604225999	1	-12
2.885000705718994	826	3.225799604225999	0	-18
2.890000820159912	808	3.225799604225999	0	-23
2.895000457763672	785	3.225799604225999	0	-20
2.900001049041748	765	3.225799604225999	0	-21
2.905001401901245	744	3.225799604225999	0	-14
2.9100003242492676	730	3.225799604225999	0	-8
2.9150006771087646	722	3.225799604225999	0	-10
2.92000150680542	712	3.225799604225999	0	-3
2.9250004291534424	709	3.225799604225999	0	-6
2.9300010204315186	703	3.225799604225999	0	-2
2.9350006580352783	701	3.225799604225999	0	-2
2.9400012493133545	699	3.225799604225999	0	-3
2.9450011253356934	696	3.225799604225999	0	2
2.950000762939453	698	3.225799604225999	0	0
2.95500111579895	698	3.225799604225999	0	3
2.9600014686584473	701	3.225799604225999	0	11
2.9650003910064697	712	3.174609806365865	1	14
2.9700005054473877	726	3.174609806365865	0	26
2.975001573562622	752	3.174609806365865	0	25
2.980001449584961	777	3.174609806365865	0	25
2.9850003719329834	802	3.174609806365865	0	19
2.9900014400482178	821	3.174609806365865	0	14
2.9950013160705566	835	3.174609806365865	0	11
3.0000011920928955	846	3.174609806365865	0	6
3.0050010681152344	852	3.174609806365865	0	4
3.010000467300415	856	3.174609806365865	0	4
3.0150012969970703	860	3.174609806365865	0	-1
3.020000457763672	859	3.174609806365865	0	4
3.0250003337860107	863	3.174609806365865	0	-5
3.0300002098083496	858	3.174609806365865	0	-8
3.035000801086426	850	3.225804566097667	1	-20
3.0400009155273438	830	3.225804566097667	0	-30
3.045001745223999	800	3.225804566097667	0	-32
3.0500001907348633	768	3.225804566097667	0	-27
3.0550010204315186	741	3.225804566097667	0	-18
3.0600006580352783	723	3.225804566097667	0	-9
3.0650014877319336	714	3.225804566097667	0	-11
3.0700011253356934	703	3.225804566097667	0	-2
3.075000524520874	701	3.225804566097667	0	-5
3.08000111579895	696	3.225804566097667	0	-2
3.0850002765655518	694	3.225804566097667	0	1
3.090000867843628	695	3.225804566097667	0	-3
3.0950002670288086	692	3.225804566097667	0	2
3.1000001430511475	694	3.225804566097667	0	3
3.1050002574920654	697	3.225804566097667	0	3
3.1100008487701416	700	3.225804566097667	0	12
3.1150012016296387	712	3.174597792323389	1	15
3.1200003623962402	727	3.174597792323389	0	26
3.1250009536743164	753	3.174597792323389	0	26
3.130000352859497	779	3.174597792323389	0	22
3.135000228881836	801	3.174597792323389	0	16
3.1400015354156494	817	3.174597792323389	0	7
3.145000457763672	824	3.174597792323389	0	11
3.15000057220459	835	3.174597792323389	0	3
3.1550004482269287	838	3.174597792323389	0	7
3.160000801086426	845	3.174597792323389	0	5
3.1650004386901855	850	3.174597792323389	0	-1
3.1700005531311035	849	3.174597792323389	0	3
3.1750009059906006	852	3.174597792323389	0	-2
3.1800012588500977	850	3.174597792323389	0	-4
3.18500018119812	846	3.174597792323389	0	-4
3.190000295639038	842	3.174597792323389	0	-12
3.195000648498535	830	3.174612209185272	1	-13
3.200000286102295	817	3.174612209185272	0	-23
3.205000400543213	794	3.174612209185272	0	-24
3.21000075340271	770	3.174612209185272	0	-20
3.215001344680786	750	3.174612209185272	0	-19
3.220001220703125	731	3.174612209185272	0	-8
3.225001096725464	723	3.174612209185272	0	-10
3.2300002574920654	713	3.174612209185272	0	-7
3.2350013256073	706	3.174612209185272	0	-2
3.2400012016296387	704	3.174612209185272	0	-6
3.2450003623962402	698	3.174612209185272	0	1
3.250000238418579	699	3.174612209185272	0	-2
3.2550008296966553	697	3.174612209185272	0	0
3.2600009441375732	697	3.174612209185272	0	3
3.265000343322754	700	3.174612209185272	0	2
3.270001173019409	702	3.174612209185272	0	13
3.275001049041748	715	3.225799604225999	1	16
3.2800002098083496	731	3.225799604225999	0	25
3.285001754760742	756	3.225799604225999	0	27
3.290001630783081	783	3.225799604225999	0	22
3.2950005531311035	805	3.225799604225999	0	18
3.3000006675720215	823	3.225799604225999	0	14
3.3050012588500977	837	3.225799604225999	0	8
3.3100011348724365	845	3.225799604225999	0	8
3.3150010108947754	853	3.225799604225999	0	2
3.320000648498535	855	3.225799604225999	0	6
3.325000524520874	861	3.225799604225999	0	1
3.330000638961792	862	3.225799604225999	0	0
3.3350002765655518	862	3.225799604225999	0	-3
3.3400001525878906	859	3.225799604225999	0	-11
3.345001459121704	848	3.225799604225999	1	-16
3.3500003814697266	832	3.225799604225999	0	-28
3.3550002574920654	804	3.225799604225999	0	-31
3.3600001335144043	773	3.225799604225999	0	-27
3.3650012016296387	746	3.225799604225999	0	-20
3.370000123977661	726	3.225799604225999	0	-10
3.375000476837158	716	3.225799604225999	0	-11
3.3800008296966553	705	3.225799604225999	0	-5
3.3850014209747314	700	3.225799604225999	0	-2
3.390000581741333	698	3.225799604225999	0	-5
3.39500093460083	693	3.225799604225999	0	-1
3.400001049041748	692	3.225799604225999	0	2
3.405000925064087	694	3.225799604225999	0	-1
3.410001277923584	693	3.225799604225999	0	6
3.4150009155273438	699	3.333336512250753	1	2
3.4200005531311035	701	3.333336512250753	0	12
3.4250004291534424	713	3.333336512250753	0	18
3.4300003051757812	731	3.333336512250753	0	25
3.4350008964538574	756	3.333336512250753	0	29
3.4400014877319336	785	3.333336512250753	0	19
3.4450008869171143	804	3.333336512250753	0	14
3.4500012397766113	818	3.333336512250753	0	9
3.455000400543213	827	3.333336512250753	0	7
3.460000514984131	834	3.333336512250753	0	7
3.4650001525878906	841	3.333336512250753	0	3
3.470001220703125	844	3.333336512250753	0	5
3.475001335144043	849	3.333336512250753	0	2
3.4800009727478027	851	3.333336512250753	0	0
3.4850013256073	851	3.333336512250753	0	0
3.4900014400482178	851	3.333336512250753	0	-5
3.4950013160705566	846	3.333336512250753	0	-4
3.5000011920928955	842	3.333336512250753	0	-12
3.5050008296966553	830	3.225804566097667	1	-15
3.5100011825561523	815	3.225804566097667	0	-21
3.5150012969970703	794	3.225804566097667	0	-24
3.520000696182251	770	3.225804566097667	0	-20
3.5250003337860107	750	3.225804566097667	0	-17
3.530001163482666	733	3.225804566097667	0	-11
3.5350003242492676	722	3.225804566097667	0	-7
3.5400004386901855	715	3.225804566097667	0	-9
3.5450007915496826	706	3.225804566097667	0	-1
3.5500006675720215	705	3.225804566097667	0	-5
3.5550012588500977	700	3.225804566097667	0	-3
3.56000018119812	697	3.225804566097667	0	1
3.5650014877319336	698	3.225804566097667	0	-2
3.570000648498535	696	3.225804566097667	0	4
3.575000762939453	700	3.225804566097667	0	4
3.580000162124634	704	3.225804566097667	0	10
3.585000514984131	714	3.2258120089337905	1	19
3.590000867843628	733	3.2258120089337905	0	20
3.5950005054473877	753	3.2258120089337905	0	28
3.600001096725464	781	3.2258120089337905	0	22
3.6050002574920654	803	3.2258120089337905	0	18
3.6100006103515625	821	3.2258120089337905	0	11
3.6150002479553223	832	3.2258120089337905	0	12
3.620000123977661	844	3.2258120089337905	0	8
3.6250009536743164	852	3.2258120089337905	0	4
3.6300008296966553	856	3.2258120089337905	0	3
3.635000228881836	859	3.2258120089337905	0	5
3.640000581741333	864	3.2258120089337905	0	-2
3.645000457763672	862	3.2258120089337905	0	-2
3.650001287460327	860	3.2258120089337905	0	-8
3.6550004482269287	852	3.22581697084362	1	-16
3.660001277923584	836	3.22581697084362	0	-25
3.665001153945923	811	3.22581697084362	0	-34
3.6700010299682617	777	3.22581697084362	0	-28
3.6750009059906006	749	3.22581697084362	0	-22
3.6800010204315186	727	3.22581697084362	0	-13
3.6850006580352783	714	3.22581697084362	0	-7
3.6900012493133545	707	3.22581697084362	0	-7
3.6950013637542725	700	3.22581697084362	0	-2
3.7000010013580322	698	3.22581697084362	0	-4
3.7050013542175293	694	3.22581697084362	0	-1
3.710000514984131	693	3.22581697084362	0	1
3.7150015830993652	694	3.22581697084362	0	0
3.7200002670288086	694	3.22581697084362	0	4
3.7250006198883057	698	3.22581697084362	0	4
3.7300002574920654	702	3.22581697084362	0	8
3.7350001335144043	710	3.1250076368637747	1	19
3.7400009632110596	729	3.1250076368637747	0	23
3.7450006008148193	752	3.1250076368637747	0	27
3.750000476837158	779	3.1250076368637747	0	22
3.755000352859497	801	3.1250076368637747	0	14
3.7600011825561523	815	3.1250076368637747	0	11
3.765000343322754	826	3.1250076368637747	0	6
3.77000093460083	832	3.1250076368637747	0	8
3.775001287460327	840	3.1250076368637747	0	5
3.780001163482666	845	3.1250076368637747	0	3
3.785000801086426	848	3.1250076368637747	0	3
3.790001392364502	851	3.1250076368637747	0	0
3.7950007915496826	851	3.1250076368637747	0	0
3.8000001907348633	851	3.1250076368637747	0	-5
3.8050005435943604	846	3.1250076368637747	0	-6
3.8100008964538574	840	3.278687806963853	1	-10
3.8150012493133545	830	3.278687806963853	0	-21
3.820000171661377	809	3.278687806963853	0	-22
3.825000286102295	787	3.278687806963853	0	-25
3.830000877380371	762	3.278687806963853	0	-20
3.835000991821289	742	3.278687806963853	0	-12
3.8400001525878906	730	3.278687806963853	0	-13
3.845000743865967	717	3.278687806963853	0	-4
3.8500001430511475	713	3.278687806963853	0	-7
3.8550009727478027	706	3.278687806963853	0	-4
3.8600003719329834	702	3.278687806963853	0	0
3.8650012016296387	702	3.278687806963853	0	-5
3.8700003623962402	697	3.278687806963853	0	2
3.875000238418579	699	3.278687806963853	0	-2
3.880000352859497	697	3.278687806963853	0	0
3.885000228881836	697	3.278687806963853	0	6
3.890001058578491	703	3.278682681070771	1	5
3.895000696182251	708	3.278682681070771	0	15
3.9000015258789062	723	3.278682681070771	0	20
3.9050002098083496	743	3.278682681070771	0	24
3.910001039505005	767	3.278682681070771	0	27
3.9150006771087646	794	3.278682681070771	0	19
3.920001268386841	813	3.278682681070771	0	19
3.9250004291534424	832	3.278682681070771	0	10
3.9300007820129395	842	3.278682681070771	0	8
3.935000419616699	850	3.278682681070771	0	6
3.940000534057617	856	3.278682681070771	0	2
3.945000648498535	858	3.278682681070771	0	3
3.950000286102295	861	3.278682681070771	0	0
3.955000400543213	861	3.278682681070771	0	-4
3.9600002765655518	857	3.278682681070771	0	-9
3.965001106262207	848	3.225799604225999	1	-23
3.970001220703125	825	3.225799604225999	0	-28
3.975001335144043	797	3.225799604225999	0	-33
3.980001211166382	764	3.225799604225999	0	-27
3.9850006103515625	737	3.225799604225999	0	-15
3.9900014400482178	722	3.225799604225999	0	-13
3.9950008392333984	709	3.225799604225999	0	-5
4.0000011920928955	704	3.225799604225999	0	-5
4.005000829696655	699	3.225799604225999	0	-4
4.0100014209747314	695	3.225799604225999	0	0
4.015001058578491	695	3.225799604225999	0	-3
4.020000696182251	692	3.225799604225999	0	1
4.025000810623169	693	3.225799604225999	0	1
4.030000925064087	694	3.225799604225999	0	1
4.035001039505005	695	3.225799604225999	0	9
4.0400002002716064	704	3.278687806963853	1	7
4.045000314712524	711	3.278687806963853	0	19
4.050000190734863	730	3.278687806963853	0	22
4.055001258850098	752	3.278687806963853	0	26
4.06000018119812	778	3.278687806963853	0	23
4.065000295639038	801	3.278687806963853	0	13
4.070001125335693	814	3.278687806963853	0	12
4.075000286102295	826	3.278687806963853	0	6
4.08000111579895	832	3.278687806963853	0	6
4.085001230239868	838	3.278687806963853	0	6
4.090001106262207	844	3.278687806963853	0	3
4.095000982284546	847	3.278687806963853	0	4
4.1000001430511475	851	3.278687806963853	0	0
4.10500168800354	851	3.278687806963853	0	-1
4.110000848770142	850	3.278687806963853	0	-1
4.115000486373901	849	3.278687806963853	0	-8
4.120000123977661	841	3.225814489886797	1	-8
4.125000715255737	833	3.225814489886797	0	-19
4.1300013065338135	814	3.225814489886797	0	-24
4.135001182556152	790	3.225814489886797	0	-23
4.140000343322754	767	3.225814489886797	0	-23
4.145000696182251	744	3.225814489886797	0	-13
4.15000057220459	731	3.225814489886797	0	-11
4.155000686645508	720	3.225814489886797	0	-9
4.160001754760742	711	3.225814489886797	0	-2
4.1650004386901855	709	3.225814489886797	0	-8
4.170000791549683	701	3.225814489886797	0	0
4.175000429153442	701	3.225814489886797	0	-3
4.1800007820129395	698	3.225814489886797	0	-2
4.185000419616699	696	3.225814489886797	0	2
4.190000772476196	698	3.225814489886797	0	0
4.195000171661377	698	3.225814489886797	0	7
4.200000286102295	705	3.225814489886797	1	7
4.205000400543213	712	3.225814489886797	0	14
4.210000991821289	726	3.225814489886797	0	25
4.215001106262207	751	3.225814489886797	0	23
4.220000267028809	774	3.225814489886797	0	27
4.225000381469727	801	3.225814489886797	0	18
4.230000734329224	819	3.225814489886797	0	15
4.2350013256073	834	3.225814489886797	0	12
4.24000096321106	846	3.225814489886797	0	6
4.245000839233398	852	3.225814489886797	0	5
4.250000476837158	857	3.225814489886797	0	3
4.255000829696655	860	3.225814489886797	0	0
4.260000228881836	860	3.225814489886797	0	1
4.265001058578491	861	3.225814489886797	0	-6
4.270001173019409	855	3.278687806963853	1	-11
4.275000810623169	844	3.278687806963853	0	-24
4.280000448226929	820	3.278687806963853	0	-32
4.285000324249268	788	3.278687806963853	0	-30
4.290000915527344	758	3.278687806963853	0	-27
4.295001268386841	731	3.278687806963853	0	-13
4.300000905990601	718	3.278687806963853	0	-10
4.305001258850098	708	3.278687806963853	0	-7
4.310000658035278	701	3.278687806963853	0	-2
4.315000295639038	699	3.278687806963853	0	-5
4.320000886917114	694	3.278687806963853	0	1
4.325000286102295	695	3.278687806963853	0	-2
4.330000638961792	693	3.278687806963853	0	0
4.335000991821289	693	3.278687806963853	0	3
4.34000039100647	696	3.278687806963853	0	0
4.345000982284546	696	3.278687806963853	0	6
4.350000858306885	702	3.225799604225999	1	7
4.3550004959106445	709	3.225799604225999	0	16
4.360000848770142	725	3.225799604225999	0	26
4.36500096321106	751	3.225799604225999	0	26
4.370000123977661	777	3.225799604225999	0	25
4.375000238418579	802	3.225799604225999	0	14
4.380000352859497	816	3.225799604225999	0	10
4.385000944137573	826	3.225799604225999	0	9
4.390000581741333	835	3.225799604225999	0	5
4.39500093460083	840	3.225799604225999	0	7
4.400001764297485	847	3.225799604225999	0	4
4.405001163482666	851	3.225799604225999	0	-1
4.410001516342163	850	3.225799604225999	0	2
4.4150004386901855	852	3.225799604225999	0	-3
4.4200005531311035	849	3.225799604225999	0	-2
4.4250006675720215	847	3.225799604225999	0	-9
4.43000054359436	838	3.2258020851599247	1	-12
4.435000419616699	826	3.2258020851599247	0	-17
4.4400012493133545	809	3.2258020851599247	0	-26
4.445000410079956	783	3.2258020851599247	0	-20
4.450000762939453	763	3.2258020851599247	0	-19
4.455001354217529	744	3.2258020851599247	0	-14
4.46000075340271	730	3.2258020851599247	0	-9
4.465000867843628	721	3.2258020851599247	0	-12
4.470000267028809	709	3.2258020851599247	0	-1
4.475001096725464	708	3.2258020851599247	0	-5
4.480001449584961	703	3.2258020851599247	0	-4
4.4850006103515625	699	3.2258020851599247	0	1
4.490001440048218	700	3.2258020851599247	0	-4
4.49500036239624	696	3.2258020851599247	0	3
4.500000238418579	699	3.2258020851599247	0	-1
4.505000829696655	698	3.2258020851599247	0	3
4.510000705718994	701	3.2258020851599247	0	10
4.515000343322754	711	3.1746025979294674	1	12
4.52000093460083	723	3.1746025979294674	0	25
4.525001287460327	748	3.1746025979294674	0	24
4.530000448226929	772	3.1746025979294674	0	24
4.535000324249268	796	3.1746025979294674	0	23
4.540000677108765	819	3.1746025979294674	0	13
4.545000791549683	832	3.1746025979294674	0	12
4.5500006675720215	844	3.1746025979294674	0	6
4.5550010204315186	850	3.1746025979294674	0	5
4.560000658035278	855	3.1746025979294674	0	3
4.565000295639038	858	3.1746025979294674	0	3
4.570000648498535	861	3.1746025979294674	0	1
4.575000286102295	862	3.1746025979294674	0	-5
4.580000877380371	857	3.1746025979294674	0	-11
4.585001230239868	846	3.1746025979294674	1	-18
4.590000152587891	828	3.1746025979294674	0	-31
4.595000267028809	797	3.1746025979294674	0	-31
4.6000001430511475	766	3.1746025979294674	0	-27
4.605001211166382	739	3.1746025979294674	0	-18
4.610001087188721	721	3.1746025979294674	0	-9
4.61500096321106	712	3.1746025979294674	0	-11
4.620000600814819	701	3.1746025979294674	0	-1
4.6250011920928955	700	3.1746025979294674	0	-4
4.6300013065338135	696	3.1746025979294674	0	-3
4.635000705718994	693	3.1746025979294674	0	2
4.640001535415649	695	3.1746025979294674	0	-3
4.645001173019409	692	3.1746025979294674	0	4
4.65000057220459	696	3.1746025979294674	0	2
4.655000686645508	698	3.1746025979294674	0	4
4.660001039505005	702	3.1746025979294674	0	13
4.665001153945923	715	3.1746001951246097	1	16
4.670001029968262	731	3.1746001951246097	0	27
4.675000905990601	758	3.1746001951246097	0	25
4.6800007820129395	783	3.1746001951246097	0	21
4.685000419616699	804	3.1746001951246097	0	15
4.690000772476196	819	3.1746001951246097	0	8
4.695000410079956	827	3.1746001951246097	0	9
4.700000762939453	836	3.1746001951246097	0	5
4.705000638961792	841	3.1746001951246097	0	5
4.710001468658447	846	3.1746001951246097	0	5
4.715000867843628	851	3.1746001951246097	0	-1
4.720000982284546	850	3.1746001951246097	0	3
4.7250001430511475	853	3.1746001951246097	0	-4
4.730000257492065	849	3.1746001951246097	0	-5
4.7350006103515625	844	3.1746001951246097	0	-6
4.74000096321106	838	3.2258020851599247	1	-14
4.74500036239624	824	3.2258020851599247	0	-17
4.750000238418579	807	3.2258020851599247	0	-23
4.755000352859497	784	3.2258020851599247	0	-23
4.760000705718994	761	3.2258020851599247	0	-16
4.765001058578491	745	3.2258020851599247	0	-17
4.77000093460083	728	3.2258020851599247	0	-6
4.775000810623169	722	3.2258020851599247	0	-9
4.780001163482666	713	3.2258020851599247	0	-7
4.785000562667847	706	3.2258020851599247	0	-1
4.790001153945923	705	3.2258020851599247	0	-7
4.795000314712524	698	3.2258020851599247	0	1
4.80000114440918	699	3.2258020851599247	0	-2
4.8050007820129395	697	3.2258020851599247	0	0
4.810000419616699	697	3.2258020851599247	0	4
4.815000772476196	701	3.2258020851599247	0	2
4.820000171661377	703	3.2258020851599247	0	13
4.825000524520874	716	3.225804566097667	1	17
4.830000162124634	733	3.225804566097667	0	24
4.83500075340271	757	3.225804566097667	0	28
4.840000867843628	785	3.225804566097667	0	22
4.845001459121704	807	3.225804566097667	0	18
4.850000381469727	825	3.225804566097667	0	13
4.855000734329224	838	3.225804566097667	0	9
4.8600006103515625	847	3.225804566097667	0	7
4.865001440048218	854	3.225804566097667	0	2
4.8700010776519775	856	3.225804566097667	0	5
4.875000476837158	861	3.225804566097667	0	0
4.880000829696655	861	3.225804566097667	0	0
4.885000944137573	861	3.225804566097667	0	-4
4.890000820159912	857	3.225804566097667	0	-14
4.895000696182251	843	3.2258120089337905	1	-18
4.900001049041748	825	3.2258120089337905	0	-32
4.905000686645508	793	3.2258120089337905	0	-31
4.910000562667847	762	3.2258120089337905	0	-23
4.9150002002716064	739	3.2258120089337905	0	-20
4.9200005531311035	719	3.2258120089337905	0	-8
4.925000429153442	711	3.2258120089337905	0	-8
4.930000305175781	703	3.2258120089337905	0	-5
4.935000419616699	698	3.2258120089337905	0	0
4.9400012493133545	698	3.2258120089337905	0	-5
4.945000886917114	693	3.2258120089337905	0	2
4.950000524520874	695	3.2258120089337905	0	-2
4.955001354217529	693	3.2258120089337905	0	0
4.96000075340271	693	3.2258120089337905	0	5
4.965000629425049	698	3.2258120089337905	0	4
4.970000505447388	702	3.2258120089337905	0	12
4.975001096725464	714	3.225807047039225	1	19
4.980000257492065	733	3.225807047039225	0	25
4.985000371932983	758	3.225807047039225	0	28
4.990001440048218	786	3.225807047039225	0	18
4.9950010776519775	804	3.225807047039225	0	15
5.000001430511475	819	3.225807047039225	0	8
5.005000591278076	827	3.225807047039225	0	8
5.010000705718994	835	3.225807047039225	0	6
5.015000581741333	841	3.225807047039225	0	4
5.020000219345093	845	3.225807047039225	0	4
5.025000333786011	849	3.225807047039225	0	2
5.03000020980835	851	3.225807047039225	0	1
5.035001277923584	852	3.225807047039225	0	-1
5.0400004386901855	851	3.225807047039225	0	-5
5.045001029968262	846	3.225807047039225	0	-4
5.050001382827759	842	3.225807047039225	0	-12
5.0550010204315186	830	3.1746025979294674	1	-18
5.060000658035278	812	3.1746025979294674	0	-21
5.065000534057617	791	3.1746025979294674	0	-25
5.070000410079956	766	3.1746025979294674	0	-19
5.075000762939453	747	3.1746025979294674	0	-15
5.080000400543213	732	3.1746025979294674	0	-11
5.085001468658447	721	3.1746025979294674	0	-7
5.090001106262207	714	3.1746025979294674	0	-7
5.095000982284546	707	3.1746025979294674	0	-3
5.1000001430511475	704	3.1746025979294674	0	-3
5.105001211166382	701	3.1746025979294674	0	-3
5.110000371932983	698	3.1746025979294674	0	1
5.115000247955322	699	3.1746025979294674	0	-3
5.120001316070557	696	3.1746025979294674	0	4
5.125000953674316	700	3.1746025979294674	0	4
5.130000352859497	704	3.1746025979294674	0	8
5.135000705718994	712	3.225804566097667	1	20
5.140001058578491	732	3.225804566097667	0	20
5.145001173019409	752	3.225804566097667	0	30
5.150000333786011	782	3.225804566097667	0	23
5.155000925064087	805	3.225804566097667	0	17
5.160001277923584	822	3.225804566097667	0	16
5.165001153945923	838	3.225804566097667	0	7
5.170000314712524	845	3.225804566097667	0	8
5.175001382827759	853	3.225804566097667	0	3
5.1800010204315186	856	3.225804566097667	0	3
5.1850011348724365	859	3.225804566097667	0	4
5.190001487731934	863	3.225804566097667	0	-2
5.195000410079956	861	3.225804566097667	0	-3
5.200000762939453	858	3.225804566097667	0	-10
5.205000162124634	848	3.2258120089337905	1	-18
5.210000276565552	830	3.2258120089337905	0	-25
5.215001106262207	805	3.2258120089337905	0	-37
5.220000505447388	768	3.2258120089337905	0	-24
5.2250001430511475	744	3.2258120089337905	0	-20
5.2300004959106445	724	3.2258120089337905	0	-13
5.235000848770142	711	3.2258120089337905	0	-5
5.240001201629639	706	3.2258120089337905	0	-8
5.245000839233398	698	3.2258120089337905	0	-1
5.250001430511475	697	3.2258120089337905	0	-1
5.255001068115234	696	3.2258120089337905	0	-2
5.260000467300415	694	3.2258120089337905	0	1
5.265000820159912	695	3.2258120089337905	0	-1
5.270000457763672	694	3.2258120089337905	0	4
5.275001049041748	698	3.2258120089337905	0	6
5.280000925064087	704	3.2258120089337905	0	9
5.285001039505005	713	3.225807047039225	1	21
5.290000915527344	734	3.225807047039225	0	22
5.295000314712524	756	3.225807047039225	0	30
5.300000429153442	786	3.225807047039225	0	18
5.305001258850098	804	3.225807047039225	0	13
5.310000658035278	817	3.225807047039225	0	11
5.315000772476196	828	3.225807047039225	0	6
5.320000171661377	834	3.225807047039225	0	7
5.32500147819519	841	3.225807047039225	0	4
5.330000162124634	845	3.225807047039225	0	5
5.335000514984131	850	3.225807047039225	0	1
5.34000039100647	851	3.225807047039225	0	0
5.345001220703125	851	3.225807047039225	0	1
5.350001096725464	852	3.225807047039225	0	-5
5.3550004959106445	847	3.225807047039225	0	-7
5.3600006103515625	840	3.2786929328729633	1	-9
5.3650007247924805	831	3.2786929328729633	0	-18
5.370000839233398	813	3.2786929328729633	0	-22
5.375001430511475	791	3.2786929328729633	0	-24
5.380001544952393	767	3.2786929328729633	0	-21
5.385000705718994	746	3.2786929328729633	0	-13
5.39000129699707	733	3.2786929328729633	0	-13
5.395000219345093	720	3.2786929328729633	0	-5
5.400001287460327	715	3.2786929328729633	0	-7
5.405000448226929	708	3.2786929328729633	0	-4
5.410001277923584	704	3.2786929328729633	0	-2
5.4150002002716064	702	3.2786929328729633	0	-5
5.4200005531311035	697	3.2786929328729633	0	1
5.42500114440918	698	3.2786929328729633	0	0
5.4300010204315186	698	3.2786929328729633	0	0
5.435000896453857	698	3.2786929328729633	0	8
5.440000534057617	706	3.2786903699164047	1	7
5.445001125335693	713	3.2786903699164047	0	18
5.450000286102295	731	3.2786903699164047	0	24
5.455001354217529	755	3.2786903699164047	0	25
5.460000991821289	780	3.2786903699164047	0	25
5.46500039100647	805	3.2786903699164047	0	17
5.470001697540283	822	3.2786903699164047	0	15
5.475000381469727	837	3.2786903699164047	0	9
5.480000257492065	846	3.2786903699164047	0	6
5.4850013256073	852	3.2786903699164047	0	6
5.4900007247924805	858	3.2786903699164047	0	2
5.495001316070557	860	3.2786903699164047	0	2
5.500000953674316	862	3.2786903699164047	0	1
5.505000352859497	863	3.2786903699164047	0	-4
5.510001182556152	859	3.2786903699164047	0	-8
5.51500129699707	851	3.2257946423695953	1	-19
5.520000696182251	832	3.2257946423695953	0	-27
5.525000333786011	805	3.2257946423695953	0	-35
5.530001401901245	770	3.2257946423695953	0	-29
5.535000324249268	741	3.2257946423695953	0	-17
5.540000915527344	724	3.2257946423695953	0	-14
5.545000791549683	710	3.2257946423695953	0	-5
5.55000114440918	705	3.2257946423695953	0	-6
5.5550010204315186	699	3.2257946423695953	0	-3
5.5600011348724365	696	3.2257946423695953	0	0
5.565000295639038	696	3.2257946423695953	0	-4
5.570000410079956	692	3.2257946423695953	0	4
5.575001239776611	696	3.2257946423695953	0	0
5.580000638961792	696	3.2257946423695953	0	2
5.585001707077026	698	3.2257946423695953	0	8
5.59000039100647	706	3.278695495833529	1	9
5.595000505447388	715	3.278695495833529	0	18
5.600001573562622	733	3.278695495833529	0	24
5.605000972747803	757	3.278695495833529	0	27
5.610000133514404	784	3.278695495833529	0	21
5.6150007247924805	805	3.278695495833529	0	12
5.620000600814819	817	3.278695495833529	0	11
5.6250011920928955	828	3.278695495833529	0	5
5.630000352859497	833	3.278695495833529	0	5
5.635001182556152	838	3.278695495833529	0	8
5.640001535415649	846	3.278695495833529	0	2
5.645000457763672	848	3.278695495833529	0	3
5.650001049041748	851	3.278695495833529	0	1
5.655001163482666	852	3.278695495833529	0	-1
5.660001277923584	851	3.278695495833529	0	-3
5.665000677108765	848	3.278695495833529	0	-6
5.670000314712524	842	3.278695495833529	0	-9
5.675001382827759	833	3.1745953895258054	1	-17
5.6800007820129395	816	3.1745953895258054	0	-24
5.6850011348724365	792	3.1745953895258054	0	-23
5.6900012493133545	769	3.1745953895258054	0	-24
5.695000648498535	745	3.1745953895258054	0	-13
5.700000524520874	732	3.1745953895258054	0	-11
5.705000638961792	721	3.1745953895258054	0	-8
5.710001230239868	713	3.1745953895258054	0	-4
5.715001344680786	709	3.1745953895258054	0	-6
5.720000505447388	703	3.1745953895258054	0	0
5.7250001430511475	703	3.1745953895258054	0	-3
5.7300004959106445	700	3.1745953895258054	0	-3
5.735000133514404	697	3.1745953895258054	0	3
5.74000096321106	700	3.1745953895258054	0	-1
5.745000839233398	699	3.1745953895258054	0	9
5.750001430511475	708	3.225797123295889	1	10
5.7550013065338135	718	3.225797123295889	0	16
5.760000944137573	734	3.225797123295889	0	27
5.765001058578491	761	3.225797123295889	0	25
5.770000219345093	786	3.225797123295889	0	24
5.775001049041748	810	3.225797123295889	0	17
5.780000925064087	827	3.225797123295889	0	12
5.785001277923584	839	3.225797123295889	0	10
5.790000677108765	849	3.225797123295889	0	3
5.7950005531311035	852	3.225797123295889	0	7
5.800000190734863	859	3.225797123295889	0	4
5.80500054359436	863	3.225797123295889	0	0
5.810000896453857	863	3.225797123295889	0	0
5.8150012493133545	863	3.225797123295889	0	-7
5.820000648498535	856	3.278695495833529	1	-12
5.825000286102295	844	3.278695495833529	0	-27
5.830000400543213	817	3.278695495833529	0	-35
5.835000514984131	782	3.278695495833529	0	-31
5.840001344680786	751	3.278695495833529	0	-24
5.845001459121704	727	3.278695495833529	0	-11
5.850001096725464	716	3.278695495833529	0	-11
5.8550004959106445	705	3.278695495833529	0	-5
5.8600006103515625	700	3.278695495833529	0	0
5.8650007247924805	700	3.278695495833529	0	-6
5.870000839233398	694	3.278695495833529	0	-1
5.8750011920928955	693	3.278695495833529	0	2
5.880000352859497	695	3.278695495833529	0	1
5.885000944137573	696	3.278695495833529	0	3
5.890000820159912	699	3.278695495833529	0	1
5.895001173019409	700	3.278695495833529	0	12
5.900000810623169	712	3.2258020851599247	1	13
5.905001163482666	725	3.2258020851599247	0	21
5.910000801086426	746	3.2258020851599247	0	29
5.915000677108765	775	3.2258020851599247	0	23
5.920001268386841	798	3.2258020851599247	0	19
5.925000905990601	817	3.2258020851599247	0	9
5.930001258850098	826	3.2258020851599247	0	9
5.935001611709595	835	3.2258020851599247	0	7
5.940001487731934	842	3.2258020851599247	0	4
5.945001125335693	846	3.2258020851599247	0	6
5.950001239776611	852	3.2258020851599247	0	0
5.955000162124634	852	3.2258020851599247	0	1
5.960000991821289	853	3.2258020851599247	0	-2
5.965000867843628	851	3.2258020851599247	0	-5
5.970000267028809	846	3.2258020851599247	0	-6
5.975001573562622	840	3.333331214058422	1	-11
5.980001211166382	829	3.333331214058422	0	-18
5.985001087188721	811	3.333331214058422	0	-24
5.990000247955322	787	3.333331214058422	0	-28
5.99500036239624	759	3.333331214058422	0	-16
6.0000011920928955	743	3.333331214058422	0	-15
6.005001068115234	728	3.333331214058422	0	-12
6.010001182556152	716	3.333331214058422	0	-4
6.015001058578491	712	3.333331214058422	0	-7
6.020000219345093	705	3.333331214058422	0	-1
6.02500057220459	704	3.333331214058422	0	-4
6.030000448226929	700	3.333331214058422	0	-2
6.035000324249268	698	3.333331214058422	0	1
6.0400002002716064	699	3.333331214058422	0	-1
6.0450005531311035	698	3.333331214058422	0	5
6.05000114440918	703	3.333331214058422	0	5
6.0550007820129395	708	3.333331214058422	0	11
6.060000419616699	719	3.22581697084362	1	21
6.065000295639038	740	3.22581697084362	0	22
6.070001125335693	762	3.22581697084362	0	28
6.075000524520874	790	3.22581697084362	0	21
6.080000638961792	811	3.22581697084362	0	19
6.085000514984131	830	3.22581697084362	0	12
6.090000867843628	842	3.22581697084362	0	9
6.095000982284546	851	3.22581697084362	0	6
6.1000001430511475	857	3.22581697084362	0	3
6.105000257492065	860	3.22581697084362	0	4
6.110001087188721	864	3.22581697084362	0	-1
6.115001201629639	863	3.22581697084362	0	-4
6.120000123977661	859	3.22581697084362	0	-10
6.125000476837158	849	3.2786903699164047	1	-17
6.1300013065338135	832	3.2786903699164047	0	-26
6.135000228881836	806	3.2786903699164047	0	-28
6.140001535415649	778	3.2786903699164047	0	-30
6.145001173019409	748	3.2786903699164047	0	-18
6.15000057220459	730	3.2786903699164047	0	-14
6.155000448226929	716	3.2786903699164047	0	-10
6.160000324249268	706	3.2786903699164047	0	-4
6.165000915527344	702	3.2786903699164047	0	-6
6.170000791549683	696	3.2786903699164047	0	0
6.175000190734863	696	3.2786903699164047	0	-1
6.18000054359436	695	3.2786903699164047	0	-1
6.1850011348724365	694	3.2786903699164047	0	4
6.190000772476196	698	3.2786903699164047	0	-1
6.195001125335693	697	3.2786903699164047	0	8
6.200001239776611	705	3.3333285649685727	1	12
6.20500111579895	717	3.3333285649685727	0	16
6.210000514984131	733	3.3333285649685727	0	26
6.215000867843628	759	3.3333285649685727	0	23
6.220000982284546	782	3.3333285649685727	0	22
6.225000858306885	804	3.3333285649685727	0	12
6.2300004959106445	816	3.3333285649685727	0	10
6.2350006103515625	826	3.3333285649685727	0	8
6.240001201629639	834	3.3333285649685727	0	4
6.245000600814819	838	3.3333285649685727	0	7
6.250000238418579	845	3.3333285649685727	0	4
6.255000829696655	849	3.3333285649685727	0	2
6.260000228881836	851	3.3333285649685727	0	2
6.265000820159912	853	3.3333285649685727	0	-5
6.270000457763672	848	3.3333285649685727	0	-1
6.275001287460327	847	3.3333285649685727	0	-10
6.280000448226929	837	3.2787006217666805	1	-13
6.285000801086426	824	3.2787006217666805	0	-17
6.290001630783081	807	3.2787006217666805	0	-25
6.2950005531311035	782	3.2787006217666805	0	-20
6.300000429153442	762	3.2787006217666805	0	-19
6.305001258850098	743	3.2787006217666805	0	-14
6.3100011348724365	729	3.2787006217666805	0	-7
6.3150012493133545	722	3.2787006217666805	0	-10
6.320000171661377	712	3.2787006217666805	0	-2
6.325001001358032	710	3.2787006217666805	0	-6
6.330000638961792	704	3.2787006217666805	0	-4
6.335000991821289	700	3.2787006217666805	0	0
6.340001344680786	700	3.2787006217666805	0	-3
6.345000982284546	697	3.2787006217666805	0	3
6.350000381469727	700	3.2787006217666805	0	0
6.3550004959106445	700	3.2787006217666805	0	7
6.360000848770142	707	3.3333285649685727	1	11
6.36500096321106	718	3.3333285649685727	0	16
6.370000600814819	734	3.3333285649685727	0	27
6.375000715255737	761	3.3333285649685727	0	26
6.380001783370972	787	3.3333285649685727	0	23
6.385000467300415	810	3.3333285649685727	0	18
6.39000129699707	828	3.3333285649685727	0	13
6.395001173019409	841	3.3333285649685727	0	10
6.400001287460327	851	3.3333285649685727	0	3
6.405000686645508	854	3.3333285649685727	0	4
6.410001277923584	858	3.3333285649685727	0	4
6.4150004386901855	862	3.3333285649685727	0	1
6.4200005531311035	863	3.3333285649685727	0	-1
6.42500114440918	862	3.3333285649685727	0	-8
6.43000054359436	854	3.278687806963853	1	-15
6.435000419616699	839	3.278687806963853	0	-24
6.440000534057617	815	3.278687806963853	0	-38
6.445000886917114	777	3.278687806963853	0	-28
6.450000762939453	749	3.278687806963853	0	-21
6.455000638961792	728	3.278687806963853	0	-14
6.46000075340271	714	3.278687806963853	0	-7
6.465001106262207	707	3.278687806963853	0	-9
6.470000267028809	698	3.278687806963853	0	1
6.475000381469727	699	3.278687806963853	0	-4
6.480001211166382	695	3.278687806963853	0	-2
6.485000848770142	693	3.278687806963853	0	3
6.490001440048218	696	3.278687806963853	0	-2
6.495000839233398	694	3.278687806963853	0	4
6.500000238418579	698	3.278687806963853	0	4
6.505000591278076	702	3.278687806963853	0	8
6.510000228881836	710	3.22581697084362	1	19
6.515001058578491	729	3.22581697084362	0	24
6.520000696182251	753	3.22581697084362	0	28
6.525000810623169	781	3.22581697084362	0	22
6.530001640319824	803	3.22581697084362	0	15
6.535001516342163	818	3.22581697084362	0	11
6.5400004386901855	829	3.22581697084362	0	7
6.545000314712524	836	3.22581697084362	0	7
6.55000114440918	843	3.22581697084362	0	4
6.5550010204315186	847	3.22581697084362	0	3
6.560000658035278	850	3.22581697084362	0	2
6.5650012493133545	852	3.22581697084362	0	-1
6.570001602172852	851	3.22581697084362	0	-1
6.575000762939453	850	3.22581697084362	0	-7
6.580000162124634	843	3.333336512250753	1	-10
6.585000991821289	833	3.333336512250753	0	-14
6.590000867843628	819	3.333336512250753	0	-23
6.595000267028809	796	3.333336512250753	0	-23
6.600000858306885	773	3.333336512250753	0	-23
6.605001449584961	750	3.333336512250753	0	-17
6.610000371932983	733	3.333336512250753	0	-8
6.61500096321106	725	3.333336512250753	0	-12
6.620001316070557	713	3.333336512250753	0	-3
6.625001430511475	710	3.333336512250753	0	-6
6.6300013065338135	704	3.333336512250753	0	-3
6.635000944137573	701	3.333336512250753	0	0
6.640000343322754	701	3.333336512250753	0	-5
6.645000696182251	696	3.333336512250753	0	2
6.650001287460327	698	3.333336512250753	0	2
6.655000925064087	700	3.333336512250753	0	2
6.660001516342163	702	3.333336512250753	0	11
6.6650004386901855	713	3.2786929328729633	1	12
6.67000150680542	725	3.2786929328729633	0	25
6.675000905990601	750	3.2786929328729633	0	26
6.680001258850098	776	3.2786929328729633	0	25
6.6850011348724365	801	3.2786929328729633	0	22
6.690000772476196	823	3.2786929328729633	0	13
6.695000648498535	836	3.2786929328729633	0	11
6.700000762939453	847	3.2786929328729633	0	6
6.705000400543213	853	3.2786929328729633	0	5
6.71000075340271	858	3.2786929328729633	0	4
6.715000867843628	862	3.2786929328729633	0	0
6.720000505447388	862	3.2786929328729633	0	-1
6.725000619888306	861	3.2786929328729633	0	-10
6.7300004959106445	851	3.333333863152482	1	-17
6.735000133514404	834	3.333333863152482	0	-27
6.740000486373901	807	3.333333863152482	0	-36
6.7450010776519775	771	3.333333863152482	0	-30
6.750000715255737	741	3.333333863152482	0	-17
6.755000352859497	724	3.333333863152482	0	-11
6.760000467300415	713	3.333333863152482	0	-7
6.765000343322754	706	3.333333863152482	0	-8
6.770001173019409	698	3.333333863152482	0	0
6.77500057220459	698	3.333333863152482	0	-4
6.780000686645508	694	3.333333863152482	0	-1
6.785001277923584	693	3.333333863152482	0	2
6.790000915527344	695	3.333333863152482	0	-2
6.795000314712524	693	3.333333863152482	0	4
6.800000905990601	697	3.333333863152482	0	5
6.805001497268677	702	3.333333863152482	0	9
6.810000896453857	711	3.3333259158829334	1	20
6.815000772476196	731	3.3333259158829334	0	22
6.820001125335693	753	3.3333259158829334	0	33
6.825001001358032	786	3.3333259158829334	0	19
6.830000400543213	805	3.3333259158829334	0	14
6.835001230239868	819	3.3333259158829334	0	10
6.840000152587891	829	3.3333259158829334	0	6
6.845000743865967	835	3.3333259158829334	0	7
6.850001096725464	842	3.3333259158829334	0	5
6.855000257492065	847	3.3333259158829334	0	3
6.860000848770142	850	3.3333259158829334	0	2
6.865001440048218	852	3.3333259158829334	0	-1
6.870000123977661	851	3.3333259158829334	0	-2
6.875000476837158	849	3.3333259158829334	0	-6
6.880001544952393	843	3.3333259158829334	0	-11
6.8850014209747314	832	3.2786749922611995	1	-13
6.890001058578491	819	3.2786749922611995	0	-25
6.895000696182251	794	3.2786749922611995	0	-24
6.900000810623169	770	3.2786749922611995	0	-22
6.905001163482666	748	3.2786749922611995	0	-16
6.910001277923584	732	3.2786749922611995	0	-9
6.9150004386901855	723	3.2786749922611995	0	-7
6.920001029968262	716	3.2786749922611995	0	-7
6.9250006675720215	709	3.2786749922611995	0	-5
6.930001258850098	704	3.2786749922611995	0	-4
6.935001373291016	700	3.2786749922611995	0	0
6.940000295639038	700	3.2786749922611995	0	-4
6.945000648498535	696	3.2786749922611995	0	2
6.950001239776611	698	3.2786749922611995	0	0
6.955000638961792	698	3.2786749922611995	0	5
6.96000075340271	703	3.2786749922611995	0	12
6.96500039100647	715	3.333333863152482	1	17
6.970001220703125	732	3.333333863152482	0	27
6.975001096725464	759	3.333333863152482	0	28
6.980001211166382	787	3.333333863152482	0	23
6.985001087188721	810	3.333333863152482	0	19
6.990001440048218	829	3.333333863152482	0	10
6.9950010776519775	839	3.333333863152482	0	11
7.000000238418579	850	3.333333863152482	0	5
7.005001068115234	855	3.333333863152482	0	4
7.0100016593933105	859	3.333333863152482	0	3
7.015000820159912	862	3.333333863152482	0	-1
7.020001411437988	861	3.333333863152482	0	-2
7.02500057220459	859	3.333333863152482	0	-11
7.030001401901245	848	3.3333232668015054	1	-20
7.035000801086426	828	3.3333232668015054	0	-29
7.0400002002716064	799	3.3333232668015054	0	-35
7.045000314712524	764	3.3333232668015054	0	-25
7.05000114440918	739	3.3333232668015054	0	-18
7.05500054359436	721	3.3333232668015054	0	-12
7.060000419616699	709	3.3333232668015054	0	-5
7.0650012493133545	704	3.3333232668015054	0	-7
7.070000410079956	697	3.3333232668015054	0	0
7.075001239776611	697	3.3333232668015054	0	-3
7.08000111579895	694	3.3333232668015054	0	-1
7.085001468658447	693	3.3333232668015054	0	3
7.090001106262207	696	3.3333232668015054	0	-2
7.095000982284546	694	3.3333232668015054	0	6
7.100000619888306	700	3.3333232668015054	0	6
7.105000972747803	706	3.3333232668015054	0	11
7.110000371932983	717	3.3333391613532344	1	23
7.115001440048218	740	3.3333391613532344	0	26
7.120001316070557	766	3.3333391613532344	0	29
7.125001430511475	795	3.3333391613532344	0	17
7.130000591278076	812	3.3333391613532344	0	12
7.135000467300415	824	3.3333391613532344	0	10
7.140000343322754	834	3.3333391613532344	0	5
7.145001411437988	839	3.3333391613532344	0	7
7.150001049041748	846	3.3333391613532344	0	3
7.155000925064087	849	3.3333391613532344	0	2
7.160000801086426	851	3.3333391613532344	0	1
7.165000915527344	852	3.3333391613532344	0	-3
7.1700005531311035	849	3.3333391613532344	0	-3
7.1750006675720215	846	3.3333391613532344	0	-8
7.18000054359436	838	3.389840590439306	1	-12
7.18500018119812	826	3.389840590439306	0	-18
7.1900012493133545	808	3.389840590439306	0	-25
7.195001125335693	783	3.389840590439306	0	-22
7.20000147819519	761	3.389840590439306	0	-18
7.205000162124634	743	3.389840590439306	0	-14
7.210000991821289	729	3.389840590439306	0	-9
7.215000867843628	720	3.389840590439306	0	-9
7.220000267028809	711	3.389840590439306	0	-3
7.2250001430511475	708	3.389840590439306	0	-6
7.230000257492065	702	3.389840590439306	0	-3
7.2350006103515625	699	3.389840590439306	0	0
7.240000247955322	699	3.389840590439306	0	-3
7.245000123977661	696	3.389840590439306	0	3
7.250001668930054	699	3.389840590439306	0	3
7.255000829696655	702	3.389840590439306	0	9
7.260000467300415	711	3.389829631784825	1	18
7.265000820159912	729	3.389829631784825	0	22
7.270001173019409	751	3.389829631784825	0	30
7.27500057220459	781	3.389829631784825	0	24
7.280000686645508	805	3.389829631784825	0	18
7.285000801086426	823	3.389829631784825	0	16
7.290000915527344	839	3.389829631784825	0	8
7.295001268386841	847	3.389829631784825	0	7
7.300000190734863	854	3.389829631784825	0	3
7.30500054359436	857	3.389829631784825	0	3
7.310000896453857	860	3.389829631784825	0	1
7.3150012493133545	861	3.389829631784825	0	0
7.320000648498535	861	3.389829631784825	0	-5
7.32500147819519	856	3.389829631784825	0	-14
7.330000400543213	842	3.3333444595708293	1	-23
7.335000276565552	819	3.3333444595708293	0	-31
7.340000629425049	788	3.3333444595708293	0	-33
7.345001459121704	755	3.3333444595708293	0	-22
7.350000619888306	733	3.3333444595708293	0	-15
7.355000972747803	718	3.3333444595708293	0	-10
7.360000133514404	708	3.3333444595708293	0	-4
7.365001201629639	704	3.3333444595708293	0	-7
7.37000036239624	697	3.3333444595708293	0	-1
7.3750011920928955	696	3.3333444595708293	0	-2
7.380001544952393	694	3.3333444595708293	0	0
7.385001182556152	694	3.3333444595708293	0	2
7.390001535415649	696	3.3333444595708293	0	0
7.395001173019409	696	3.3333444595708293	0	8
7.400000333786011	704	3.448276315659663	1	11
7.405000686645508	715	3.448276315659663	0	19
7.410001277923584	734	3.448276315659663	0	28
7.4150002002716064	762	3.448276315659663	0	27
7.420001029968262	789	3.448276315659663	0	19
7.425000190734863	808	3.448276315659663	0	13
7.4300010204315186	821	3.448276315659663	0	9
7.435000419616699	830	3.448276315659663	0	4
7.4400012493133545	834	3.448276315659663	0	8
7.445000648498535	842	3.448276315659663	0	6
7.450000762939453	848	3.448276315659663	0	2
7.455000162124634	850	3.448276315659663	0	1
7.460000514984131	851	3.448276315659663	0	-2
7.465000629425049	849	3.448276315659663	0	-2
7.470000267028809	847	3.448276315659663	0	-4
7.475001573562622	843	3.448276315659663	0	-9
7.480001211166382	834	3.3333259158829334	1	-16
7.485000133514404	818	3.3333259158829334	0	-20
7.490000247955322	798	3.3333259158829334	0	-26
7.495001316070557	772	3.3333259158829334	0	-20
7.500000715255737	752	3.3333259158829334	0	-17
7.505000829696655	735	3.3333259158829334	0	-12
7.510001182556152	723	3.3333259158829334	0	-8
7.515000820159912	715	3.3333259158829334	0	-8
7.520000457763672	707	3.3333259158829334	0	-2
7.525000333786011	705	3.3333259158829334	0	-5
7.530001163482666	700	3.3333259158829334	0	-3
7.535000562667847	697	3.3333259158829334	0	1
7.540001153945923	698	3.3333259158829334	0	-1
7.545001029968262	697	3.3333259158829334	0	5
7.5500006675720215	702	3.3333259158829334	0	5
7.5550007820129395	707	3.3333259158829334	0	12
7.5600011348724365	719	3.3333259158829334	1	23
7.565001487731934	742	3.3333259158829334	0	26
7.570000410079956	768	3.3333259158829334	0	28
7.575001239776611	796	3.3333259158829334	0	20
7.58000111579895	816	3.3333259158829334	0	17
7.585000991821289	833	3.3333259158829334	0	10
7.590000629425049	843	3.3333259158829334	0	6
7.595000743865967	849	3.3333259158829334	0	7
7.600000858306885	856	3.3333259158829334	0	3
7.605000972747803	859	3.3333259158829334	0	3
7.610000848770142	862	3.3333259158829334	0	1
7.61500096321106	863	3.3333259158829334	0	-5
7.62000036239624	858	3.3333259158829334	0	-9
7.625000715255737	849	3.3898268921322763	1	-18
7.630000352859497	831	3.3898268921322763	0	-31
7.635000944137573	800	3.3898268921322763	0	-31
7.64000129699707	769	3.3898268921322763	0	-31
7.645000219345093	738	3.3898268921322763	0	-15
7.650000333786011	723	3.3898268921322763	0	-12
7.655000448226929	711	3.3898268921322763	0	-8
7.660000801086426	703	3.3898268921322763	0	-1
7.6650004386901855	702	3.3898268921322763	0	-7
7.670001268386841	695	3.3898268921322763	0	1
7.675000905990601	696	3.3898268921322763	0	-3
7.680001497268677	693	3.3898268921322763	0	-1
7.685000658035278	692	3.3898268921322763	0	7
7.690000772476196	699	3.448270645784519	1	1
7.6950013637542725	700	3.448270645784519	0	12
7.700001239776611	712	3.448270645784519	0	15
7.705000400543213	727	3.448270645784519	0	24
7.710000991821289	751	3.448270645784519	0	29
7.71500039100647	780	3.448270645784519	0	21
7.720000982284546	801	3.448270645784519	0	17
7.725000858306885	818	3.448270645784519	0	9
7.730000734329224	827	3.448270645784519	0	7
7.735000133514404	834	3.448270645784519	0	7
7.7400007247924805	841	3.448270645784519	0	3
7.74500036239624	844	3.448270645784519	0	5
7.750000238418579	849	3.448270645784519	0	2
7.755000591278076	851	3.448270645784519	0	1
7.760000467300415	852	3.448270645784519	0	-3
7.765000343322754	849	3.448270645784519	0	-4
7.77000093460083	845	3.448270645784519	0	-7
7.775001049041748	838	3.389832371441803	1	-14
7.780000686645508	824	3.389832371441803	0	-23
7.785000562667847	801	3.389832371441803	0	-25
7.7900002002716064	776	3.389832371441803	0	-27
7.79500150680542	749	3.389832371441803	0	-13
7.800000429153442	736	3.389832371441803	0	-14
7.80500054359436	722	3.389832371441803	0	-9
7.810000658035278	713	3.389832371441803	0	-5
7.8150012493133545	708	3.389832371441803	0	-6
7.820001125335693	702	3.389832371441803	0	0
7.825001239776611	702	3.389832371441803	0	-4
7.830000877380371	698	3.389832371441803	0	-1
7.83500075340271	697	3.389832371441803	0	2
7.840000867843628	699	3.389832371441803	0	-2
7.845000982284546	697	3.389832371441803	0	7
7.850001096725464	704	3.448276315659663	1	9
7.855000972747803	713	3.448276315659663	0	15
7.860000848770142	728	3.448276315659663	0	25
7.865001201629639	753	3.448276315659663	0	24
7.8700010776519775	777	3.448276315659663	0	27
7.875000715255737	804	3.448276315659663	0	18
7.8800013065338135	822	3.448276315659663	0	15
7.885000944137573	837	3.448276315659663	0	11
7.89000129699707	848	3.448276315659663	0	5
7.89500093460083	853	3.448276315659663	0	5
7.900000810623169	858	3.448276315659663	0	3
7.90500020980835	861	3.448276315659663	0	0
7.910001039505005	861	3.448276315659663	0	-2
7.9150002002716064	859	3.448276315659663	0	-11
7.920000791549683	848	3.389829631784825	1	-16
7.925000429153442	832	3.389829631784825	0	-31
7.930000305175781	801	3.389829631784825	0	-34
7.935000896453857	767	3.389829631784825	0	-25
7.940001010894775	742	3.389829631784825	0	-20
7.945000648498535	722	3.389829631784825	0	-10
7.950001001358032	712	3.389829631784825	0	-8
7.95500111579895	704	3.389829631784825	0	-5
7.96000075340271	699	3.389829631784825	0	-2
7.965001106262207	697	3.389829631784825	0	-3
7.970000743865967	694	3.389829631784825	0	0
7.975001335144043	694	3.389829631784825	0	-1
7.9800004959106445	693	3.389829631784825	0	2
7.985000133514404	695	3.389829631784825	0	4
7.990000486373901	699	3.389829631784825	0	5
7.995001316070557	704	3.389829631784825	0	9
8.000000715255737	713	3.225807047039225	1	22
8.005000591278076	735	3.225807047039225	0	25
8.010000705718994	760	3.225807047039225	0	30
8.015000343322754	790	3.225807047039225	0	17
8.02000093460083	807	3.225807047039225	0	16
8.02500057220459	823	3.225807047039225	0	8
8.030001401901245	831	3.225807047039225	0	6
8.035000324249268	837	3.225807047039225	0	7
8.040000200271606	844	3.225807047039225	0	4
8.045000791549683	848	3.225807047039225	0	3
8.050000667572021	851	3.225807047039225	0	1
8.055001258850098	852	3.225807047039225	0	-4
8.0600004196167	848	3.225807047039225	0	-1
8.065001249313354	847	3.225807047039225	0	-8
8.070001363754272	839	3.3898268921322763	1	-9
8.075001001358032	830	3.3898268921322763	0	-20
8.080000162124634	810	3.3898268921322763	0	-24
8.08500051498413	786	3.3898268921322763	0	-22
8.09000015258789	764	3.3898268921322763	0	-22
8.095001220703125	742	3.3898268921322763	0	-12
8.100000381469727	730	3.3898268921322763	0	-10
8.105000257492065	720	3.3898268921322763	0	-9
8.110000371932983	711	3.3898268921322763	0	-3
8.11500096321106	708	3.3898268921322763	0	-6
8.120000123977661	702	3.3898268921322763	0	0
8.125000476837158	702	3.3898268921322763	0	-4
8.130000829696655	698	3.3898268921322763	0	-1
8.135000228881836	697	3.3898268921322763	0	1
8.140000581741333	698	3.3898268921322763	0	0
8.145000696182251	698	3.3898268921322763	0	8
8.15000057220459	706	3.3333391613532344	1	12
8.155001163482666	718	3.3333391613532344	0	20
8.160001039505005	738	3.3333391613532344	0	29
8.165001153945923	767	3.3333391613532344	0	26
8.170000314712524	793	3.3333391613532344	0	23
8.175000667572021	816	3.3333391613532344	0	16
8.18000054359436	832	3.3333391613532344	0	12
8.185000658035278	844	3.3333391613532344	0	8
8.190001487731934	852	3.3333391613532344	0	3
8.195000171661377	855	3.3333391613532344	0	6
8.200000286102295	861	3.3333391613532344	0	3
8.205000638961792	864	3.3333391613532344	0	-3
8.21000051498413	861	3.3333391613532344	0	-5
8.21500015258789	856	3.3333391613532344	0	-14
8.220000982284546	842	3.333331214058422	1	-22
8.225000619888306	820	3.333331214058422	0	-33
8.230000495910645	787	3.333331214058422	0	-33
8.2350013256073	754	3.333331214058422	0	-21
8.240000247955322	733	3.333331214058422	0	-17
8.245000839233398	716	3.333331214058422	0	-7
8.250000715255737	709	3.333331214058422	0	-8
8.255001068115234	701	3.333331214058422	0	-5
8.260001182556152	696	3.333331214058422	0	0
8.265000343322754	696	3.333331214058422	0	-4
8.270000219345093	692	3.333331214058422	0	3
8.275000810623169	695	3.333331214058422	0	0
8.280000448226929	695	3.333331214058422	0	1
8.285000324249268	696	3.333331214058422	0	7
8.290001630783081	703	3.4482649759280206	1	6
8.295001029968262	709	3.4482649759280206	0	20
8.30000114440918	729	3.4482649759280206	0	23
8.305001258850098	752	3.4482649759280206	0	28
8.310001134872437	780	3.4482649759280206	0	23
8.315000534057617	803	3.4482649759280206	0	13
8.320000886917114	816	3.4482649759280206	0	10
8.325001001358032	826	3.4482649759280206	0	7
8.330000638961792	833	3.4482649759280206	0	7
8.33500075340271	840	3.4482649759280206	0	6
8.340000867843628	846	3.4482649759280206	0	2
8.345001459121704	848	3.4482649759280206	0	4
8.350000619888306	852	3.4482649759280206	0	0
8.355001211166382	852	3.4482649759280206	0	-3
8.360000610351562	849	3.4482649759280206	0	-4
8.365000486373901	845	3.4482649759280206	0	-12
8.370000839233398	833	3.3333391613532344	1	-14
8.375001192092896	819	3.3333391613532344	0	-24
8.380000829696655	795	3.3333391613532344	0	-26
8.385000944137573	769	3.3333391613532344	0	-21
8.39000153541565	748	3.3333391613532344	0	-17
8.39500117301941	731	3.3333391613532344	0	-9
8.400001049041748	722	3.3333391613532344	0	-9
8.40500020980835	713	3.3333391613532344	0	-7
8.410000801086426	706	3.3333391613532344	0	-1
8.415001153945923	705	3.3333391613532344	0	-6
8.420000553131104	699	3.3333391613532344	0	0
8.425000190734863	699	3.3333391613532344	0	-2
8.43000078201294	697	3.3333391613532344	0	-1
8.4350004196167	696	3.3333391613532344	0	5
8.440000295639038	701	3.3333391613532344	0	3
8.445000886917114	704	3.3333391613532344	0	11
8.450001001358032	715	3.3333285649685727	1	18
8.455001592636108	733	3.3333285649685727	0	24
8.460000276565552	757	3.3333285649685727	0	29
8.465000629425049	786	3.3333285649685727	0	21
8.470001220703125	807	3.3333285649685727	0	19
8.475000381469727	826	3.3333285649685727	0	13
8.480001211166382	839	3.3333285649685727	0	9
8.485000371932983	848	3.3333285649685727	0	8
8.490000247955322	856	3.3333285649685727	0	1
8.495001316070557	857	3.3333285649685727	0	4
8.500000476837158	861	3.3333285649685727	0	0
8.505001544952393	861	3.3333285649685727	0	-2
8.510000467300415	859	3.3333285649685727	0	-10
8.515000820159912	849	3.389832371441803	1	-21
8.520000696182251	828	3.389832371441803	0	-30
8.525000810623169	798	3.389832371441803	0	-35
8.530000925064087	763	3.389832371441803	0	-27
8.535001516342163	736	3.389832371441803	0	-15
8.540000677108765	721	3.389832371441803	0	-13
8.545000314712524	708	3.389832371441803	0	-5
8.550000190734863	703	3.389832371441803	0	-5
8.555000305175781	698	3.389832371441803	0	-1
8.5600004196167	697	3.389832371441803	0	-2
8.565000772476196	695	3.389832371441803	0	-3
8.570000886917114	692	3.389832371441803	0	3
8.575000524520874	695	3.389832371441803	0	2
8.58000135421753	697	3.389832371441803	0	3
8.585001230239868	700	3.389832371441803	0	12
8.590000867843628	712	3.3333418104599266	1	11
8.595000982284546	723	3.3333418104599266	0	25
8.600000858306885	748	3.3333418104599266	0	27
8.605000972747803	775	3.3333418104599266	0	22
8.610000133514404	797	3.3333418104599266	0	17
8.615000247955322	814	3.3333418104599266	0	9
8.620001316070557	823	3.3333418104599266	0	10
8.625000715255737	833	3.3333418104599266	0	7
8.630000591278076	840	3.3333418104599266	0	4
8.635000705718994	844	3.3333418104599266	0	6
8.64000129699707	850	3.3333418104599266	0	0
8.645000457763672	850	3.3333418104599266	0	2
8.650001049041748	852	3.3333418104599266	0	-6
8.65500020980835	846	3.5087796789958623	1	-4
8.660001516342163	842	3.5087796789958623	0	-7
8.665001392364502	835	3.5087796789958623	0	-16
8.670001029968262	819	3.5087796789958623	0	-19
8.675000190734863	800	3.5087796789958623	0	-24
8.68000078201294	776	3.5087796789958623	0	-23
8.685000896453857	753	3.5087796789958623	0	-15
8.690001010894775	738	3.5087796789958623	0	-13
8.695000648498535	725	3.5087796789958623	0	-5
8.700001001358032	720	3.5087796789958623	0	-10
8.70500111579895	710	3.5087796789958623	0	-6
8.710000276565552	704	3.5087796789958623	0	-1
8.715001344680786	703	3.5087796789958623	0	-5
8.720000505447388	698	3.5087796789958623	0	0
8.725000381469727	698	3.5087796789958623	0	0
8.730000734329224	698	3.5087796789958623	0	0
8.735000610351562	698	3.5087796789958623	0	7
8.74000072479248	705	3.448279150604227	1	9
8.745001077651978	714	3.448279150604227	0	21
8.750001192092896	735	3.448279150604227	0	25
8.755001306533813	760	3.448279150604227	0	27
8.760000944137573	787	3.448279150604227	0	24
8.765001058578491	811	3.448279150604227	0	16
8.770000457763672	827	3.448279150604227	0	15
8.775000810623169	842	3.448279150604227	0	7
8.780001163482666	849	3.448279150604227	0	5
8.785000324249268	854	3.448279150604227	0	5
8.790001392364502	859	3.448279150604227	0	1
8.795000553131104	860	3.448279150604227	0	2
8.80000114440918	862	3.448279150604227	0	-3
8.805000305175781	859	3.448279150604227	0	-9
8.8100004196167	850	3.3898351111032086	1	-16
8.815000295639038	834	3.3898351111032086	0	-30
8.820000886917114	804	3.3898351111032086	0	-31
8.825001239776611	773	3.3898351111032086	0	-30
8.830000638961792	743	3.3898351111032086	0	-21
8.835001230239868	722	3.3898351111032086	0	-8
8.840000867843628	714	3.3898351111032086	0	-12
8.845000743865967	702	3.3898351111032086	0	0
8.850000381469727	702	3.3898351111032086	0	-6
8.855000972747803	696	3.3898351111032086	0	-3
8.860000133514404	693	3.3898351111032086	0	2
8.865001201629639	695	3.3898351111032086	0	-3
8.87000036239624	692	3.3898351111032086	0	5
8.875000953674316	697	3.3898351111032086	0	1
8.880000829696655	698	3.3898351111032086	0	7
8.885000467300415	705	3.3898351111032086	1	16
8.890001058578491	721	3.3898351111032086	0	22
8.895000696182251	743	3.3898351111032086	0	30
8.900001525878906	773	3.3898351111032086	0	23
8.905000686645508	796	3.3898351111032086	0	17
8.910000801086426	813	3.3898351111032086	0	12
8.915000677108765	825	3.3898351111032086	0	9
8.92000126838684	834	3.3898351111032086	0	5
8.9250009059906	839	3.3898351111032086	0	6
8.930001020431519	845	3.3898351111032086	0	3
8.9350004196167	848	3.3898351111032086	0	3
8.940000295639038	851	3.3898351111032086	0	0
8.945001125335693	851	3.3898351111032086	0	0
8.950000524520874	851	3.3898351111032086	0	-5
8.955001592636108	846	3.3898351111032086	0	-8
8.96000051498413	838	3.2786852440153087	1	-13
8.965000867843628	825	3.2786852440153087	0	-23
8.970000267028809	802	3.2786852440153087	0	-22
8.975000143051147	780	3.2786852440153087	0	-25
8.980000734329224	755	3.2786852440153087	0	-18
8.98500108718872	737	3.2786852440153087	0	-11
8.990000247955322	726	3.2786852440153087	0	-11
8.995001077651978	715	3.2786852440153087	0	-6
9.000001192092896	709	3.2786852440153087	0	-3
9.005000352859497	706	3.2786852440153087	0	-6
9.010001182556152	700	3.2786852440153087	0	1
9.015000343322754	701	3.2786852440153087	0	-5
9.020000457763672	696	3.2786852440153087	0	2
9.025001049041748	698	3.2786852440153087	0	1
9.030001163482666	699	3.2786852440153087	0	4
9.035001277923584	703	3.2786852440153087	0	12
9.040000915527344	715	3.333331214058422	1	16
9.045001029968262	731	3.333331214058422	0	25
9.050001382827759	756	3.333331214058422	0	28
9.055000305175781	784	3.333331214058422	0	23
9.060000896453857	807	3.333331214058422	0	20
9.065000295639038	827	3.333331214058422	0	12
9.070001125335693	839	3.333331214058422	0	10
9.075000286102295	849	3.333331214058422	0	6
9.080000877380371	855	3.333331214058422	0	4
9.08500051498413	859	3.333331214058422	0	3
9.090000867843628	862	3.333331214058422	0	-2
9.095000743865967	860	3.333331214058422	0	-2
9.100001096725464	858	3.333331214058422	0	-10
9.105000972747803	848	3.3898241524841555	1	-21
9.110000848770142	827	3.3898241524841555	0	-29
9.115000247955322	798	3.3898241524841555	0	-37
9.120000123977661	761	3.3898241524841555	0	-23
9.125000715255737	738	3.3898241524841555	0	-18
9.130001306533813	720	3.3898241524841555	0	-12
9.135000705718994	708	3.3898241524841555	0	-5
9.140001058578491	703	3.3898241524841555	0	-5
9.14500093460083	698	3.3898241524841555	0	-1
9.15000033378601	697	3.3898241524841555	0	-3
9.155001163482666	694	3.3898241524841555	0	-1
9.160000324249268	693	3.3898241524841555	0	3
9.165000915527344	696	3.3898241524841555	0	-2
9.170000314712524	694	3.3898241524841555	0	9
9.1750009059906	703	3.448270645784519	1	7
9.180001020431519	710	3.448270645784519	0	16
9.185001134872437	726	3.448270645784519	0	26
9.190001010894775	752	3.448270645784519	0	27
9.195001602172852	779	3.448270645784519	0	23
9.200001001358032	802	3.448270645784519	0	15
9.205000877380371	817	3.448270645784519	0	10
9.210001230239868	827	3.448270645784519	0	9
9.21500015258789	836	3.448270645784519	0	7
9.220001220703125	843	3.448270645784519	0	4
9.225001096725464	847	3.448270645784519	0	2
9.230000257492065	849	3.448270645784519	0	2
9.235001564025879	851	3.448270645784519	0	1
9.240000247955322	852	3.448270645784519	0	-4
9.24500060081482	848	3.448270645784519	0	-4
9.250000715255737	844	3.448270645784519	0	-10
9.255000352859497	834	3.389832371441803	1	-16
9.260001420974731	818	3.389832371441803	0	-20
9.265000343322754	798	3.389832371441803	0	-29
9.270001411437988	769	3.389832371441803	0	-19
9.275001049041748	750	3.389832371441803	0	-17
9.28000020980835	733	3.389832371441803	0	-12
9.285001277923584	721	3.389832371441803	0	-7
9.290001153945923	714	3.389832371441803	0	-8
9.29500126838684	706	3.389832371441803	0	-1
9.300000190734863	705	3.389832371441803	0	-5
9.305000305175781	700	3.389832371441803	0	-3
9.310001134872437	697	3.389832371441803	0	2
9.315000295639038	699	3.389832371441803	0	-2
9.320001125335693	697	3.389832371441803	0	4
9.325000286102295	701	3.389832371441803	0	7
9.330000162124634	708	3.4482848205073395	1	13
9.335000276565552	721	3.4482848205073395	0	24
9.340001106262207	745	3.4482848205073395	0	25
9.345000743865967	770	3.4482848205073395	0	28
9.350000619888306	798	3.4482848205073395	0	20
9.355000734329224	818	3.4482848205073395	0	16
9.36000108718872	834	3.4482848205073395	0	11
9.365001201629639	845	3.4482848205073395	0	6
9.370000123977661	851	3.4482848205073395	0	5
9.375001192092896	856	3.4482848205073395	0	4
9.380000829696655	860	3.4482848205073395	0	2
9.385000944137573	862	3.4482848205073395	0	1
9.39000153541565	863	3.4482848205073395	0	-7
9.39500117301941	856	3.4482734807197604	1	-10
9.400001049041748	846	3.4482734807197604	0	-22
9.405000686645508	824	3.4482734807197604	0	-36
9.410000801086426	788	3.4482734807197604	0	-29
9.415000200271606	759	3.4482734807197604	0	-28
9.420000791549683	731	3.4482734807197604	0	-14
9.425000429153442	717	3.4482734807197604	0	-10
9.430001020431519	707	3.4482734807197604	0	-7
9.43500018119812	700	3.4482734807197604	0	-1
9.440000772476196	699	3.4482734807197604	0	-6
9.445000886917114	693	3.4482734807197604	0	3
9.450001001358032	696	3.4482734807197604	0	-3
9.455000638961792	693	3.4482734807197604	0	2
9.46000051498413	695	3.4482734807197604	0	6
9.465001106262207	701	3.4482734807197604	1	7
9.470000743865967	708	3.4482734807197604	0	13
9.475000381469727	721	3.4482734807197604	0	22
9.480000257492065	743	3.4482734807197604	0	27
9.48500108718872	770	3.4482734807197604	0	26
9.490001440048218	796	3.4482734807197604	0	16
9.495001077651978	812	3.4482734807197604	0	14
9.500000953674316	826	3.4482734807197604	0	6
9.505000829696655	832	3.4482734807197604	0	6
9.510001182556152	838	3.4482734807197604	0	7
9.51500129699707	845	3.4482734807197604	0	2
9.52000093460083	847	3.4482734807197604	0	6
9.525001049041748	853	3.4482734807197604	0	-2
9.53000020980835	851	3.4482734807197604	0	0
9.535001277923584	851	3.4482734807197604	0	-3
9.540000200271606	848	3.4482734807197604	0	-8
9.545001745223999	840	3.4482593060901676	1	-10
9.550001382827759	830	3.4482593060901676	0	-21
9.555000305175781	809	3.4482593060901676	0	-25
9.56000018119812	784	3.4482593060901676	0	-23
9.565000534057617	761	3.4482593060901676	0	-22
9.570000886917114	739	3.4482593060901676	0	-13
9.575000524520874	726	3.4482593060901676	0	-9
9.58000111579895	717	3.4482593060901676	0	-7
9.58500051498413	710	3.4482593060901676	0	-4
9.590001106262207	706	3.4482593060901676	0	-6
9.595001220703125	700	3.4482593060901676	0	0
9.600000858306885	700	3.4482593060901676	0	-2
9.605000734329224	698	3.4482593060901676	0	-2
9.61000108718872	696	3.4482593060901676	0	5
9.61500096321106	701	3.4482593060901676	0	3
9.62000036239624	704	3.4482593060901676	0	13
9.625000476837158	717	3.3898268921322763	1	19
9.630001306533813	736	3.3898268921322763	0	26
9.635000705718994	762	3.3898268921322763	0	29
9.640001058578491	791	3.3898268921322763	0	22
9.64500093460083	813	3.3898268921322763	0	15
9.650000810623169	828	3.3898268921322763	0	14
9.655001163482666	842	3.3898268921322763	0	6
9.660000801086426	848	3.3898268921322763	0	8
9.665000677108765	856	3.3898268921322763	0	2
9.67000150680542	858	3.3898268921322763	0	4
9.6750009059906	862	3.3898268921322763	0	0
9.680001020431519	862	3.3898268921322763	0	-3
9.68500018119812	859	3.3898268921322763	0	-9
9.690000295639038	850	3.389840590439306	1	-20
9.695001125335693	830	3.389840590439306	0	-27
9.700001239776611	803	3.389840590439306	0	-34
9.705000162124634	769	3.389840590439306	0	-30
9.710001230239868	739	3.389840590439306	0	-16
9.715000867843628	723	3.389840590439306	0	-14
9.720000267028809	709	3.389840590439306	0	-4
9.725000619888306	705	3.389840590439306	0	-5
9.730000972747803	700	3.389840590439306	0	-6
9.73500108718872	694	3.389840590439306	0	1
9.740001201629639	695	3.389840590439306	0	-3
9.745000839233398	692	3.389840590439306	0	3
9.750001192092896	695	3.389840590439306	0	2
9.755000829696655	697	3.389840590439306	0	5
9.760000228881836	702	3.389840590439306	0	12
9.765000581741333	714	3.3333391613532344	1	17
9.77000093460083	731	3.3333391613532344	0	28
9.775001287460327	759	3.3333391613532344	0	27
9.78000020980835	786	3.3333391613532344	0	20
9.785000801086426	806	3.3333391613532344	0	15
9.790000200271606	821	3.3333391613532344	0	8
9.79500126838684	829	3.3333391613532344	0	8
9.800000190734863	837	3.3333391613532344	0	5
9.805000305175781	842	3.3333391613532344	0	4
9.810000896453857	846	3.3333391613532344	0	6
9.815001249313354	852	3.3333391613532344	0	-2
9.820001125335693	850	3.3333391613532344	0	1
9.825001239776611	851	3.3333391613532344	0	-3
9.830000877380371	848	3.3333391613532344	0	-5
9.835000991821289	843	3.3333391613532344	0	-9
9.84000015258789	834	3.3898488094766646	1	-18
9.845000267028809	816	3.3898488094766646	0	-23
9.850000619888306	793	3.3898488094766646	0	-26
9.855000257492065	767	3.3898488094766646	0	-21
9.860000133514404	746	3.3898488094766646	0	-15
9.86500096321106	731	3.3898488094766646	0	-13
9.870000839233398	718	3.3898488094766646	0	-5
9.875000238418579	713	3.3898488094766646	0	-7
9.880000591278076	706	3.3898488094766646	0	-4
9.885001182556152	702	3.3898488094766646	0	-3
9.890000581741333	699	3.3898488094766646	0	-2
9.89500093460083	697	3.3898488094766646	0	1
9.90000033378601	698	3.3898488094766646	0	0
9.905000448226929	698	3.3898488094766646	0	4
9.910001277923584	702	3.3898488094766646	0	11
9.915000677108765	713	3.4482734807197604	1	15
9.920000553131104	728	3.4482734807197604	0	26
9.925000190734863	754	3.4482734807197604	0	27
9.93000054359436	781	3.4482734807197604	0	24
9.935000658035278	805	3.4482734807197604	0	20
9.940001249313354	825	3.4482734807197604	0	13
9.945000410079956	838	3.4482734807197604	0	10
9.950001239776611	848	3.4482734807197604	0	6
9.95500135421753	854	3.4482734807197604	0	3
9.960001230239868	857	3.4482734807197604	0	3
9.965000629425049	860	3.4482734807197604	0	2
9.970000505447388	862	3.4482734807197604	0	0
9.975001335144043	862	3.4482734807197604	0	-8
9.980000495910645	854	3.4482734807197604	1	-15
9.98500108718872	839	3.4482734807197604	0	-25
9.990000247955322	814	3.4482734807197604	0	-37
9.995000839233398	777	3.4482734807197604	0	0
