6.67572021484375e-06	888	0	0	0
0.005001544952392578	888	0	0	-2
0.010001897811889648	886	0	0	2
0.015000343322753906	888	0	0	-1
0.020001649856567383	887	0	0	0
0.025000810623168945	887	0	0	-1
0.03000020980834961	886	0	0	-3
0.03500056266784668	883	0	0	-2
0.040000200271606445	881	0	0	-8
0.045000314712524414	873	0	0	-11
0.050000905990600586	862	0	0	-22
0.05500054359436035	840	0	0	-41
0.060001373291015625	799	0	0	-42
0.06500053405761719	757	0	0	-24
0.07000041007995605	733	0	0	-11
0.07500076293945312	722	0	0	-3
0.0800018310546875	719	0	0	-5
0.08500194549560547	714	0	0	2
0.09000039100646973	716	0	0	-1
0.0950007438659668	715	0	0	1
0.10000085830688477	716	0	0	6
0.10500144958496094	722	0	0	9
0.1100008487701416	731	0	0	44
0.11500024795532227	775	0	1	63
0.12000107765197754	838	0	0	35
0.1250004768371582	873	0	0	9
0.13000059127807617	882	0	0	4
0.13500118255615234	886	0	0	2
0.140000581741333	888	0	0	1
0.14500164985656738	889	0	0	0
0.15000176429748535	889	0	0	-2
0.15500140190124512	887	0	0	-11
0.16000080108642578	876	0	0	-36
0.16500043869018555	840	4.9999809265864315	1	-59
0.17000055313110352	781	4.9999809265864315	0	-28
0.175001859664917	753	4.9999809265864315	0	-11
0.18000030517578125	742	4.9999809265864315	0	-10
0.18500018119812012	732	4.9999809265864315	0	-3
0.1900012493133545	729	4.9999809265864315	0	-4
0.19500112533569336	725	4.9999809265864315	0	0
0.20000147819519043	725	4.9999809265864315	0	8
0.2050011157989502	733	4.9999809265864315	0	37
0.21000170707702637	770	5.263077058210884	1	66
0.21500062942504883	836	5.263077058210884	0	31
0.2200005054473877	867	5.263077058210884	0	10
0.22500061988830566	877	5.263077058210884	0	5
0.23000097274780273	882	5.263077058210884	0	-3
0.2350010871887207	879	5.263077058210884	0	-14
0.24000096321105957	865	5.263077058210884	0	-52
0.24500036239624023	813	5.7692256904962775	1	-63
0.2500014305114746	750	5.7692256904962775	0	-25
0.2550015449523926	725	5.7692256904962775	0	-11
0.26000022888183594	714	5.7692256904962775	0	1
0.2650012969970703	715	5.7692256904962775	0	-1
0.2700004577636719	714	5.7692256904962775	0	5
0.27500152587890625	719	5.7692256904962775	0	17
0.2800004482269287	736	5.7692256904962775	0	63
0.2850008010864258	799	5.882333801754194	1	60
0.29000020027160645	859	5.882333801754194	0	19
0.2950015068054199	878	5.882333801754194	0	6
0.3000016212463379	884	5.882333801754194	0	3
0.30500197410583496	887	5.882333801754194	0	0
0.3100011348724365	887	5.882333801754194	0	0
0.3150014877319336	887	5.882333801754194	0	-6
0.32000112533569336	881	5.882333801754194	0	-35
0.3250010013580322	846	6.249978020864533	1	-66
0.330000638961792	780	6.249978020864533	0	-32
0.33500051498413086	748	6.249978020864533	0	-10
0.34000062942504883	738	6.249978020864533	0	-8
0.3450007438659668	730	6.249978020864533	0	-5
0.35000038146972656	725	6.249978020864533	0	0
0.35500144958496094	725	6.249978020864533	0	-1
0.3600006103515625	724	6.249978020864533	0	28
0.36500024795532227	752	6.451673637271174	1	63
0.37000060081481934	815	6.451673637271174	0	44
0.3750011920928955	859	6.451673637271174	0	17
0.3800010681152344	876	6.451673637271174	0	4
0.38500165939331055	880	6.451673637271174	0	0
0.3900003433227539	880	6.451673637271174	0	-17
0.395000696182251	863	6.451673637271174	0	-54
0.40000033378601074	809	6.45161409407845	1	-62
0.405001163482666	747	6.45161409407845	0	-27
0.4100003242492676	720	6.45161409407845	0	-5
0.41500115394592285	715	6.45161409407845	0	-2
0.420001745223999	713	6.45161409407845	0	1
0.4250006675720215	714	6.45161409407845	0	7
0.43000197410583496	721	6.45161409407845	0	21
0.4350013732910156	742	6.666641235448575	1	76
0.4400007724761963	818	6.666641235448575	0	47
0.44500041007995605	865	6.666641235448575	0	16
0.45000147819519043	881	6.666641235448575	0	5
0.4550015926361084	886	6.666641235448575	0	1
0.46000123023986816	887	6.666641235448575	0	2
0.4650003910064697	889	6.666641235448575	0	-4
0.4700016975402832	885	6.666641235448575	0	-7
0.47500014305114746	878	6.666641235448575	0	-39
0.48000168800354004	839	6.451584322894235	1	-66
0.4850008487701416	773	6.451584322894235	0	-24
0.49000048637390137	749	6.451584322894235	0	-12
0.49500012397766113	737	6.451584322894235	0	-8
0.5000007152557373	729	6.451584322894235	0	-4
0.5050003528594971	725	6.451584322894235	0	-5
0.5100002288818359	720	6.451584322894235	0	22
0.515000581741333	742	6.666651831765867	1	24
0.5200009346008301	766	6.666651831765867	0	66
0.5250017642974854	832	6.666651831765867	0	35
0.5300002098083496	867	6.666651831765867	0	9
0.5350003242492676	876	6.666651831765867	0	5
0.5400002002716064	881	6.666651831765867	0	-4
0.5450015068054199	877	6.666651831765867	0	-21
0.5500001907348633	856	6.666673024501506	1	-59
0.5550003051757812	797	6.666673024501506	0	-60
0.5600018501281738	737	6.666673024501506	0	-16
0.5650007724761963	721	6.666673024501506	0	-7
0.570000171661377	714	6.666673024501506	0	-1
0.5750019550323486	713	6.666673024501506	0	1
0.5800008773803711	714	6.666673024501506	0	5
0.5850009918212891	719	6.666673024501506	0	27
0.5900003910064697	746	6.451653789418147	1	71
0.5950019359588623	817	6.451653789418147	0	49
0.6000006198883057	866	6.451653789418147	0	15
0.6050002574920654	881	6.451653789418147	0	3
0.6100010871887207	884	6.451653789418147	0	3
0.6150012016296387	887	6.451653789418147	0	1
0.6200013160705566	888	6.451653789418147	0	-2
0.6250014305114746	886	6.451653789418147	0	-9
0.6300005912780762	877	6.451653789418147	0	-47
0.6350016593933105	830	6.45161409407845	1	-59
0.6400010585784912	771	6.45161409407845	0	-24
0.645000696182251	747	6.45161409407845	0	-12
0.6500017642974854	735	6.45161409407845	0	-5
0.6550006866455078	730	6.45161409407845	0	-7
0.6600005626678467	723	6.45161409407845	0	1
0.6650002002716064	724	6.45161409407845	0	5
0.6700005531311035	729	6.45161409407845	0	36
0.6750004291534424	765	6.250005960470162	1	67
0.6800017356872559	832	6.250005960470162	0	33
0.6850008964538574	865	6.250005960470162	0	12
0.6900010108947754	877	6.250005960470162	0	4
0.695000410079956	881	6.250005960470162	0	-3
0.700000524520874	878	6.250005960470162	0	-16
0.7050001621246338	862	6.250005960470162	0	-57
0.7100019454956055	805	6.2499314554102545	1	-60
0.7150006294250488	745	6.2499314554102545	0	-24
0.7200014591217041	721	6.2499314554102545	0	-7
0.7250008583068848	714	6.2499314554102545	0	1
0.7300009727478027	715	6.2499314554102545	0	-1
0.735001802444458	714	6.2499314554102545	0	9
0.7400014400482178	723	6.2499314554102545	0	23
0.7450013160705566	746	6.451574399227221	1	77
0.7500019073486328	823	6.451574399227221	0	46
0.7550003528594971	869	6.451574399227221	0	12
0.7600011825561523	881	6.451574399227221	0	6
0.7650017738342285	887	6.451574399227221	0	1
0.7700011730194092	888	6.451574399227221	0	0
0.7750012874603271	888	6.451574399227221	0	-2
0.7800002098083496	886	6.451574399227221	0	-11
0.7850005626678467	875	6.451574399227221	0	-44
0.7900004386901855	831	6.4516637133293955	1	-62
0.7950005531311035	769	6.4516637133293955	0	-23
0.8000001907348633	746	6.4516637133293955	0	-10
0.8050012588500977	736	6.4516637133293955	0	-8
0.8100008964538574	728	6.4516637133293955	0	-2
0.8150014877319336	726	6.4516637133293955	0	-4
0.8200008869171143	722	6.4516637133293955	0	6
0.8250002861022949	728	6.4516637133293955	0	32
0.830000638961792	760	6.4516041703198495	1	62
0.8350005149841309	822	6.4516041703198495	0	41
0.8400001525878906	863	6.4516041703198495	0	12
0.8450014591217041	875	6.4516041703198495	0	6
0.8500010967254639	881	6.4516041703198495	0	-1
0.8550004959106445	880	6.4516041703198495	0	-13
0.8600003719329834	867	6.4516041703198495	0	-49
0.8650012016296387	818	6.451643865537429	1	-69
0.8700013160705566	749	6.451643865537429	0	-27
0.8750002384185791	722	6.451643865537429	0	-6
0.8800003528594971	716	6.451643865537429	0	-3
0.8850011825561523	713	6.451643865537429	0	3
0.8900003433227539	716	6.451643865537429	0	3
0.8950014114379883	719	6.451643865537429	0	26
0.9000003337860107	745	6.451653789418147	1	74
0.9050014019012451	819	6.451653789418147	0	48
0.9100003242492676	867	6.451653789418147	0	14
0.9150009155273438	881	6.451653789418147	0	3
0.9200015068054199	884	6.451653789418147	0	3
0.9250004291534424	887	6.451653789418147	0	3
0.9300017356872559	890	6.451653789418147	0	-4
0.9350018501281738	886	6.451653789418147	0	-5
0.9400014877319336	881	6.451653789418147	0	-31
0.945000410079956	850	6.45161409407845	1	-66
0.9500017166137695	784	6.45161409407845	0	-31
0.9550004005432129	753	6.45161409407845	0	-16
0.9600005149841309	737	6.45161409407845	0	-5
0.9650015830993652	732	6.45161409407845	0	-7
0.9700014591217041	725	6.45161409407845	0	-2
0.9750003814697266	723	6.45161409407845	0	5
0.9800004959106445	728	6.45161409407845	0	21
0.9850006103515625	749	6.45161409407845	1	60
0.9900009632110596	809	6.45161409407845	0	46
0.9950001239776611	855	6.45161409407845	0	19
1.000000238418579	874	6.45161409407845	0	6
1.0050020217895508	880	6.45161409407845	0	1
1.010000467300415	881	6.45161409407845	0	-4
1.015000343322754	877	6.45161409407845	0	-28
1.0200002193450928	849	6.451653789418147	1	-66
1.0250022411346436	783	6.451653789418147	0	-48
1.0300014019012451	735	6.451653789418147	0	-19
1.035001277923584	716	6.451653789418147	0	-1
1.0400004386901855	715	6.451653789418147	0	-2
1.0450007915496826	713	6.451653789418147	0	2
1.0500004291534424	715	6.451653789418147	0	9
1.0550007820129395	724	6.451653789418147	0	37
1.0600018501281738	761	6.2499407684456	1	75
1.0650005340576172	836	6.2499407684456	0	35
1.0700016021728516	871	6.2499407684456	0	11
1.0750010013580322	882	6.2499407684456	0	4
1.080000400543213	886	6.2499407684456	0	-3
1.0850002765655518	883	6.2499407684456	0	6
1.0900003910064697	889	6.2499407684456	0	-3
1.095000982284546	886	6.2499407684456	0	-8
1.1000010967254639	878	6.2499407684456	0	-39
1.1050002574920654	839	6.250005960470162	1	-65
1.110001564025879	774	6.250005960470162	0	-23
1.1150014400482178	751	6.250005960470162	0	-14
1.1200010776519775	737	6.250005960470162	0	-7
1.1250016689300537	730	6.250005960470162	0	-3
1.1300020217895508	727	6.250005960470162	0	-5
1.1350016593933105	722	6.250005960470162	0	6
1.140000581741333	728	6.250005960470162	0	24
1.1450004577636719	752	6.250005960470162	1	60
1.1500017642974854	812	6.250005960470162	0	46
1.1550014019012451	858	6.250005960470162	0	16
1.1600010395050049	874	6.250005960470162	0	6
1.1650002002716064	880	6.250005960470162	0	-1
1.1700007915496826	879	6.250005960470162	0	-7
1.1750006675720215	872	6.250005960470162	0	-33
1.1800014972686768	839	6.2499500815087	1	-68
1.1850006580352783	771	6.2499500815087	0	-39
1.1900019645690918	732	6.2499500815087	0	-15
1.1950011253356934	717	6.2499500815087	0	-4
1.200000286102295	713	6.2499500815087	0	2
1.2050015926361084	715	6.2499500815087	0	0
1.2100019454956055	715	6.2499500815087	0	9
1.2150015830993652	724	6.2499500815087	0	38
1.2200007438659668	762	6.250043213666247	1	75
1.2250018119812012	837	6.250043213666247	0	36
1.2300012111663818	873	6.250043213666247	0	10
1.2350001335144043	883	6.250043213666247	0	3
1.2400009632110596	886	6.250043213666247	0	2
1.2450003623962402	888	6.250043213666247	0	0
1.2500004768371582	888	6.250043213666247	0	-1
1.255000352859497	887	6.250043213666247	0	-13
1.2600009441375732	874	6.250043213666247	0	-39
1.2650017738342285	835	6.2499407684456	1	-63
1.27000093460083	772	6.2499407684456	0	-24
1.2750005722045898	748	6.2499407684456	0	-10
1.2800006866455078	738	6.2499407684456	0	-9
1.285001516342163	729	6.2499407684456	0	-3
1.2900006771087646	726	6.2499407684456	0	-3
1.295001745223999	723	6.2499407684456	0	2
1.300001859664917	725	6.2499407684456	0	20
1.3050012588500977	745	6.2499407684456	0	52
1.3100001811981201	797	6.060616219137386	1	56
1.315000295639038	853	6.060616219137386	0	19
1.3200016021728516	872	6.060616219137386	0	7
1.3250010013580322	879	6.060616219137386	0	3
1.3300011157989502	882	6.060616219137386	0	-7
1.3350019454956055	875	6.060616219137386	0	-23
1.3400001525878906	852	6.250052527034659	1	-65
1.3450002670288086	787	6.250052527034659	0	-50
1.3500010967254639	737	6.250052527034659	0	-17
1.355001449584961	720	6.250052527034659	0	-6
1.3600013256072998	714	6.250052527034659	0	1
1.3650009632110596	715	6.250052527034659	0	-1
1.3700010776519775	714	6.250052527034659	0	6
1.3750004768371582	720	6.250052527034659	0	32
1.3800017833709717	752	6.249959394599556	1	72
1.385000467300415	824	6.249959394599556	0	45
1.390000820159912	869	6.249959394599556	0	13
1.39500093460083	882	6.249959394599556	0	4
1.4000012874603271	886	6.249959394599556	0	3
1.4050004482269287	889	6.249959394599556	0	-1
1.410001516342163	888	6.249959394599556	0	-1
1.4150004386901855	887	6.249959394599556	0	-8
1.4200012683868408	879	6.249959394599556	0	-30
1.4250011444091797	849	6.2500245870126925	1	-64
1.430001974105835	785	6.2500245870126925	0	-34
1.4350004196166992	751	6.2500245870126925	0	-10
1.4400010108947754	741	6.2500245870126925	0	-11
1.4450018405914307	730	6.2500245870126925	0	-4
1.4500019550323486	726	6.2500245870126925	0	-1
1.4550001621246338	725	6.2500245870126925	0	-3
1.4600012302398682	722	6.2500245870126925	0	15
1.4650003910064697	737	6.2500245870126925	0	40
1.470001220703125	777	6.249959394599556	1	60
1.4750010967254639	837	6.249959394599556	0	31
1.4800004959106445	868	6.249959394599556	0	9
1.4850006103515625	877	6.249959394599556	0	5
1.4900004863739014	882	6.249959394599556	0	-2
1.4950001239776611	880	6.249959394599556	0	-14
1.5000009536743164	866	6.249959394599556	0	-47
1.5050005912780762	819	6.060589947143464	1	-67
1.510000467300415	752	6.060589947143464	0	-25
1.515000820159912	727	6.060589947143464	0	-13
1.52000093460083	714	6.060589947143464	0	-4
1.5250005722045898	710	6.060589947143464	0	4
1.5300006866455078	714	6.060589947143464	0	1
1.5350017547607422	715	6.060589947143464	0	14
1.5400006771087646	729	6.060589947143464	0	52
1.5450010299682617	781	6.060633733926541	1	69
1.5500013828277588	850	6.060633733926541	0	26
1.555001974105835	876	6.060633733926541	0	6
1.5600013732910156	882	6.060633733926541	0	6
1.5650005340576172	888	6.060633733926541	0	0
1.5700008869171143	888	6.060633733926541	0	-1
1.5750012397766113	887	6.060633733926541	0	-3
1.5800015926361084	884	6.060633733926541	0	-17
1.5850005149841309	867	6.060633733926541	0	-55
1.5900006294250488	812	6.060624976519309	1	-52
1.5950007438659668	760	6.060624976519309	0	-17
1.6000006198883057	743	6.060624976519309	0	-8
1.6050002574920654	735	6.060624976519309	0	-8
1.6100006103515625	727	6.060624976519309	0	-1
1.6150012016296387	726	6.060624976519309	0	-3
1.6200015544891357	723	6.060624976519309	0	0
1.6250016689300537	723	6.060624976519309	0	28
1.6300005912780762	751	6.2500245870126925	1	56
1.635000467300415	807	6.2500245870126925	0	48
1.640000820159912	855	6.2500245870126925	0	18
1.6450014114379883	873	6.2500245870126925	0	7
1.6500005722045898	880	6.2500245870126925	0	1
1.655001163482666	881	6.2500245870126925	0	-6
1.6600017547607422	875	6.2500245870126925	0	-22
1.6650002002716064	853	6.250015273727549	1	-65
1.6700019836425781	788	6.250015273727549	0	-52
1.6750011444091797	736	6.250015273727549	0	-15
1.6800010204315186	721	6.250015273727549	0	-7
1.6850013732910156	714	6.250015273727549	0	0
1.6900010108947754	714	6.250015273727549	0	0
1.6950011253356934	714	6.250015273727549	0	6
1.7000014781951904	720	6.250015273727549	0	24
1.705000400543213	744	6.2500245870126925	1	75
1.7100021839141846	819	6.2500245870126925	0	48
1.715001106262207	867	6.2500245870126925	0	14
1.7200016975402832	881	6.2500245870126925	0	5
1.7250003814697266	886	6.2500245870126925	0	1
1.73000168800354	887	6.2500245870126925	0	1
1.7350013256072998	888	6.2500245870126925	0	0
1.7400004863739014	888	6.2500245870126925	0	-6
1.7450003623962402	882	6.2500245870126925	0	-27
1.7500007152557373	855	6.24999664724053	1	-62
1.755000352859497	793	6.24999664724053	0	-41
1.760000467300415	752	6.24999664724053	0	-8
1.765000343322754	744	6.24999664724053	0	-12
1.77000093460083	732	6.24999664724053	0	-6
1.7750015258789062	726	6.24999664724053	0	-1
1.7800002098083496	725	6.24999664724053	0	-4
1.7850008010864258	721	6.24999664724053	0	10
1.7900009155273438	731	6.24999664724053	0	30
1.7950007915496826	761	6.060598704449463	1	61
1.8000011444091797	822	6.060598704449463	0	40
1.8050003051757812	862	6.060598704449463	0	14
1.8100008964538574	876	6.060598704449463	0	5
1.815000295639038	881	6.060598704449463	0	-1
1.8200011253356934	880	6.060598704449463	0	-8
1.8250019550323486	872	6.060598704449463	0	-31
1.830000877380371	841	6.060581189862773	1	-70
1.8350002765655518	771	6.060581189862773	0	-39
1.840001106262207	732	6.060581189862773	0	-13
1.8450016975402832	719	6.060581189862773	0	-5
1.8500008583068848	714	6.060581189862773	0	1
1.8550002574920654	715	6.060581189862773	0	-1
1.8600006103515625	714	6.060581189862773	0	9
1.8650004863739014	723	6.060581189862773	0	32
1.8700001239776611	755	6.060616219137386	1	76
1.8750009536743164	831	6.060616219137386	0	40
1.8800005912780762	871	6.060616219137386	0	11
1.8850007057189941	882	6.060616219137386	0	4
1.8900012969970703	886	6.060616219137386	0	1
1.89500093460083	887	6.060616219137386	0	1
1.9000015258789062	888	6.060616219137386	0	-1
1.9050016403198242	887	6.060616219137386	0	-6
1.9100010395050049	881	6.060616219137386	0	-23
1.915001392364502	858	6.060581189862773	1	-62
1.9200003147125244	796	6.060581189862773	0	-40
1.9250001907348633	756	6.060581189862773	0	-13
1.9300014972686768	743	6.060581189862773	0	-10
1.9350004196166992	733	6.060581189862773	0	-5
1.9400017261505127	728	6.060581189862773	0	-5
1.9450013637542725	723	6.060581189862773	0	0
1.9500019550323486	723	6.060581189862773	0	8
1.955000877380371	731	6.060581189862773	0	34
1.960000991821289	765	6.060598704449463	1	65
1.965001106262207	830	6.060598704449463	0	34
1.9700016975402832	864	6.060598704449463	0	12
1.9750010967254639	876	6.060598704449463	0	6
1.9800002574920654	882	6.060598704449463	0	-1
1.985001564025879	881	6.060598704449463	0	-9
1.9900007247924805	872	6.060598704449463	0	-37
1.9950015544891357	835	6.060581189862773	1	-65
2.0000009536743164	770	6.060581189862773	0	-39
2.005000591278076	731	6.060581189862773	0	-16
2.0100016593933105	715	6.060581189862773	0	-1
2.015000820159912	714	6.060581189862773	0	-1
2.0200018882751465	713	6.060581189862773	0	2
2.0250017642974854	715	6.060581189862773	0	7
2.030000925064087	722	6.060581189862773	0	28
2.035000801086426	750	6.060581189862773	1	78
2.0400006771087646	828	6.060581189862773	0	40
2.045001983642578	868	6.060581189862773	0	13
2.0500001907348633	881	6.060581189862773	0	4
2.0550007820129395	885	6.060581189862773	0	3
2.060001850128174	888	6.060581189862773	0	1
2.065000295639038	889	6.060581189862773	0	-2
2.0700018405914307	887	6.060581189862773	0	-6
2.075000762939453	881	6.060581189862773	0	-23
2.080000877380371	858	6.060624976519309	1	-65
2.0850014686584473	793	6.060624976519309	0	-36
2.090000629425049	757	6.060624976519309	0	-15
2.095001459121704	742	6.060624976519309	0	-8
2.1000003814697266	734	6.060624976519309	0	-5
2.1050007343292236	729	6.060624976519309	0	-6
2.1100003719329834	723	6.060624976519309	0	1
2.1150007247924805	724	6.060624976519309	0	5
2.1200010776519775	729	6.060624976519309	0	31
2.1250009536743164	760	6.06060746178077	1	61
2.1300010681152344	821	6.06060746178077	0	39
2.135000228881836	860	6.06060746178077	0	15
2.140000581741333	875	6.06060746178077	0	5
2.1450014114379883	880	6.06060746178077	0	1
2.1500017642974854	881	6.06060746178077	0	-6
2.1550018787384033	875	6.06060746178077	0	-29
2.160001039505005	846	6.060624976519309	1	-62
2.1650009155273438	784	6.060624976519309	0	-50
2.17000150680542	734	6.060624976519309	0	-15
2.175001382827759	719	6.060624976519309	0	-4
2.180001735687256	715	6.060624976519309	0	-4
2.1850008964538574	711	6.060624976519309	0	5
2.190000295639038	716	6.060624976519309	0	4
2.1950013637542725	720	6.060624976519309	0	27
2.200000524520874	747	6.060616219137386	1	73
2.205000638961792	820	6.060616219137386	0	46
2.2100002765655518	866	6.060616219137386	0	14
2.2150001525878906	880	6.060616219137386	0	5
2.220001697540283	885	6.060616219137386	0	2
2.225001573562622	887	6.060616219137386	0	1
2.230001926422119	888	6.060616219137386	0	-1
2.235001564025879	887	6.060616219137386	0	-3
2.2400007247924805	884	6.060616219137386	0	-17
2.245001792907715	867	6.060616219137386	0	-55
2.2500009536743164	812	5.882350301248752	1	-50
2.2550008296966553	762	5.882350301248752	0	-20
2.2600011825561523	742	5.882350301248752	0	-6
2.265001058578491	736	5.882350301248752	0	-8
2.2700014114379883	728	5.882350301248752	0	-4
2.2750020027160645	724	5.882350301248752	0	0
2.2800018787384033	724	5.882350301248752	0	1
2.2850019931793213	725	5.882350301248752	0	28
2.2900006771087646	753	6.060616219137386	1	56
2.2950005531311035	809	6.060616219137386	0	47
2.300001859664917	856	6.060616219137386	0	18
2.3050007820129395	874	6.060616219137386	0	6
2.310000419616699	880	6.060616219137386	0	1
2.3150010108947754	881	6.060616219137386	0	-5
2.320000171661377	876	6.060616219137386	0	-27
2.325000524520874	849	6.060624976519309	1	-61
2.3300013542175293	788	6.060624976519309	0	-53
2.335000991821289	735	6.060624976519309	0	-14
2.340001106262207	721	6.060624976519309	0	-8
2.345000982284546	713	6.060624976519309	0	1
2.350001573562622	714	6.060624976519309	0	2
2.3550002574920654	716	6.060624976519309	0	2
2.360001802444458	718	6.060624976519309	0	22
2.3650002479553223	740	6.060616219137386	1	63
2.3700015544891357	803	6.060616219137386	0	54
2.375000476837158	857	6.060616219137386	0	22
2.3800013065338135	879	6.060616219137386	0	6
2.3850016593933105	885	6.060616219137386	0	2
2.390000343322754	887	6.060616219137386	0	0
2.3950014114379883	887	6.060616219137386	0	1
2.4000003337860107	888	6.060616219137386	0	-2
2.405001401901245	886	6.060616219137386	0	-14
2.4100019931793213	872	6.060616219137386	0	-49
2.415001153945923	823	6.060598704449463	1	-59
2.4200007915496826	764	6.060598704449463	0	-18
2.4250009059906006	746	6.060598704449463	0	-9
2.430001974105835	737	6.060598704449463	0	-9
2.435000419616699	728	6.060598704449463	0	-2
2.440000295639038	726	6.060598704449463	0	-5
2.445000171661377	721	6.060598704449463	0	5
2.450000286102295	726	6.060598704449463	0	17
2.455000638961792	743	6.060598704449463	0	47
2.4600014686584473	790	5.882325552041625	1	56
2.4650015830993652	846	5.882325552041625	0	24
2.4700021743774414	870	5.882325552041625	0	8
2.4750006198883057	878	5.882325552041625	0	4
2.4800002574920654	882	5.882325552041625	0	-4
2.485001802444458	878	5.882325552041625	0	-17
2.4900014400482178	861	5.882325552041625	0	-58
2.4950015544891357	803	5.882317302352195	1	-59
2.5000014305114746	744	5.882317302352195	0	-23
2.505002021789551	721	5.882317302352195	0	-7
2.5100018978118896	714	5.882317302352195	0	2
2.515000581741333	716	5.882317302352195	0	-3
2.5200002193450928	713	5.882317302352195	0	3
2.5250017642974854	716	5.882317302352195	0	12
2.530001163482666	728	5.882317302352195	0	42
2.535001277923584	770	5.882317302352195	1	72
2.5400009155273438	842	5.882317302352195	0	31
2.5450005531311035	873	5.882317302352195	0	10
2.550001382827759	883	5.882317302352195	0	2
2.5550007820129395	885	5.882317302352195	0	3
2.5600006580352783	888	5.882317302352195	0	1
2.5650012493133545	889	5.882317302352195	0	-4
2.570000171661377	885	5.882317302352195	0	-6
2.575000524520874	879	5.882317302352195	0	-37
2.5800018310546875	842	6.060581189862773	1	-66
2.585000991821289	776	6.060581189862773	0	-26
2.590000867843628	750	6.060581189862773	0	-14
2.595001697540283	736	6.060581189862773	0	-6
2.6000006198883057	730	6.060581189862773	0	-4
2.6050004959106445	726	6.060581189862773	0	-4
2.6100006103515625	722	6.060581189862773	0	3
2.6150004863739014	725	6.060581189862773	0	13
2.6200008392333984	738	6.060581189862773	0	46
2.6250014305114746	784	6.06060746178077	1	59
2.63000226020813	843	6.06060746178077	0	26
2.635000228881836	869	6.06060746178077	0	10
2.640001058578491	879	6.06060746178077	0	2
2.6450018882751465	881	6.06060746178077	0	0
2.650000810623169	881	6.06060746178077	0	-13
2.6550021171569824	868	6.06060746178077	0	-44
2.660001516342163	824	6.06060746178077	1	-62
2.6650009155273438	762	6.06060746178077	0	-35
2.6700007915496826	727	6.06060746178077	0	-11
2.6750011444091797	716	6.06060746178077	0	-2
2.6800014972686768	714	6.06060746178077	0	-1
2.68500018119812	713	6.06060746178077	0	4
2.6900014877319336	717	6.06060746178077	0	5
2.695000171661377	722	6.06060746178077	0	36
2.7000010013580322	758	6.060616219137386	1	73
2.7050018310546875	831	6.060616219137386	0	40
2.7100014686584473	871	6.060616219137386	0	12
2.7150003910064697	883	6.060616219137386	0	0
2.7200002670288086	883	6.060616219137386	0	3
2.7250006198883057	886	6.060616219137386	0	3
2.7300007343292236	889	6.060616219137386	0	-4
2.7350008487701416	885	6.060616219137386	0	-7
2.7400014400482178	878	6.060616219137386	0	-37
2.7450013160705566	841	6.060624976519309	1	-61
2.7500011920928955	780	6.060624976519309	0	-28
2.755000352859497	752	6.060624976519309	0	-13
2.760000228881836	739	6.060624976519309	0	-5
2.7650012969970703	734	6.060624976519309	0	-9
2.77000093460083	725	6.060624976519309	0	-2
2.775000810623169	723	6.060624976519309	0	1
2.780000925064087	724	6.060624976519309	0	5
2.785000801086426	729	6.060624976519309	0	38
2.7900009155273438	767	6.060624976519309	1	61
2.7950010299682617	828	6.060624976519309	0	37
2.800001382827759	865	6.060624976519309	0	12
2.8050010204315186	877	6.060624976519309	0	2
2.8100006580352783	879	6.060624976519309	0	4
2.815002202987671	883	6.060624976519309	0	-13
2.820000410079956	870	6.060624976519309	0	-38
2.8250012397766113	832	6.060616219137386	1	-64
2.830000638961792	768	6.060616219137386	0	-41
2.8350002765655518	727	6.060616219137386	0	-9
2.840001344680786	718	6.060616219137386	0	-4
2.8450002670288086	714	6.060616219137386	0	2
2.8500003814697266	716	6.060616219137386	0	1
2.8550004959106445	717	6.060616219137386	0	3
2.8600003719329834	720	6.060616219137386	0	35
2.8650007247924805	755	6.060616219137386	1	69
2.870000123977661	824	6.060616219137386	0	44
2.875001907348633	868	6.060616219137386	0	14
2.880000352859497	882	6.060616219137386	0	3
2.8850016593933105	885	6.060616219137386	0	3
2.890000343322754	888	6.060616219137386	0	0
2.8950014114379883	888	6.060616219137386	0	1
2.900001049041748	889	6.060616219137386	0	-6
2.905000925064087	883	6.060616219137386	0	-22
2.910000801086426	861	6.060624976519309	1	-55
2.915001153945923	806	6.060624976519309	0	-46
2.9200010299682617	760	6.060624976519309	0	-16
2.9250011444091797	744	6.060624976519309	0	-9
2.930001974105835	735	6.060624976519309	0	-7
2.9350006580352783	728	6.060624976519309	0	-2
2.9400010108947754	726	6.060624976519309	0	-4
2.945000171661377	722	6.060624976519309	0	5
2.950000762939453	727	6.060624976519309	0	22
2.95500111579895	749	6.060598704449463	1	55
2.960000991821289	804	6.060598704449463	0	48
2.965001106262207	852	6.060598704449463	0	21
2.970001459121704	873	6.060598704449463	0	7
2.975001335144043	880	6.060598704449463	0	1
2.9800007343292236	881	6.060598704449463	0	-5
2.985001802444458	876	6.060598704449463	0	-18
2.9900014400482178	858	6.060598704449463	0	-58
2.995001792907715	800	5.882333801754194	1	-57
3.000000238418579	743	5.882333801754194	0	-21
3.0050010681152344	722	5.882333801754194	0	-8
3.0100009441375732	714	5.882333801754194	0	3
3.015000343322754	717	5.882333801754194	0	-4
3.020000696182251	713	5.882333801754194	0	5
3.025000810623169	718	5.882333801754194	0	14
3.030001163482666	732	5.882333801754194	0	57
3.035000801086426	789	5.882350301248752	1	67
3.0400009155273438	856	5.882350301248752	0	21
3.0450010299682617	877	5.882350301248752	0	7
3.0500011444091797	884	5.882350301248752	0	4
3.0550003051757812	888	5.882350301248752	0	-1
3.060000419616699	887	5.882350301248752	0	2
3.0650010108947754	889	5.882350301248752	0	-5
3.070000648498535	884	5.882350301248752	0	-11
3.075000524520874	873	5.882350301248752	0	-45
3.08000111579895	828	5.882342051489903	1	-60
3.085001230239868	768	5.882342051489903	0	-20
3.090000629425049	748	5.882342051489903	0	-11
3.095001697540283	737	5.882342051489903	0	-7
3.100001096725464	730	5.882342051489903	0	-4
3.1050004959106445	726	5.882342051489903	0	-4
3.1100006103515625	722	5.882342051489903	0	4
3.115002155303955	726	5.882342051489903	0	12
3.1200013160705566	738	5.882342051489903	0	45
3.1250007152557373	783	5.88236680083587	1	58
3.130000591278076	841	5.88236680083587	0	27
3.1350018978118896	868	5.88236680083587	0	11
3.1400012969970703	879	5.88236680083587	0	1
3.14500093460083	880	5.88236680083587	0	0
3.1500020027160645	880	5.88236680083587	0	-11
3.155000686645508	869	5.88236680083587	0	-45
3.160001516342163	824	6.060616219137386	1	-65
3.165001630783081	759	6.060616219137386	0	-33
3.1700005531311035	726	6.060616219137386	0	-10
3.175001859664917	716	6.060616219137386	0	-1
3.1800012588500977	715	6.060616219137386	0	-3
3.18500018119812	712	6.060616219137386	0	6
3.190001964569092	718	6.060616219137386	0	5
3.195000648498535	723	6.060616219137386	0	44
3.200000286102295	767	6.060624976519309	1	74
3.205000638961792	841	6.060624976519309	0	31
3.21000075340271	872	6.060624976519309	0	11
3.2150001525878906	883	6.060624976519309	0	2
3.2200002670288086	885	6.060624976519309	0	3
3.2250006198883057	888	6.060624976519309	0	0
3.2300004959106445	888	6.060624976519309	0	-1
3.2350010871887207	887	6.060624976519309	0	-5
3.240001916885376	882	6.060624976519309	0	-24
3.2450003623962402	858	6.060633733926541	1	-62
3.250000476837158	796	6.060633733926541	0	-40
3.2550010681152344	756	6.060633733926541	0	-15
3.2600018978118896	741	6.060633733926541	0	-5
3.265000343322754	736	6.060633733926541	0	-10
3.2700002193450928	726	6.060633733926541	0	-4
3.2750003337860107	722	6.060633733926541	0	3
3.2800004482269287	725	6.060633733926541	0	6
3.285001277923584	731	6.060633733926541	0	38
3.290001392364502	769	6.060581189862773	1	57
3.295001268386841	826	6.060581189862773	0	38
3.3000006675720215	864	6.060581189862773	0	12
3.3050010204315186	876	6.060581189862773	0	4
3.3100013732910156	880	6.060581189862773	0	2
3.315001964569092	882	6.060581189862773	0	-9
3.320000171661377	873	6.060581189862773	0	-25
3.325000286102295	848	6.060651248816929	1	-62
3.330000638961792	786	6.060651248816929	0	-51
3.33500075340271	735	6.060651248816929	0	-14
3.340001344680786	721	6.060651248816929	0	-8
3.345000982284546	713	6.060651248816929	0	0
3.350001335144043	713	6.060651248816929	0	2
3.3550002574920654	715	6.060651248816929	0	3
3.360001564025879	718	6.060651248816929	0	22
3.3650007247924805	740	6.060589947143464	1	66
3.3700015544891357	806	6.060589947143464	0	55
3.3750016689300537	861	6.060589947143464	0	20
3.3800017833709717	881	6.060589947143464	0	-1
3.3850016593933105	880	6.060589947143464	0	5
3.390000343322754	885	6.060589947143464	0	5
3.3950014114379883	890	6.060589947143464	0	-3
3.400001287460327	887	6.060589947143464	0	-2
3.405000925064087	885	6.060589947143464	0	-15
3.410001516342163	870	6.060589947143464	0	-53
3.415001630783081	817	5.882309052685906	1	-55
3.4200007915496826	762	5.882309052685906	0	-17
3.4250011444091797	745	5.882309052685906	0	-9
3.4300005435943604	736	5.882309052685906	0	-9
3.435000419616699	727	5.882309052685906	0	-2
3.4400017261505127	725	5.882309052685906	0	-3
3.445000648498535	722	5.882309052685906	0	6
3.4500012397766113	728	5.882309052685906	0	23
3.45500111579895	751	6.060616219137386	1	57
3.4600017070770264	808	6.060616219137386	0	48
3.465000867843628	856	6.060616219137386	0	17
3.470000743865967	873	6.060616219137386	0	7
3.4750006198883057	880	6.060616219137386	0	2
3.4800002574920654	882	6.060616219137386	0	-5
3.4850013256073	877	6.060616219137386	0	-20
3.4900007247924805	857	6.060616219137386	0	-58
3.4950015544891357	799	5.882309052685906	1	-56
3.5000007152557373	743	5.882309052685906	0	-20
3.5050017833709717	723	5.882309052685906	0	-9
3.5100016593933105	714	5.882309052685906	0	0
3.5150020122528076	714	5.882309052685906	0	-2
3.5200016498565674	712	5.882309052685906	0	6
3.525000810623169	718	5.882309052685906	0	12
3.530001401901245	730	5.882309052685906	0	53
3.5350005626678467	783	5.882358551030741	1	69
3.5400009155273438	852	5.882358551030741	0	23
3.5450007915496826	875	5.882358551030741	0	9
3.5500004291534424	884	5.882358551030741	0	2
3.5550005435943604	886	5.882358551030741	0	1
3.5600013732910156	887	5.882358551030741	0	1
3.565000295639038	888	5.882358551030741	0	-4
3.5700011253356934	884	5.882358551030741	0	-13
3.5750019550323486	871	5.882358551030741	0	-52
3.5800020694732666	819	6.060589947143464	1	-55
3.58500075340271	764	6.060589947143464	0	-17
3.5900001525878906	747	6.060589947143464	0	-12
3.595001459121704	735	6.060589947143464	0	-5
3.600001096725464	730	6.060589947143464	0	-5
3.60500168800354	725	6.060589947143464	0	-2
3.6100003719329834	723	6.060589947143464	0	4
3.6150002479553223	727	6.060589947143464	0	14
3.6200015544891357	741	6.060589947143464	0	49
3.6250016689300537	790	5.882333801754194	1	55
3.6300010681152344	845	5.882333801754194	0	24
3.6350011825561523	869	5.882333801754194	0	10
3.640000820159912	879	5.882333801754194	0	2
3.645001173019409	881	5.882333801754194	0	-3
3.650000810623169	878	5.882333801754194	0	-18
3.6550018787384033	860	5.882333801754194	0	-62
3.660000801086426	798	6.060633733926541	1	-54
3.6650009155273438	744	6.060633733926541	0	-23
3.6700007915496826	721	6.060633733926541	0	-6
3.6750009059906006	715	6.060633733926541	0	0
3.6800010204315186	715	6.060633733926541	0	-2
3.6850006580352783	713	6.060633733926541	0	5
3.6900012493133545	718	6.060633733926541	0	7
3.6950011253356934	725	6.060633733926541	0	43
3.7000012397766113	768	6.060581189862773	1	70
3.70500111579895	838	6.060581189862773	0	35
3.71000075340271	873	6.060581189862773	0	10
3.7150003910064697	883	6.060581189862773	0	2
3.720000743865967	885	6.060581189862773	0	4
3.7250006198883057	889	6.060581189862773	0	-1
3.73000168800354	888	6.060581189862773	0	-3
3.7350006103515625	885	6.060581189862773	0	-7
3.740001916885376	878	6.060581189862773	0	-34
3.745000123977661	844	6.060677521342327	1	-64
3.7500011920928955	780	6.060677521342327	0	-29
3.755002021789551	751	6.060677521342327	0	-13
3.7600009441375732	738	6.060677521342327	0	-6
3.7650015354156494	732	6.060677521342327	0	-7
3.7700016498565674	725	6.060677521342327	0	-1
3.775000810623169	724	6.060677521342327	0	1
3.780001401901245	725	6.060677521342327	0	8
3.785001516342163	733	6.060677521342327	0	45
3.790001630783081	778	6.06060746178077	1	59
3.7950010299682617	837	6.06060746178077	0	31
3.8000011444091797	868	6.06060746178077	0	11
3.805001735687256	879	6.06060746178077	0	4
3.8100011348724365	883	6.06060746178077	0	-1
3.815000534057617	882	6.06060746178077	0	-12
3.820000171661377	870	6.06060746178077	0	-34
3.8250017166137695	836	6.060572432607389	1	-64
3.830000162124634	772	6.060572432607389	0	-42
3.835000991821289	730	6.060572432607389	0	-9
3.840000629425049	721	6.060572432607389	0	-8
3.845000982284546	713	6.060572432607389	0	1
3.850001573562622	714	6.060572432607389	0	1
3.8550007343292236	715	6.060572432607389	0	4
3.8600006103515625	719	6.060572432607389	0	31
3.8650007247924805	750	6.060624976519309	1	72
3.8700013160705566	822	6.060624976519309	0	46
3.8750011920928955	868	6.060624976519309	0	14
3.8800010681152344	882	6.060624976519309	0	4
3.8850011825561523	886	6.060624976519309	0	2
3.890001058578491	888	6.060624976519309	0	-1
3.895000696182251	887	6.060624976519309	0	1
3.900000810623169	888	6.060624976519309	0	-8
3.905001401901245	880	6.060624976519309	0	-25
3.910001516342163	855	6.060554918172544	1	-58
3.915001153945923	797	6.060554918172544	0	-42
3.920001268386841	755	6.060554918172544	0	-11
3.9250001907348633	744	6.060554918172544	0	-8
3.9300014972686768	736	6.060554918172544	0	-9
3.93500018119812	727	6.060554918172544	0	-1
3.9400010108947754	726	6.060554918172544	0	-3
3.9450008869171143	723	6.060554918172544	0	5
3.9500014781951904	728	6.060554918172544	0	25
3.9550013542175293	753	6.060616219137386	1	60
3.9600014686584473	813	6.060616219137386	0	46
3.9650003910064697	859	6.060616219137386	0	15
3.970001220703125	874	6.060616219137386	0	7
3.9750008583068848	881	6.060616219137386	0	0
3.980001211166382	881	6.060616219137386	0	-7
3.9850003719329834	874	6.060616219137386	0	-23
3.9900012016296387	851	6.060624976519309	1	-64
3.9950015544891357	787	6.060624976519309	0	-50
4.000001430511475	737	6.060624976519309	0	-16
4.0050013065338135	721	6.060624976519309	0	-7
4.010000944137573	714	6.060624976519309	0	2
4.015001058578491	716	6.060624976519309	0	-2
4.02000093460083	714	6.060624976519309	0	5
4.025001525878906	719	6.060624976519309	0	17
4.030000686645508	736	6.060624976519309	0	62
4.035000801086426	798	5.882350301248752	1	60
4.040002107620239	858	5.882350301248752	0	18
4.0450005531311035	876	5.882350301248752	0	8
4.050000190734863	884	5.882350301248752	0	3
4.055001258850098	887	5.882350301248752	0	0
4.060000658035278	887	5.882350301248752	0	2
4.065001726150513	889	5.882350301248752	0	-4
4.070000171661377	885	5.882350301248752	0	-11
4.075000524520874	874	5.882350301248752	0	-44
4.080001592636108	830	5.882350301248752	1	-59
4.085000991821289	771	5.882350301248752	0	-21
4.090000629425049	750	5.882350301248752	0	-13
4.095001459121704	737	5.882350301248752	0	-6
4.100000858306885	731	5.882350301248752	0	-6
4.105000257492065	725	5.882350301248752	0	-3
4.110000848770142	722	5.882350301248752	0	4
4.1150007247924805	726	5.882350301248752	0	14
4.12000036239624	740	5.882350301248752	0	51
4.125000476837158	791	5.8823833005155475	1	56
4.130000829696655	847	5.8823833005155475	0	24
4.135000944137573	871	5.8823833005155475	0	9
4.140000343322754	880	5.8823833005155475	0	1
4.145001649856567	881	5.8823833005155475	0	-1
4.15000057220459	880	5.8823833005155475	0	-14
4.155001163482666	866	5.8823833005155475	0	-49
4.160000324249268	817	5.8823833005155475	1	-62
4.165001392364502	755	5.8823833005155475	0	-31
4.170001268386841	724	5.8823833005155475	0	-8
4.1750006675720215	716	5.8823833005155475	0	-1
4.18000054359436	715	5.8823833005155475	0	-2
4.185000896453857	713	5.8823833005155475	0	4
4.190001010894775	717	5.8823833005155475	0	7
4.195000886917114	724	5.8823833005155475	0	43
4.200000286102295	767	6.060624976519309	1	71
4.205000162124634	838	6.060624976519309	0	35
4.210000276565552	873	6.060624976519309	0	10
4.215000867843628	883	6.060624976519309	0	2
4.220000505447388	885	6.060624976519309	0	3
4.225000381469727	888	6.060624976519309	0	0
4.230000972747803	888	6.060624976519309	0	-1
4.235000133514404	887	6.060624976519309	0	-6
4.240000247955322	881	6.060624976519309	0	-29
4.245000600814819	852	6.060642491359081	1	-60
4.2500011920928955	792	6.060642491359081	0	-34
4.255000352859497	758	6.060642491359081	0	-19
4.260000467300415	739	6.060642491359081	0	-5
4.26500129699707	734	6.060642491359081	0	-8
4.270000457763672	726	6.060642491359081	0	-2
4.275000333786011	724	6.060642491359081	0	2
4.280000925064087	726	6.060642491359081	0	6
4.285001754760742	732	6.060642491359081	0	41
4.2900002002716064	773	6.060616219137386	1	60
4.295000791549683	833	6.060616219137386	0	33
4.3000006675720215	866	6.060616219137386	0	10
4.3050010204315186	876	6.060616219137386	0	4
4.310001611709595	880	6.060616219137386	0	2
4.315002202987671	882	6.060616219137386	0	-11
4.320000171661377	871	6.060616219137386	0	-33
4.325000524520874	838	6.060598704449463	1	-65
4.330000638961792	773	6.060598704449463	0	-43
4.335001707077026	730	6.060598704449463	0	-10
4.340001106262207	720	6.060598704449463	0	-7
4.345000743865967	713	6.060598704449463	0	2
4.3500001430511475	715	6.060598704449463	0	0
4.3550004959106445	715	6.060598704449463	0	4
4.3600013256073	719	6.060598704449463	0	22
4.365000486373901	741	6.060598704449463	1	64
4.370001316070557	805	6.060598704449463	0	56
4.375001907348633	861	6.060598704449463	0	19
4.380001783370972	880	6.060598704449463	0	4
4.3850014209747314	884	6.060598704449463	0	3
4.3900017738342285	887	6.060598704449463	0	1
4.39500093460083	888	6.060598704449463	0	0
4.400000333786011	888	6.060598704449463	0	-4
4.40500020980835	884	6.060598704449463	0	-13
4.410001993179321	871	6.060598704449463	0	-47
4.415000915527344	824	5.882342051489903	1	-58
4.420001745223999	766	5.882342051489903	0	-18
4.425002098083496	748	5.882342051489903	0	-10
4.430001974105835	738	5.882342051489903	0	-9
4.4350011348724365	729	5.882342051489903	0	-2
4.440001487731934	727	5.882342051489903	0	-5
4.4450013637542725	722	5.882342051489903	0	4
4.450001001358032	726	5.882342051489903	0	20
4.455001354217529	746	5.882342051489903	0	52
4.460001707077026	798	5.882300803042755	1	53
4.465001583099365	851	5.882300803042755	0	20
4.470000743865967	871	5.882300803042755	0	8
4.475000619888306	879	5.882300803042755	0	3
4.480000972747803	882	5.882300803042755	0	-4
4.4850006103515625	878	5.882300803042755	0	-16
4.490000486373901	862	5.882300803042755	0	-53
4.49500036239624	809	5.882358551030741	1	-59
4.500000715255737	750	5.882358551030741	0	-26
4.505002021789551	724	5.882358551030741	0	-10
4.5100014209747314	714	5.882358551030741	0	2
4.5150017738342285	716	5.882358551030741	0	-2
4.520001173019409	714	5.882358551030741	0	3
4.525001049041748	717	5.882358551030741	0	10
4.53000020980835	727	5.882358551030741	0	48
4.535001516342163	775	5.882317302352195	1	74
4.54000186920166	849	5.882317302352195	0	26
4.54500150680542	875	5.882317302352195	0	9
4.550000429153442	884	5.882317302352195	0	2
4.5550007820129395	886	5.882317302352195	0	0
4.560001611709595	886	5.882317302352195	0	3
4.5650012493133545	889	5.882317302352195	0	-3
4.570000886917114	886	5.882317302352195	0	-7
4.575000286102295	879	5.882317302352195	0	-36
4.580000400543213	843	6.060624976519309	1	-67
4.585001707077026	776	6.060624976519309	0	-24
4.590001344680786	752	6.060624976519309	0	-13
4.595001459121704	739	6.060624976519309	0	-6
4.600001573562622	733	6.060624976519309	0	-3
4.605001926422119	730	6.060624976519309	0	-7
4.610001564025879	723	6.060624976519309	0	3
4.615001678466797	726	6.060624976519309	0	8
4.620000123977661	734	6.060624976519309	0	48
4.6250011920928955	782	6.060624976519309	1	58
4.6300013065338135	840	6.060624976519309	0	28
4.63500189781189	868	6.060624976519309	0	11
4.64000129699707	879	6.060624976519309	0	1
4.645000457763672	880	6.060624976519309	0	1
4.650000333786011	881	6.060624976519309	0	-12
4.655000686645508	869	6.060624976519309	0	-40
4.660000801086426	829	6.060589947143464	1	-62
4.6650002002716064	767	6.060589947143464	0	-39
4.67000150680542	728	6.060589947143464	0	-10
4.675002098083496	718	6.060589947143464	0	-3
4.6800007820129395	715	6.060589947143464	0	-2
4.6850011348724365	713	6.060589947143464	0	4
4.690001010894775	717	6.060589947143464	0	4
4.6950013637542725	721	6.060589947143464	0	31
4.700001239776611	752	6.060616219137386	1	73
4.705000400543213	825	6.060616219137386	0	43
4.710001230239868	868	6.060616219137386	0	14
4.715000629425049	882	6.060616219137386	0	2
4.720001697540283	884	6.060616219137386	0	3
4.725000619888306	887	6.060616219137386	0	1
4.730001449584961	888	6.060616219137386	0	-2
4.7350013256073	886	6.060616219137386	0	-4
4.74000096321106	882	6.060616219137386	0	-27
4.74500036239624	855	6.06060746178077	1	-63
4.750000953674316	792	6.06060746178077	0	-36
4.755001068115234	756	6.06060746178077	0	-14
4.760001182556152	742	6.06060746178077	0	-8
4.76500129699707	734	6.06060746178077	0	-8
4.770001411437988	726	6.06060746178077	0	-1
4.775001764297485	725	6.06060746178077	0	-2
4.780001640319824	723	6.06060746178077	0	6
4.785000562667847	729	6.06060746178077	0	34
4.790000677108765	763	6.060624976519309	1	58
4.795001745223999	821	6.060624976519309	0	40
4.800000429153442	861	6.060624976519309	0	15
4.8050010204315186	876	6.060624976519309	0	4
4.810000658035278	880	6.060624976519309	0	2
4.815001010894775	882	6.060624976519309	0	-7
4.820001840591431	875	6.060624976519309	0	-24
4.8250017166137695	851	6.060572432607389	1	-61
4.830000638961792	790	6.060572432607389	0	-53
4.8350019454956055	737	6.060572432607389	0	-16
4.840001344680786	721	6.060572432607389	0	-7
4.845001459121704	714	6.060572432607389	0	1
4.850001096725464	715	6.060572432607389	0	0
4.855001926422119	715	6.060572432607389	0	2
4.8600006103515625	717	6.060572432607389	0	19
4.8650007247924805	736	6.060572432607389	0	61
4.870000123977661	797	5.882391550390097	1	63
4.875001430511475	860	5.882391550390097	0	19
4.880001068115234	879	5.882391550390097	0	4
4.885001182556152	883	5.882391550390097	0	4
4.890000343322754	887	5.882391550390097	0	1
4.895000219345093	888	5.882391550390097	0	0
4.900000810623169	888	5.882391550390097	0	-4
4.905000925064087	884	5.882391550390097	0	-17
4.910000562667847	867	5.882391550390097	0	-57
4.9150004386901855	810	5.882350301248752	1	-50
4.9200005531311035	760	5.882350301248752	0	-15
4.925000905990601	745	5.882350301248752	0	-9
4.930000305175781	736	5.882350301248752	0	-9
4.935001373291016	727	5.882350301248752	0	0
4.9400012493133545	727	5.882350301248752	0	-5
4.945001125335693	722	5.882350301248752	0	6
4.950000762939453	728	5.882350301248752	0	21
4.955001354217529	749	6.060581189862773	1	56
4.960000514984131	805	6.060581189862773	0	49
4.965001821517944	854	6.060581189862773	0	18
4.970001935958862	872	6.060581189862773	0	7
4.975001096725464	879	6.060581189862773	0	3
4.980000972747803	882	6.060581189862773	0	-5
4.985000371932983	877	6.060581189862773	0	-17
4.990001440048218	860	6.060581189862773	0	-56
4.9950010776519775	804	5.882375050664138	1	-58
5.000001430511475	746	5.882375050664138	0	-23
5.005000352859497	723	5.882375050664138	0	-9
5.0100014209747314	714	5.882375050664138	0	1
5.01500129699707	715	5.882375050664138	0	-2
5.020000457763672	713	5.882375050664138	0	5
5.025001525878906	718	5.882375050664138	0	11
5.030000925064087	729	5.882375050664138	0	53
5.035000801086426	782	6.060581189862773	1	69
5.040001392364502	851	6.060581189862773	0	24
5.045001268386841	875	6.060581189862773	0	9
5.05000114440918	884	6.060581189862773	0	3
5.055001974105835	887	6.060581189862773	0	0
5.060001850128174	887	6.060581189862773	0	2
5.065001964569092	889	6.060581189862773	0	-4
5.070000648498535	885	6.060581189862773	0	-12
5.075001955032349	873	6.060581189862773	0	-46
5.080000400543213	827	6.06060746178077	1	-56
5.08500075340271	771	6.06060746178077	0	-21
5.090000867843628	750	6.06060746178077	0	-13
5.095001935958862	737	6.06060746178077	0	-6
5.100001573562622	731	6.06060746178077	0	-4
5.1050004959106445	727	6.06060746178077	0	-5
5.110001087188721	722	6.06060746178077	0	5
5.115001916885376	727	6.06060746178077	0	9
5.120000600814819	736	6.06060746178077	0	46
5.125001430511475	782	5.882350301248752	1	58
5.130000352859497	840	5.882350301248752	0	28
5.135000228881836	868	5.882350301248752	0	10
5.14000129699707	878	5.882350301248752	0	3
5.145000219345093	881	5.882350301248752	0	-1
5.150001525878906	880	5.882350301248752	0	-11
5.155001163482666	869	5.882350301248752	0	-42
5.160001039505005	827	6.06060746178077	1	-64
5.165001392364502	763	6.06060746178077	0	-36
5.1700005531311035	727	6.06060746178077	0	-9
5.175001621246338	718	6.06060746178077	0	-3
5.1800007820129395	715	6.06060746178077	0	-2
5.185001850128174	713	6.06060746178077	0	5
5.190001487731934	718	6.06060746178077	0	4
5.195000648498535	722	6.06060746178077	0	39
5.200001239776611	761	6.060589947143464	1	71
5.20500111579895	832	6.060589947143464	0	33
5.210001230239868	865	6.060589947143464	0	17
5.215000152587891	882	6.060589947143464	0	2
5.220000505447388	884	6.060589947143464	0	4
5.225001811981201	888	6.060589947143464	0	0
5.230001211166382	888	6.060589947143464	0	-1
5.235000133514404	887	6.060589947143464	0	-6
5.240000486373901	881	6.060589947143464	0	-25
5.2450010776519775	856	6.060581189862773	1	-61
5.250000953674316	795	6.060581189862773	0	-39
5.255001783370972	756	6.060581189862773	0	-14
5.260000944137573	742	6.060581189862773	0	-7
5.265000343322754	735	6.060581189862773	0	-8
5.270000457763672	727	6.060581189862773	0	-2
5.27500057220459	725	6.060581189862773	0	0
5.280001401901245	725	6.060581189862773	0	3
5.285001277923584	728	6.060581189862773	0	30
5.2900004386901855	758	6.060642491359081	1	57
5.295001268386841	815	6.060642491359081	0	44
5.30000114440918	859	6.060642491359081	0	16
5.305000305175781	875	6.060642491359081	0	5
5.31000018119812	880	6.060642491359081	0	3
5.3150012493133545	883	6.060642491359081	0	-7
5.320001602172852	876	6.060642491359081	0	-23
5.325000762939453	853	6.060616219137386	1	-64
5.330000162124634	789	6.060616219137386	0	-51
5.335000514984131	738	6.060616219137386	0	-16
5.340001821517944	722	6.060616219137386	0	-8
5.345000743865967	714	6.060616219137386	0	2
5.350000858306885	716	6.060616219137386	0	1
5.355001449584961	717	6.060616219137386	0	5
5.3600013256073	722	6.060616219137386	0	21
5.365001678466797	743	6.060589947143464	1	67
5.370000839233398	810	6.060589947143464	0	53
5.375001668930054	863	6.060589947143464	0	17
5.380000829696655	880	6.060589947143464	0	3
5.3850014209747314	883	6.060589947143464	0	4
5.39000129699707	887	6.060589947143464	0	0
5.395001173019409	887	6.060589947143464	0	1
5.400001525878906	888	6.060589947143464	0	-3
5.405000686645508	885	6.060589947143464	0	-10
5.410001754760742	875	6.060589947143464	0	-42
5.41500186920166	833	5.882325552041625	1	-62
5.42000150680542	771	5.882325552041625	0	-22
5.425001382827759	749	5.882325552041625	0	-10
5.43000054359436	739	5.882325552041625	0	-9
5.4350011348724365	730	5.882325552041625	0	-2
5.440001487731934	728	5.882325552041625	0	-5
5.445000410079956	723	5.882325552041625	0	5
5.4500017166137695	728	5.882325552041625	0	20
5.45500111579895	748	5.882325552041625	0	52
5.46000075340271	800	5.882342051489903	1	52
5.465000867843628	852	5.882342051489903	0	20
5.470001935958862	872	5.882342051489903	0	7
5.475000619888306	879	5.882342051489903	0	2
5.480001211166382	881	5.882342051489903	0	-2
5.485000371932983	879	5.882342051489903	0	-12
5.490000247955322	867	5.882342051489903	0	-48
5.495001316070557	819	5.882333801754194	1	-62
5.500001430511475	757	5.882333801754194	0	-31
5.505001544952393	726	5.882333801754194	0	-13
5.5100016593933105	713	5.882333801754194	0	3
5.515001058578491	716	5.882333801754194	0	-2
5.520000696182251	714	5.882333801754194	0	5
5.525001525878906	719	5.882333801754194	0	10
5.53000020980835	729	5.882333801754194	0	52
5.535001277923584	781	5.88236680083587	1	67
5.5400004386901855	848	5.88236680083587	0	26
5.545001268386841	874	5.88236680083587	0	11
5.55000114440918	885	5.88236680083587	0	2
5.555001497268677	887	5.88236680083587	0	1
5.560001611709595	888	5.88236680083587	0	0
5.565001726150513	888	5.88236680083587	0	-2
5.570000410079956	886	5.88236680083587	0	-5
5.575001239776611	881	5.88236680083587	0	-27
5.580001354217529	854	6.060624976519309	1	-62
5.5850019454956055	792	6.060624976519309	0	-37
5.590001106262207	755	6.060624976519309	0	-14
5.595000505447388	741	6.060624976519309	0	-7
5.600001573562622	734	6.060624976519309	0	-6
5.6050004959106445	728	6.060624976519309	0	-7
5.610000133514404	721	6.060624976519309	0	4
5.615001916885376	725	6.060624976519309	0	10
5.620000600814819	735	6.060624976519309	0	40
5.625001430511475	775	6.060581189862773	1	59
5.630000829696655	834	6.060581189862773	0	29
5.635000467300415	863	6.060581189862773	0	15
5.640001535415649	878	6.060581189862773	0	3
5.645001649856567	881	6.060581189862773	0	3
5.650000333786011	884	6.060581189862773	0	-9
5.655000925064087	875	6.060581189862773	0	-27
5.660000324249268	848	6.060642491359081	1	-63
5.665001630783081	785	6.060642491359081	0	-50
5.670001983642578	735	6.060642491359081	0	-15
5.67500114440918	720	6.060642491359081	0	-4
5.680001497268677	716	6.060642491359081	0	-4
5.685001373291016	712	6.060642491359081	0	5
5.6900012493133545	717	6.060642491359081	0	2
5.695000886917114	719	6.060642491359081	0	26
5.700000286102295	745	6.060642491359081	1	67
5.705000400543213	812	6.060642491359081	0	51
5.710000991821289	863	6.060642491359081	0	18
5.715001344680786	881	6.060642491359081	0	2
5.720000743865967	883	6.060642491359081	0	4
5.725000381469727	887	6.060642491359081	0	1
5.73000168800354	888	6.060642491359081	0	0
5.7350013256073	888	6.060642491359081	0	-3
5.740001201629639	885	6.060642491359081	0	-12
5.745001554489136	873	6.060642491359081	0	-47
5.750000476837158	826	5.8823833005155475	1	-57
5.755001783370972	769	5.8823833005155475	0	-22
5.760000944137573	747	5.8823833005155475	0	-9
5.765001058578491	738	5.8823833005155475	0	-8
5.770001173019409	730	5.8823833005155475	0	-3
5.775001287460327	727	5.8823833005155475	0	-4
5.780000925064087	723	5.8823833005155475	0	3
5.785001277923584	726	5.8823833005155475	0	19
5.7900004386901855	745	5.8823833005155475	0	51
5.795000314712524	796	5.882391550390097	1	53
5.80000114440918	849	5.882391550390097	0	23
5.80500054359436	872	5.882391550390097	0	8
5.8100011348724365	880	5.882391550390097	0	1
5.815000772476196	881	5.882391550390097	0	-3
5.820000886917114	878	5.882391550390097	0	-15
5.825000762939453	863	5.882391550390097	0	-51
5.830001354217529	812	5.882317302352195	1	-63
5.835000514984131	749	5.882317302352195	0	-23
5.840001821517944	726	5.882317302352195	0	-10
5.845001459121704	716	5.882317302352195	0	-1
5.850001573562622	715	5.882317302352195	0	0
5.855001211166382	715	5.882317302352195	0	1
5.8600013256073	716	5.882317302352195	0	13
5.865000247955322	729	5.882317302352195	0	48
5.870000600814819	777	5.882342051489903	1	72
5.875000953674316	849	5.882342051489903	0	27
5.880000829696655	876	5.882342051489903	0	8
5.885001182556152	884	5.882342051489903	0	2
5.890001058578491	886	5.882342051489903	0	0
5.895001411437988	886	5.882342051489903	0	4
5.900000333786011	890	5.882342051489903	0	-5
5.905000686645508	885	5.882342051489903	0	-9
5.910000801086426	876	5.882342051489903	0	-39
5.915001392364502	837	6.060572432607389	1	-62
5.920001745223999	775	6.060572432607389	0	-23
5.925001621246338	752	6.060572432607389	0	-12
5.930001974105835	740	6.060572432607389	0	-9
5.935000896453857	731	6.060572432607389	0	-3
5.940000534057617	728	6.060572432607389	0	-5
5.9450013637542725	723	6.060572432607389	0	4
5.950001955032349	727	6.060572432607389	0	10
5.95500111579895	737	6.060572432607389	0	40
5.960000991821289	777	6.060581189862773	1	61
5.965001583099365	838	6.060581189862773	0	29
5.970000982284546	867	6.060581189862773	0	11
5.975000858306885	878	6.060581189862773	0	3
5.98000168800354	881	6.060581189862773	0	-1
5.985000133514404	880	6.060581189862773	0	-13
5.990000247955322	867	6.060581189862773	0	-48
5.995000600814819	819	6.060633733926541	1	-62
6.000001907348633	757	6.060633733926541	0	-31
6.005002021789551	726	6.060633733926541	0	-10
6.0100014209747314	716	6.060633733926541	0	0
6.015000581741333	716	6.060633733926541	0	-2
6.020001173019409	714	6.060633733926541	0	3
6.025000810623169	717	6.060633733926541	0	11
6.03000020980835	728	6.060633733926541	0	45
6.035001516342163	773	6.060572432607389	1	70
6.0400004386901855	843	6.060572432607389	0	30
6.045000314712524	873	6.060572432607389	0	10
6.050000429153442	883	6.060572432607389	0	1
6.055001258850098	884	6.060572432607389	0	4
6.06000018119812	888	6.060572432607389	0	0
6.065000534057617	888	6.060572432607389	0	-2
6.0700013637542725	886	6.060572432607389	0	-6
6.0750017166137695	880	6.060572432607389	0	-28
6.080000877380371	852	6.060624976519309	1	-62
6.0850019454956055	790	6.060624976519309	0	-33
6.090001583099365	757	6.060624976519309	0	-16
6.095000743865967	741	6.060624976519309	0	-6
6.100001096725464	735	6.060624976519309	0	-7
6.105001211166382	728	6.060624976519309	0	-4
6.110000371932983	724	6.060624976519309	0	2
6.115001916885376	726	6.060624976519309	0	5
6.120000600814819	731	6.060624976519309	0	38
6.125000715255737	769	6.060616219137386	1	63
6.130000352859497	832	6.060616219137386	0	31
6.1350016593933105	863	6.060616219137386	0	15
6.14000129699707	878	6.060616219137386	0	3
6.145000219345093	881	6.060616219137386	0	1
6.150001049041748	882	6.060616219137386	0	-11
6.155001163482666	871	6.060616219137386	0	-40
6.160001039505005	831	6.060589947143464	1	-63
6.165001153945923	768	6.060589947143464	0	-40
6.170000314712524	728	6.060589947143464	0	-9
6.1750006675720215	719	6.060589947143464	0	-4
6.1800007820129395	715	6.060589947143464	0	-2
6.185001850128174	713	6.060589947143464	0	4
6.190001964569092	717	6.060589947143464	0	2
6.195000171661377	719	6.060589947143464	0	31
6.200000286102295	750	6.060651248816929	1	69
6.205000638961792	819	6.060651248816929	0	47
6.210000276565552	866	6.060651248816929	0	15
6.215000629425049	881	6.060651248816929	0	4
6.220001220703125	885	6.060651248816929	0	2
6.225001573562622	887	6.060651248816929	0	1
6.230001211166382	888	6.060651248816929	0	-1
6.235000371932983	887	6.060651248816929	0	-3
6.240001201629639	884	6.060651248816929	0	-15
6.245001316070557	869	6.060651248816929	0	-51
6.250001430511475	818	5.882333801754194	1	-53
6.2550013065338135	765	5.882333801754194	0	-18
6.260002136230469	747	5.882333801754194	0	-8
6.26500129699707	739	5.882333801754194	0	-10
6.27000093460083	729	5.882333801754194	0	-3
6.275001525878906	726	5.882333801754194	0	-4
6.280001878738403	722	5.882333801754194	0	7
6.285001516342163	729	5.882333801754194	0	27
6.290000677108765	756	6.06060746178077	1	59
6.295000314712524	815	6.06060746178077	0	44
6.3000006675720215	859	6.06060746178077	0	15
6.3050007820129395	874	6.06060746178077	0	7
6.310000419616699	881	6.06060746178077	0	0
6.315001010894775	881	6.06060746178077	0	-6
6.320001602172852	875	6.06060746178077	0	-24
6.325000286102295	851	6.060633733926541	1	-61
6.330000162124634	790	6.060633733926541	0	-52
6.33500075340271	738	6.060633733926541	0	-15
6.340001583099365	723	6.060633733926541	0	-8
6.345001220703125	715	6.060633733926541	0	0
6.350001573562622	715	6.060633733926541	0	0
6.3550004959106445	715	6.060633733926541	0	2
6.360000848770142	717	6.060633733926541	0	15
6.365000486373901	732	6.060633733926541	0	53
6.3700010776519775	785	5.882325552041625	1	65
6.375001907348633	850	5.882325552041625	0	25
6.380001783370972	875	5.882325552041625	0	8
6.385000467300415	883	5.882325552041625	0	2
6.390002012252808	885	5.882325552041625	0	1
6.395001411437988	886	5.882325552041625	0	2
6.400001287460327	888	5.882325552041625	0	-1
6.405001401901245	887	5.882325552041625	0	-11
6.410001993179321	876	5.882325552041625	0	-38
6.415000677108765	838	6.060633733926541	1	-63
6.420000314712524	775	6.060633733926541	0	-24
6.425000429153442	751	6.060633733926541	0	-12
6.430001258850098	739	6.060633733926541	0	-8
6.4350011348724365	731	6.060633733926541	0	-3
6.440001010894775	728	6.060633733926541	0	-3
6.4450013637542725	725	6.060633733926541	0	2
6.4500017166137695	727	6.060633733926541	0	15
6.455000400543213	742	6.060633733926541	0	52
6.460001468658447	794	5.882325552041625	1	55
6.465000867843628	849	5.882325552041625	0	22
6.470001935958862	871	5.882325552041625	0	9
6.475000858306885	880	5.882325552041625	0	2
6.480002164840698	882	5.882325552041625	0	-4
6.485000133514404	878	5.882325552041625	0	-15
6.49000096321106	863	5.882325552041625	0	-55
6.4950010776519775	808	5.882325552041625	1	-58
6.500001907348633	750	5.882325552041625	0	-26
6.505000352859497	724	5.882325552041625	0	-8
6.510000705718994	716	5.882325552041625	0	-1
6.515000343322754	715	5.882325552041625	0	-1
6.5200018882751465	714	5.882325552041625	0	4
6.525001287460327	718	5.882325552041625	0	8
6.530001640319824	726	5.882325552041625	0	47
6.535000562667847	773	6.060624976519309	1	70
6.540001630783081	843	6.060624976519309	0	30
6.545000791549683	873	6.060624976519309	0	10
6.550001621246338	883	6.060624976519309	0	3
6.5550010204315186	886	6.060624976519309	0	2
6.56000018119812	888	6.060624976519309	0	1
6.565001010894775	889	6.060624976519309	0	-3
6.570000648498535	886	6.060624976519309	0	-6
6.575000762939453	880	6.060624976519309	0	-33
6.580000400543213	847	6.060616219137386	1	-62
6.585001230239868	785	6.060616219137386	0	-31
6.590001583099365	754	6.060616219137386	0	-14
6.595000505447388	740	6.060616219137386	0	-6
6.600000858306885	734	6.060616219137386	0	-6
6.605000972747803	728	6.060616219137386	0	-4
6.610000133514404	724	6.060616219137386	0	1
6.615000247955322	725	6.060616219137386	0	9
6.620000123977661	734	6.060616219137386	0	45
6.625000238418579	779	6.060651248816929	1	58
6.630002021789551	837	6.060651248816929	0	30
6.635000944137573	867	6.060651248816929	0	11
6.640000581741333	878	6.060651248816929	0	3
6.645001411437988	881	6.060651248816929	0	-1
6.6500020027160645	880	6.060651248816929	0	-11
6.655001163482666	869	6.060651248816929	0	-42
6.660000801086426	827	6.060616219137386	1	-62
6.665001153945923	765	6.060616219137386	0	-38
6.670000314712524	727	6.060616219137386	0	-9
6.67500114440918	718	6.060616219137386	0	-3
6.6800007820129395	715	6.060616219137386	0	0
6.685001850128174	715	6.060616219137386	0	3
6.6900012493133545	718	6.060616219137386	0	4
6.695000886917114	722	6.060616219137386	0	34
6.70000147819519	756	6.060572432607389	1	74
6.705001592636108	830	6.060572432607389	0	41
6.71000075340271	871	6.060572432607389	0	11
6.715001583099365	882	6.060572432607389	0	2
6.720000267028809	884	6.060572432607389	0	3
6.725001573562622	887	6.060572432607389	0	2
6.730001449584961	889	6.060572432607389	0	-3
6.735001564025879	886	6.060572432607389	0	-3
6.74000096321106	883	6.060572432607389	0	-22
6.745001792907715	861	6.060554918172544	1	-60
6.750000715255737	801	6.060554918172544	0	-43
6.755001783370972	758	6.060554918172544	0	-14
6.760000944137573	744	6.060554918172544	0	-8
6.765000820159912	736	6.060554918172544	0	-8
6.770001649856567	728	6.060554918172544	0	-2
6.775001049041748	726	6.060554918172544	0	-1
6.780001640319824	725	6.060554918172544	0	2
6.785001993179321	727	6.060554918172544	0	29
6.7900002002716064	756	6.06060746178077	1	60
6.795000314712524	816	6.06060746178077	0	44
6.8000006675720215	860	6.06060746178077	0	15
6.805000305175781	875	6.06060746178077	0	6
6.8100011348724365	881	6.06060746178077	0	1
6.815001010894775	882	6.06060746178077	0	-5
6.820000410079956	877	6.06060746178077	0	-23
6.825000524520874	854	6.060616219137386	1	-61
6.830000162124634	793	6.060616219137386	0	-55
6.835001468658447	738	6.060616219137386	0	-15
6.840000867843628	723	6.060616219137386	0	-9
6.845001935958862	714	6.060616219137386	0	1
6.850001335144043	715	6.060616219137386	0	1
6.855000734329224	716	6.060616219137386	0	1
6.860002040863037	717	6.060616219137386	0	23
6.865001440048218	740	6.06060746178077	1	66
6.870000123977661	806	6.06060746178077	0	56
6.875001907348633	862	6.06060746178077	0	17
6.880000352859497	879	6.06060746178077	0	6
6.885000467300415	885	6.06060746178077	0	3
6.890002012252808	888	6.06060746178077	0	-2
6.895001649856567	886	6.06060746178077	0	2
6.900000810623169	888	6.06060746178077	0	-3
6.905001640319824	885	6.06060746178077	0	-10
6.910000801086426	875	6.06060746178077	0	-46
6.9150004386901855	829	5.8823998002877875	1	-59
6.920001268386841	770	5.8823998002877875	0	-21
6.925000905990601	749	5.8823998002877875	0	-11
6.93000054359436	738	5.8823998002877875	0	-9
6.93500018119812	729	5.8823998002877875	0	0
6.9400012493133545	729	5.8823998002877875	0	-6
6.945000886917114	723	5.8823998002877875	0	5
6.950000286102295	728	5.8823998002877875	0	14
6.955000877380371	742	5.8823998002877875	0	53
6.960001230239868	795	5.882317302352195	1	53
6.965000629425049	848	5.882317302352195	0	24
6.970001935958862	872	5.882317302352195	0	8
6.975001573562622	880	5.882317302352195	0	2
6.980000972747803	882	5.882317302352195	0	-3
6.985001564025879	879	5.882317302352195	0	-12
6.9900007247924805	867	5.882317302352195	0	-50
6.995001792907715	817	5.882309052685906	1	-62
7.000000238418579	755	5.882309052685906	0	-29
7.005000352859497	726	5.882309052685906	0	-9
7.010000467300415	717	5.882309052685906	0	-1
7.015001058578491	716	5.882309052685906	0	-2
7.020000457763672	714	5.882309052685906	0	4
7.02500057220459	718	5.882309052685906	0	7
7.030001163482666	725	5.882309052685906	0	40
7.035000801086426	765	5.882375050664138	1	74
7.040000915527344	839	5.882375050664138	0	33
7.045001029968262	872	5.882375050664138	0	12
7.050001621246338	884	5.882375050664138	0	2
7.0550007820129395	886	5.882375050664138	0	1
7.060001373291016	887	5.882375050664138	0	2
7.065000295639038	889	5.882375050664138	0	-3
7.070001125335693	886	5.882375050664138	0	-5
7.075000762939453	881	5.882375050664138	0	-27
7.080001592636108	854	6.060563675377312	1	-61
7.085001468658447	793	6.060563675377312	0	-35
7.090001106262207	758	6.060563675377312	0	-15
7.095000505447388	743	6.060563675377312	0	-7
7.100001335144043	736	6.060563675377312	0	-9
7.105001449584961	727	6.060563675377312	0	-3
7.1100013256073	724	6.060563675377312	0	2
7.1150007247924805	726	6.060563675377312	0	2
7.12000036239624	728	6.060563675377312	0	30
7.1250011920928955	758	6.06060746178077	1	58
7.130000829696655	816	6.06060746178077	0	43
7.135000944137573	859	6.06060746178077	0	16
7.140001535415649	875	6.06060746178077	0	4
7.145000696182251	879	6.06060746178077	0	3
7.150000333786011	882	6.06060746178077	0	-7
7.155000686645508	875	6.06060746178077	0	-29
7.160000801086426	846	6.060642491359081	1	-63
7.165000915527344	783	6.060642491359081	0	-49
7.170000314712524	734	6.060642491359081	0	-13
7.1750006675720215	721	6.060642491359081	0	-6
7.180001735687256	715	6.060642491359081	0	-1
7.185002088546753	714	6.060642491359081	0	3
7.190001010894775	717	6.060642491359081	0	1
7.1950013637542725	718	6.060642491359081	0	25
7.200001001358032	743	6.060598704449463	1	62
7.20500111579895	805	6.060598704449463	0	55
7.210001230239868	860	6.060598704449463	0	20
7.21500039100647	880	6.060598704449463	0	4
7.220001220703125	884	6.060598704449463	0	3
7.225001811981201	887	6.060598704449463	0	1
7.230000734329224	888	6.060598704449463	0	-1
7.235000848770142	887	6.060598704449463	0	-2
7.240000247955322	885	6.060598704449463	0	-12
7.245001316070557	873	6.060598704449463	0	-46
7.250000953674316	827	5.882375050664138	1	-56
7.2550013065338135	771	5.882375050664138	0	-23
7.260001182556152	748	5.882375050664138	0	-8
7.26500129699707	740	5.882375050664138	0	-9
7.270001411437988	731	5.882375050664138	0	-4
7.275001764297485	727	5.882375050664138	0	-3
7.280001640319824	724	5.882375050664138	0	1
7.285001993179321	725	5.882375050664138	0	15
7.2900004386901855	740	5.882375050664138	0	47
7.295001745223999	787	5.882333801754194	1	60
7.30000114440918	847	5.882333801754194	0	23
7.3050010204315186	870	5.882333801754194	0	10
7.3100011348724365	880	5.882333801754194	0	3
7.315000295639038	883	5.882333801754194	0	-3
7.320000171661377	880	5.882333801754194	0	-15
7.32500147819519	865	5.882333801754194	0	-50
7.33000111579895	815	5.882342051489903	1	-63
7.335001707077026	752	5.882342051489903	0	-27
7.340001344680786	725	5.882342051489903	0	-9
7.345001220703125	716	5.882342051489903	0	-1
7.350000858306885	715	5.882342051489903	0	0
7.355000734329224	715	5.882342051489903	0	1
7.360000371932983	716	5.882342051489903	0	11
7.36500096321106	727	5.882342051489903	0	39
7.37000036239624	766	5.882375050664138	1	72
7.375001430511475	838	5.882375050664138	0	34
7.380000829696655	872	5.882375050664138	0	10
7.385000705718994	882	5.882375050664138	0	4
7.390000343322754	886	5.882375050664138	0	1
7.395000219345093	887	5.882375050664138	0	2
7.400001764297485	889	5.882375050664138	0	-2
7.405001401901245	887	5.882375050664138	0	-6
7.410000801086426	881	5.882375050664138	0	-23
7.41500186920166	858	6.060572432607389	1	-62
7.42000150680542	796	6.060572432607389	0	-38
7.425001382827759	758	6.060572432607389	0	-15
7.430001497268677	743	6.060572432607389	0	-9
7.435000419616699	734	6.060572432607389	0	-3
7.4400012493133545	731	6.060572432607389	0	-7
7.445000171661377	724	6.060572432607389	0	1
7.450001001358032	725	6.060572432607389	0	4
7.455000638961792	729	6.060572432607389	0	33
7.460000514984131	762	6.060651248816929	1	64
7.465000867843628	826	6.060651248816929	0	36
7.470000743865967	862	6.060651248816929	0	14
7.475001096725464	876	6.060651248816929	0	4
7.480000972747803	880	6.060651248816929	0	2
7.4850013256073	882	6.060651248816929	0	-8
7.490001440048218	874	6.060651248816929	0	-31
7.495000839233398	843	6.060616219137386	1	-62
7.500001430511475	781	6.060616219137386	0	-47
7.505001068115234	734	6.060616219137386	0	-15
7.510000705718994	719	6.060616219137386	0	-3
7.515000581741333	716	6.060616219137386	0	-2
7.520001649856567	714	6.060616219137386	0	3
7.525001764297485	717	6.060616219137386	0	3
7.530000925064087	720	6.060616219137386	0	25
7.535001277923584	745	6.060572432607389	1	71
7.540001630783081	816	6.060572432607389	0	49
7.54500150680542	865	6.060572432607389	0	15
7.550000429153442	880	6.060572432607389	0	4
7.5550007820129395	884	6.060572432607389	0	3
7.560000419616699	887	6.060572432607389	0	2
7.565000295639038	889	6.060572432607389	0	-3
7.570001602172852	886	6.060572432607389	0	-2
7.575001001358032	884	6.060572432607389	0	-19
7.580000162124634	865	6.060572432607389	0	-56
7.585001707077026	809	5.882358551030741	1	-45
7.590001344680786	764	5.882358551030741	0	-20
7.595000982284546	744	5.882358551030741	0	-9
7.600001573562622	735	5.882358551030741	0	-5
7.605000734329224	730	5.882358551030741	0	-5
7.610000371932983	725	5.882358551030741	0	1
7.615001916885376	726	5.882358551030741	0	0
7.620000123977661	726	5.882358551030741	0	24
7.625001668930054	750	6.060563675377312	1	55
7.630000352859497	805	6.060563675377312	0	48
7.635000944137573	853	6.060563675377312	0	20
7.6400017738342285	873	6.060563675377312	0	7
7.64500093460083	880	6.060563675377312	0	3
7.650001049041748	883	6.060563675377312	0	-2
7.655000686645508	881	6.060563675377312	0	-26
7.660000324249268	855	6.060624976519309	1	-53
7.6650004386901855	802	6.060624976519309	0	-60
7.670001745223999	742	6.060624976519309	0	-18
7.675000429153442	724	6.060624976519309	0	-9
7.680001258850098	715	6.060624976519309	0	0
7.685000896453857	715	6.060624976519309	0	1
7.690001487731934	716	6.060624976519309	0	2
7.695001602172852	718	6.060624976519309	0	18
7.700000524520874	736	6.060624976519309	0	63
7.705000400543213	799	5.8823833005155475	1	60
7.710001230239868	859	5.8823833005155475	0	20
7.715001106262207	879	5.8823833005155475	0	5
7.720000505447388	884	5.8823833005155475	0	3
7.725000619888306	887	5.8823833005155475	0	0
7.730001211166382	887	5.8823833005155475	0	0
7.735000848770142	887	5.8823833005155475	0	-1
7.740001201629639	886	5.8823833005155475	0	-15
7.745000600814819	871	5.8823833005155475	0	-44
7.750000953674316	827	6.060633733926541	1	-57
7.755000829696655	770	6.060633733926541	0	-22
7.760000944137573	748	6.060633733926541	0	-8
7.765002012252808	740	6.060633733926541	0	-11
7.770000457763672	729	6.060633733926541	0	-2
7.77500057220459	727	6.060633733926541	0	-2
7.780001401901245	725	6.060633733926541	0	0
7.785000562667847	725	6.060633733926541	0	20
7.790001392364502	745	6.060633733926541	0	49
7.795001268386841	794	5.88236680083587	1	56
7.80000114440918	850	5.88236680083587	0	22
7.8050007820129395	872	5.88236680083587	0	7
7.810001611709595	879	5.88236680083587	0	3
7.815000534057617	882	5.88236680083587	0	-3
7.820001125335693	879	5.88236680083587	0	-15
7.82500147819519	864	5.88236680083587	0	-51
7.83000111579895	813	5.882325552041625	1	-62
7.8350019454956055	751	5.882325552041625	0	-24
7.840000629425049	727	5.882325552041625	0	-12
7.845001459121704	715	5.882325552041625	0	1
7.850001335144043	716	5.882325552041625	0	-3
7.85500168800354	713	5.882325552041625	0	5
7.860000371932983	718	5.882325552041625	0	10
7.865000486373901	728	5.882325552041625	0	42
7.870001554489136	770	6.060563675377312	1	74
7.875000238418579	844	6.060563675377312	0	30
7.880000591278076	874	6.060563675377312	0	10
7.885000944137573	884	6.060563675377312	0	2
7.8900017738342285	886	6.060563675377312	0	1
7.895000219345093	887	6.060563675377312	0	2
7.900000810623169	889	6.060563675377312	0	-4
7.905001878738403	885	6.060563675377312	0	-5
7.910001754760742	880	6.060563675377312	0	-30
7.915001153945923	850	6.060598704449463	1	-69
7.920000791549683	781	6.060598704449463	0	-26
7.925000905990601	755	6.060598704449463	0	-14
7.930001497268677	741	6.060598704449463	0	-8
7.935000658035278	733	6.060598704449463	0	-4
7.940000534057617	729	6.060598704449463	0	-5
7.945000886917114	724	6.060598704449463	0	2
7.950001001358032	726	6.060598704449463	0	8
7.955000162124634	734	6.060598704449463	0	40
7.960001468658447	774	6.060598704449463	1	61
7.965001106262207	835	6.060598704449463	0	30
7.970001220703125	865	6.060598704449463	0	13
7.975001335144043	878	6.060598704449463	0	3
7.9800004959106445	881	6.060598704449463	0	-1
7.9850006103515625	880	6.060598704449463	0	-8
7.990000247955322	872	6.060598704449463	0	-36
7.995000600814819	836	6.060624976519309	1	0
