1.1205673217773438e-05	748	0	0	0
0.0030052661895751953	748	0	0	20
0.006003618240356445	768	0	0	-16
0.009001970291137695	752	0	0	0
0.012003660202026367	752	0	0	6
0.015001296997070312	758	0	0	-3
0.01800394058227539	755	0	0	-1
0.021002531051635742	754	0	0	-2
0.024003028869628906	752	0	0	-4
0.027004241943359375	748	0	0	7
0.030003786087036133	755	0	0	-2
0.03300070762634277	753	0	0	-1
0.03600358963012695	752	0	0	1
0.03900146484375	753	0	0	0
0.042005062103271484	753	0	0	0
0.04500436782836914	753	0	0	1
0.04800152778625488	754	0	0	-2
0.05100226402282715	752	0	0	2
0.0540006160736084	754	0	0	-1
0.05700421333312988	753	0	0	0
0.06000185012817383	753	0	0	1
0.0630040168762207	754	0	0	2
0.06600046157836914	756	0	0	-2
0.06900453567504883	754	0	0	2
0.07200360298156738	756	0	0	0
0.07500290870666504	756	0	0	-1
0.0780029296875	755	0	0	3
0.08100199699401855	758	0	0	0
0.08400201797485352	758	0	0	-2
0.08700084686279297	756	0	0	5
0.09000372886657715	761	0	0	-1
0.09300422668457031	760	0	0	2
0.09600138664245605	762	0	0	1
0.09900379180908203	763	0	0	1
0.10200357437133789	764	0	0	2
0.10500311851501465	766	0	0	3
0.1080021858215332	769	0	0	-1
0.11100196838378906	768	0	0	6
0.11400365829467773	774	0	0	2
0.1170048713684082	776	0	0	3
0.12000036239624023	779	0	0	7
0.12300348281860352	786	0	0	3
0.12600255012512207	789	0	0	5
0.12900400161743164	794	0	0	6
0.1320021152496338	800	0	0	7
0.13500285148620605	807	0	0	9
0.13800263404846191	816	0	0	11
0.14100432395935059	827	0	0	8
0.14400410652160645	835	0	0	12
0.1470015048980713	847	0	0	11
0.15000271797180176	858	0	0	9
0.15300393104553223	867	0	0	11
0.15600132942199707	878	0	0	8
0.15900135040283203	886	0	0	6
0.1620025634765625	892	0	0	7
0.16500377655029297	899	0	0	5
0.16800212860107422	904	0	0	4
0.1710047721862793	908	0	0	4
0.17400360107421875	912	0	0	5
0.1770009994506836	917	0	0	6
0.18000459671020508	923	0	0	-2
0.18300461769104004	921	0	0	0
0.18600082397460938	921	0	0	2
0.18900442123413086	923	0	0	3
0.19200348854064941	926	0	0	1
0.19500112533569336	927	0	0	2
0.19800138473510742	929	0	0	0
0.2010035514831543	929	0	0	-1
0.20400190353393555	928	0	0	1
0.20700430870056152	929	0	0	1
0.21000385284423828	930	0	0	0
0.21300387382507324	930	0	0	0
0.21600079536437988	930	0	0	-1
0.21900033950805664	929	0	0	1
0.22200298309326172	930	0	0	1
0.22500348091125488	931	0	0	-2
0.22800135612487793	929	0	0	0
0.2310018539428711	929	0	0	-1
0.23400092124938965	928	0	0	-2
0.2370011806488037	926	0	0	6
0.24000024795532227	932	0	0	-6
0.24300098419189453	926	0	0	-4
0.2460010051727295	922	0	0	2
0.24900174140930176	924	0	0	-4
0.2520027160644531	920	0	0	-38
0.2550010681152344	882	0	0	33
0.25800323486328125	915	0	1	-7
0.26100730895996094	908	0	0	-2
0.26400113105773926	906	0	0	-8
0.26700425148010254	898	0	0	-4
0.2700016498565674	894	0	0	-11
0.27300119400024414	883	0	0	-11
0.2760016918182373	872	0	0	-16
0.2790048122406006	856	0	0	-11
0.28200292587280273	845	0	0	-13
0.2850039005279541	832	0	0	-16
0.2880067825317383	816	0	0	-15
0.2910010814666748	801	0	0	-15
0.2940032482147217	786	0	0	-3
0.29700231552124023	783	0	0	-8
0.3000011444091797	775	0	0	-7
0.30300235748291016	768	0	0	-2
0.3060014247894287	766	0	0	-2
0.30900120735168457	764	0	0	-3
0.3120005130767822	761	0	0	3
0.315004825592041	764	0	0	-7
0.3180046081542969	757	0	0	-1
0.32100462913513184	756	0	0	5
0.3240041732788086	761	0	0	-6
0.32700252532958984	755	0	0	3
0.330000638961792	758	0	0	0
0.3330042362213135	758	0	0	0
0.33600497245788574	758	0	0	0
0.339000940322876	758	0	0	-1
0.34200096130371094	757	0	0	1
0.3450007438659668	758	0	0	2
0.34800076484680176	760	0	0	-1
0.35100412368774414	759	0	0	1
0.3540022373199463	760	0	0	3
0.35700106620788574	763	0	0	2
0.3600032329559326	765	0	0	2
0.36300182342529297	767	0	0	2
0.36600255966186523	769	0	0	0
0.3690025806427002	769	0	0	3
0.37200117111206055	772	0	0	1
0.3750009536743164	773	0	0	1
0.3780045509338379	774	0	0	6
0.38100147247314453	780	0	0	3
0.3840031623840332	783	0	0	7
0.38700175285339355	790	0	0	13
0.390002965927124	803	0	0	14
0.3930041790008545	817	0	0	18
0.39600062370300293	835	0	0	20
0.3990025520324707	855	0	0	18
0.40200114250183105	873	0	0	17
0.40500450134277344	890	0	0	15
0.40800023078918457	905	0	0	7
0.41100025177001953	912	0	0	7
0.4140040874481201	919	0	0	3
0.41700077056884766	922	0	0	3
0.42000341415405273	925	0	0	2
0.4230022430419922	927	0	0	-3
0.42600369453430176	924	0	0	6
0.429002046585083	930	0	0	1
0.43200135231018066	931	0	0	0
0.4350013732910156	931	0	0	0
0.4380040168762207	931	0	0	-1
0.44100284576416016	930	0	0	1
0.4440031051635742	931	0	0	-1
0.4470024108886719	930	0	0	-1
0.45000338554382324	929	0	0	-3
0.4530019760131836	926	0	0	1
0.45600104331970215	927	0	0	-4
0.4590005874633789	923	0	0	-2
0.4620039463043213	921	0	0	-1
0.46500253677368164	920	0	0	-2
0.4680023193359375	918	0	0	-5
0.4710042476654053	913	0	0	-7
0.4740011692047119	906	0	0	-8
0.4770026206970215	898	0	0	-14
0.48000407218933105	884	0	0	-5
0.4830045700073242	879	0	0	-23
0.4860048294067383	856	1.0964835596899745	1	-17
0.4890022277832031	839	1.0822558005119314	0	-23
0.4920022487640381	816	1.068380570637915	0	-23
0.49500250816345215	793	1.054855555119627	0	-1
0.4980044364929199	792	1.0416614512863611	0	-15
0.5010018348693848	777	1.0288125116511808	0	-7
0.5040006637573242	770	1.0162707843084045	0	-4
0.5070047378540039	766	1.004010003944894	0	-2
0.5100007057189941	764	0.992073448797204	0	-3
0.5130035877227783	761	0.9803908002344913	0	-3
0.5160007476806641	758	0.9690015894725169	0	-2
0.5190048217773438	756	0.9578485822858813	0	1
0.5220029354095459	757	0.9469707711133889	0	-1
0.5250182151794434	756	0.9362770572047481	0	-2
0.5280022621154785	754	0.9259292618357591	0	1
0.5310001373291016	755	0.9157613062342362	0	0
0.5340030193328857	755	0.9057978087933333	0	-2
0.5370006561279297	753	0.8960656298068707	0	4
0.5400009155273438	757	0.8865321140630918	0	-1
0.5430030822753906	756	0.8771934521021001	0	1
0.546001672744751	757	0.8680602639341101	0	4
0.5490007400512695	761	0.8591138945967823	0	0
0.5520341396331787	761	0.8502507591698392	0	6
0.555004358291626	767	0.8417476577670779	0	5
0.5580024719238281	772	0.8333354526149817	0	6
0.5610032081604004	778	0.8250825809639666	0	11
0.5640428066253662	789	0.816887824540383	0	15
0.5670013427734375	804	0.8090664428038814	0	17
0.5700039863586426	821	0.8012801212875184	0	25
0.5730350017547607	846	1.5871415284041415	1	19
0.5760002136230469	865	1.5723419824618228	0	19
0.5790050029754639	884	1.557623819147506	0	14
0.5820002555847168	898	1.5432240669579718	0	9
0.585003137588501	907	1.5290524426245884	0	6
0.5880014896392822	913	1.5151595281599117	0	8
0.5910041332244873	921	1.5014974507896073	0	2
0.594001054763794	923	1.488104893502129	0	1
0.5970029830932617	924	1.4749273490928834	0	3
0.6000018119812012	927	1.4619943866830818	0	0
0.6030018329620361	927	1.4492812514469302	0	2
0.6060009002685547	929	1.4367912480611233	0	-1
0.609001874923706	928	1.424506943713299	0	1
0.6120002269744873	929	1.4124413798491484	0	-2
0.6150012016296387	927	1.4005682007909932	0	0
0.618004322052002	927	1.3888846945006272	0	-2
0.6210038661956787	925	1.3774080727208242	0	0
0.6240015029907227	925	1.3661266829434802	0	-3
0.6270010471343994	922	1.3550215837936432	0	-4
0.6300020217895508	918	1.344090404518175	0	-5
0.6330046653747559	913	1.333328247089715	0	-9
0.636000394821167	904	1.3227612611049964	0	-10
0.6390016078948975	894	1.3123415620425989	0	-18
0.6420037746429443	876	1.3020815030283464	0	-25
0.6450009346008301	851	1.937996015244094	1	-24
0.6480042934417725	827	1.9230717032760458	0	-26
0.6510031223297119	801	1.9083974930248897	0	-15
0.6540040969848633	786	1.893935270700829	0	-9
0.6570055484771729	777	1.8796883486890341	0	-9
0.6600050926208496	768	1.8656630200258821	0	-3
0.6630020141601562	765	1.8518574335016202	0	0
0.6660022735595703	765	1.8382396252612092	0	-6
0.6690013408660889	759	1.8248259275308596	0	-1
0.6720004081726074	758	1.8116065721048358	0	1
0.675004243850708	759	1.7985567992297442	0	-2
0.678004264831543	757	1.7857099066082656	0	3
0.6810035705566406	760	1.7730482382966446	0	-1
0.684002161026001	759	1.7605678182238444	0	2
0.687002420425415	761	1.7482550672380575	0	4
0.69000244140625	765	1.73611429984282	0	0
0.6930019855499268	765	1.7241428827465024	0	2
0.6960029602050781	767	1.7123298408799936	0	5
0.6990106105804443	772	1.7006518287372299	0	3
0.7020010948181152	775	1.6891973309877988	0	1
0.705003023147583	776	1.677853143686465	0	9
0.708000898361206	785	1.6666753204229887	0	23
0.7110006809234619	808	2.2075179643885896	1	23
0.714003324508667	831	2.1929820250203518	0	21
0.7170028686523438	852	2.1786509756989463	0	28
0.7200019359588623	880	2.1645082499769064	0	14
0.7230024337768555	894	2.1505413392891937	0	22
0.7260003089904785	916	2.1367654955214728	0	4
0.7290022373199463	920	2.123146747199335	0	5
0.7320008277893066	925	2.10971535493866	0	4
0.7350039482116699	929	2.096432923507237	0	-5
0.7380008697509766	924	2.0833435986282915	0	0
0.7410023212432861	924	2.0703972910069623	0	7
0.744004487991333	931	2.0576078632795616	0	-3
0.7470037937164307	928	2.0449874379393247	0	2
0.7500035762786865	930	2.0325189147697786	0	-5
0.7530040740966797	925	2.0201985951148838	0	-2
0.7560024261474609	923	2.008035389417645	0	-7
0.7590031623840332	916	1.996008272792772	0	0
0.7620007991790771	916	1.9841365728772011	0	-12
0.7650043964385986	904	1.9723820688948173	0	-12
0.7680003643035889	892	1.9607953501570532	0	-20
0.771003007888794	872	1.9493186012584602	0	-32
0.774000883102417	840	3.4722698008101376	1	-26
0.7770061492919922	814	3.43641053035194	0	-19
0.7800025939941406	795	3.4013864064694643	0	-11
0.7830047607421875	784	3.367004145433761	0	-24
0.7860007286071777	760	3.333378898395739	0	0
0.7890012264251709	760	3.300369277787701	0	1
0.7920012474060059	761	3.2680121111822737	0	-5
0.7950031757354736	756	3.236263274160457	0	4
0.7980024814605713	760	3.2051523254010164	0	-6
0.801001787185669	754	3.1746338347236174	0	0
0.8040030002593994	754	3.1446721763168015	0	0
0.8070023059844971	754	3.1152892871971187	0	0
0.8100018501281738	754	3.0864481339159435	0	-2
0.8130061626434326	752	3.058091507156538	0	7
0.8160018920898438	759	3.030330003150043	0	1
0.8190019130706787	760	3.003029302830762	0	2
0.8220036029815674	762	2.976201339548323	0	4
0.8250017166137695	766	2.949879593995454	0	6
0.8280045986175537	772	2.9239785813527264	0	14
0.831002950668335	786	2.8985665091252617	0	13
0.8340041637420654	799	2.8735687150378695	0	28
0.8370015621185303	827	3.7883586414199986	1	24
0.8400020599365234	851	3.745780497454322	0	12
0.8430039882659912	863	3.704129177661675	0	33
0.8460044860839844	896	3.663413155713471	0	6
0.8490009307861328	902	3.623635727460831	0	-447
0.8520033359527588	455	4.8308618328532384	1	464
0.8550021648406982	919	6.9443728828151645	1	3
0.8580029010772705	922	6.802618347897731	0	6
0.8610012531280518	928	6.666641235448575	0	-4
0.8640034198760986	924	6.53583071025649	0	3
0.8670029640197754	927	6.410162596034668	0	4
0.8700003623962402	931	6.289320775596685	0	-3
0.8730010986328125	928	6.172823589838686	0	0
0.8760042190551758	928	6.060476104468447	0	-4
0.8790032863616943	924	5.952288640950027	0	2
0.8820030689239502	926	5.847871551344327	0	1
0.8850030899047852	927	5.747046870525431	0	5
0.8880021572113037	932	5.649670392431014	0	-12
0.8910024166107178	920	5.555501985477799	0	-12
0.8940033912658691	908	5.464399943197289	0	3
0.8970022201538086	911	5.376299594819951	0	-6
0.9000048637390137	905	5.290888196775492	0	-11
0.9030032157897949	894	5.208264571591063	0	-22
0.9060025215148926	872	5.128156723890661	0	-9
0.9090030193328857	863	5.050445403994307	0	-22
0.9120028018951416	841	4.975071880663864	0	-22
0.9150023460388184	819	4.9019207732178645	0	-18
0.9180035591125488	801	4.830850704822323	0	-21
0.921004056930542	780	4.761828209686905	0	-4
0.9240016937255859	776	4.694813357197464	0	-10
0.9270012378692627	766	4.629617692379014	0	2
0.9300007820129395	768	4.56620793791975	0	-8
0.9330008029937744	760	4.504502027630765	0	-2
0.9360024929046631	758	4.444408652511428	0	0
0.9390027523040771	758	4.385925066139641	0	1
0.942002534866333	759	4.328969585877476	0	-665
0.9450037479400635	94	5.847855244702595	1	665
0.9480013847351074	759	9.009023405868543	1	-3
0.9510040283203125	756	8.771740062447586	0	0
0.9540040493011475	756	8.546826858810297	0	2
0.957003116607666	758	8.33322538409729	0	5
0.9600033760070801	763	8.129961407773106	0	-1
0.9630022048950195	762	7.936467449407268	0	3
0.96600341796875	765	7.751826463342285	0	-5
0.9690015316009521	760	7.575759327225963	0	10
0.9720046520233154	770	7.407237869187135	0	3
0.9750046730041504	773	7.246213462744482	0	2
0.978029727935791	775	7.090782144155263	0	1
0.9810042381286621	776	6.944315395428077	0	2
0.9840049743652344	778	6.802563183511548	0	4
0.9870045185089111	782	6.66653527412828	0	12
0.9900014400482178	794	6.535952927096838	0	6
0.9930047988891602	800	6.410123409620601	0	15
0.9960033893585205	815	6.289235899727396	0	18
0.9990227222442627	833	6.172033327152918	0	19
1.0020039081573486	852	6.060519889606542	0	17
1.0050029754638672	869	5.95233087679114	0	14
1.0080523490905762	883	5.846216890913373	0	12
1.0110020637512207	895	5.747109868171348	0	9
1.0140042304992676	904	5.649632342541719	0	11
1.0170035362243652	915	5.5554946270313375	0	3
1.0200002193450928	918	5.464520970566164	0	8
1.0230035781860352	926	5.3762858120692325	0	-6
1.026000738143921	920	5.29102835805833	0	6
1.0290091037750244	926	5.208128760843273	0	3
1.0320038795471191	929	5.1281441840618465	0	-1
1.0350027084350586	928	5.050475810889404	0	-463
1.038003921508789	465	5.376327160533389	1	462
1.0410034656524658	927	5.37630648622181	1	6
1.0440030097961426	933	5.290981636805609	0	-1
1.0470035076141357	932	5.2082969085273785	0	0
1.0500004291534424	932	5.128250774561612	0	3
1.0530028343200684	935	5.050487973749962	0	-4
1.0560040473937988	931	4.97507778185023	0	-1
1.0590014457702637	930	4.901978063075961	0	-2
1.062002182006836	928	4.830917473776838	0	0
1.0650193691253662	928	4.761514674029034	0	-4
1.0680029392242432	924	4.694818612252208	0	7
1.0710012912750244	931	4.6296483532494594	0	-3
1.074004888534546	928	4.566153256604874	0	0
1.0770034790039062	928	4.504477839553838	0	-6
1.0800120830535889	922	4.444248537763838	0	-10
1.0830039978027344	912	4.385929652444974	0	7
1.0860047340393066	919	4.32895618204243	0	-3
1.0890004634857178	916	4.273535345301897	0	-4
1.0920038223266602	912	4.219379773996863	0	-10
1.0950019359588623	902	4.166670640313441	0	0
1.0980024337768555	902	4.115221782996163	0	-6
1.1010019779205322	896	4.065043739181506	0	-12
1.1040029525756836	884	4.016051551870239	0	-21
1.1070034503936768	863	3.968233724703634	0	-8
1.110001564025879	855	3.9215778672239128	0	-10
1.113001823425293	845	3.8759741213847887	0	-12
1.1160032749176025	833	3.831401328926719	0	-17
1.1190340518951416	816	3.7874213268558736	0	-24
1.1220040321350098	792	3.745292158941036	0	3
1.1250035762786865	795	3.7036843425156385	0	-14
1.1280040740966797	781	3.6629780455577166	0	-5
1.1310014724731445	776	3.6231974948709644	0	-12
1.1340019702911377	764	3.5842318900026493	0	2
1.1370048522949219	766	3.546065496848593	0	3
1.140000820159912	769	3.5087884849138886	0	-8
1.1430039405822754	761	3.4722008134328175	0	-1
1.1460027694702148	760	3.4364189767685747	0	0
1.149003505706787	760	3.401345031468676	0	-7
1.152003288269043	753	3.3669906310683118	0	4
1.155000925064087	757	3.3333471086859428	0	2
1.1580023765563965	759	3.3003277269597717	0	-11
1.1610026359558105	748	3.2679688248709153	0	11
1.164003610610962	759	3.236230812795225	0	-7
1.1670024394989014	752	3.205125383609043	0	0
1.1700024604797363	752	3.1746001951246097	0	16
1.173002004623413	768	3.1446556724157064	0	-13
1.1760013103485107	755	3.115273090269525	0	-2
1.1790027618408203	753	3.086414066081561	0	-11
1.1820008754730225	742	3.0581160337491213	0	12
1.185002088546753	754	3.030303730890385	0	0
1.1880011558532715	754	3.003012102106467	0	5
1.1910033226013184	759	2.9761802211182786	0	-5
1.1940019130706787	754	2.9498546981857667	0	10
1.1970210075378418	764	2.9238155188002213	0	-13
1.200002908706665	751	2.8985444749895994	0	8
1.2030029296875	759	2.873556902785038	0	2
1.2060043811798096	761	2.8489848594969467	0	-1
1.2090215682983398	760	2.824703929313439	0	0
1.2120015621185303	760	2.8011251773115955	0	12
1.2150044441223145	772	2.777760190839619	0	-1
1.2180042266845703	771	2.7548052893156902	0	6
1.221003532409668	777	2.7322302281057977	0	3
1.2240025997161865	780	2.710023906441817	0	3
1.2270004749298096	783	2.688184254816782	0	15
1.2300152778625488	798	2.6665734217718775	0	11
1.233001708984375	809	2.6455058359009618	0	11
1.2360022068023682	820	2.6246716269406707	0	14
1.2390031814575195	834	2.60415977231086	0	13
1.2420032024383545	847	2.5839724001971414	0	18
1.2450008392333984	865	2.56411127949905	0	12
1.2480018138885498	877	2.5445315343735593	0	11
1.2510030269622803	888	2.5252470276011048	0	4
1.254002571105957	892	2.5062631122615744	0	15
1.2570040225982666	907	2.4875506933678424	0	-3
1.2600033283233643	904	2.469128709164313	0	10
1.2630043029785156	914	2.450967547778424	0	0
1.266002893447876	914	2.433085711037194	0	10
1.26900315284729	924	2.4154531727447903	0	-1
1.2720046043395996	923	2.398067505796053	0	5
1.2750015258789062	928	2.3809560031902723	0	-4
1.278000831604004	924	2.364073645082108	0	5
1.28102445602417	929	2.3472950141224835	0	2
1.2840006351470947	931	2.331010642732098	0	-2
1.2870008945465088	929	2.3148216215380915	0	2
1.290004014968872	931	2.298840797356031	0	-2
1.2930023670196533	929	2.283103968959875	0	0
1.296004295349121	929	2.267562741357098	0	0
1.2990005016326904	929	2.252260689139671	0	-5
1.302001953125	924	2.2371375249152865	0	0
1.305002212524414	924	2.2222219867471074	0	-1
1.3080050945281982	923	2.207491242252762	0	5
1.3110013008117676	928	2.1929866114120107	0	0
1.3140037059783936	928	2.178641922467993	0	-2
1.3170051574707031	926	2.1644881439130637	0	1
1.3200008869171143	927	2.1505435445813204	0	-5
1.3230037689208984	922	2.136744813012719	0	-2
1.3260014057159424	920	2.123145672468026	0	-4
1.3290026187896729	916	2.1097026208916847	0	0
1.3320033550262451	916	2.0964308277952384	0	-9
1.335000991821289	907	2.08333842457585	0	-8
1.3380005359649658	899	2.070400356987366	0	-5
1.341001033782959	894	2.057617957375957	0	-16
1.3440051078796387	878	2.044977467385851	0	-16
1.347003698348999	862	2.0325139900872453	0	-22
1.3500032424926758	840	2.469138883999503	1	-22
1.353003740310669	818	2.450980437988963	0	-11
1.356001853942871	807	2.433101236707813	0	-23
1.3590028285980225	784	2.4154643010576824	0	-6
1.3620030879974365	778	2.398085329972979	0	-1
1.365004301071167	777	2.3809492452926584	0	-10
1.3680005073547363	767	2.3640843050045177	0	-2
1.3710005283355713	765	2.3474355817233428	0	-5
1.3740003108978271	760	2.3310210065679566	0	-1
1.377002239227295	759	2.3148228990807054	0	1
1.380004644393921	760	2.2988458372201874	0	-1
1.3830032348632812	759	2.2831076972820794	0	-3
1.386000156402588	756	2.267592163587834	0	1
1.389000654220581	757	2.2522679456874397	0	0
1.3920035362243652	757	2.2371375249152865	0	-5
1.3950004577636719	752	2.2222384701256686	0	10
1.398000955581665	762	2.207519126235258	0	-3
1.4010045528411865	759	2.192978585239197	0	2
1.4040343761444092	761	2.178503870018085	0	-2
1.4070017337799072	759	2.1645116010238628	0	2
1.410043716430664	761	2.1503528035358794	0	9
1.4130005836486816	770	2.136766584085656	0	-2
1.4160027503967285	768	2.123146747199335	0	0
1.4190020561218262	768	2.1097121714125042	0	6
1.4220046997070312	774	2.096431875650714	0	3
1.4250011444091797	777	2.083344633441864	0	-3
1.428001880645752	774	2.070401378982852	0	10
1.4310007095336914	784	2.057626032724381	0	2
1.4340004920959473	786	2.0450033910271133	0	9
1.4370040893554688	795	2.0325189147697786	0	18
1.4400007724761963	813	2.02021416378636	0	21
1.443009614944458	834	2.020168431496738	1	22
1.4460041522979736	856	2.0080209692283755	0	-26
1.4490020275115967	830	2.433101236707813	1	66
1.4520010948181152	896	2.4331040595783042	1	10
1.455003023147583	906	2.4154615189698463	0	-6
1.4580004215240479	900	2.398099041058609	0	26
1.4610040187835693	926	2.3809492452926584	0	5
1.464001178741455	931	2.3640789750312963	0	-3
1.4670023918151855	928	2.3474237576317925	0	4
1.470029592514038	932	2.3308603774675376	0	-8
1.4730029106140137	924	2.3148177889187096	0	11
1.4760003089904785	935	2.298867256889388	0	9
1.4790046215057373	944	2.2830989978825436	0	-16
1.4820022583007812	928	2.267579904232239	0	3
1.4850029945373535	931	2.2522546420522493	0	3
1.4880375862121582	934	2.236965712478473	0	-7
1.4910545349121094	927	2.221970056964979	0	-4
1.4940025806427002	923	2.207509831496156	0	5
1.4970028400421143	928	2.1929854648122973	0	-17
1.5000042915344238	911	2.178645317420783	0	8
1.503004789352417	919	2.1644959628935054	0	-3
1.5060029029846191	916	2.1505402366448263	0	-4
1.5090041160583496	912	2.136749167191815	0	-9
1.51200270652771	903	2.123145672468026	0	-9
1.5150048732757568	894	2.10969837624352	0	-13
1.5180022716522217	881	2.096441306397131	0	-37
1.5210037231445312	844	5.8479367788206815	1	-6
1.5240037441253662	838	5.747109868171348	0	-32
1.527000904083252	806	5.649792155521012	0	-12
1.5300014019012451	794	5.555612364513945	0	-15
1.53300142288208	779	5.4645352094326105	0	-11
1.5360009670257568	768	5.3764098593697724	0	2
1.539001226425171	770	5.291061730886889	0	-5
1.5420012474060059	765	5.20838745408532	0	-7
1.5450046062469482	758	5.128169263780803	0	1
1.5480084419250488	759	5.050372428939884	0	-1
1.5510015487670898	758	4.9751663013256655	0	-3
1.5540015697479248	755	4.902000979394154	0	0
1.5570049285888672	755	4.830878524995739	0	-1
1.560004472732544	754	4.761876865472537	0	0
1.563004732131958	754	4.69480284712327	0	1
1.5660030841827393	755	4.629633022763472	0	-2
1.569002389907837	753	4.566227822358959	0	1
1.5720040798187256	754	4.5044875147534365	0	-3
1.5750045776367188	751	4.444418071385278	0	4
1.578005075454712	755	4.385929652444974	0	3
1.5810046195983887	758	4.328978521813622	0	0
1.5840041637420654	758	4.273487448941436	0	2
1.587000846862793	760	4.219451933523802	0	0
1.5900025367736816	760	4.166678918768564	0	10
1.5930018424987793	770	4.115250046604723	0	4
1.5960023403167725	774	4.065055558516954	0	10
1.5990016460418701	784	4.016090005984441	0	-1
1.6020030975341797	783	3.9682562509224533	0	20
1.6050031185150146	803	3.9215705340672264	0	12
1.6080098152160645	815	3.875870251848621	0	13
1.6110024452209473	828	3.8314293283152616	0	20
1.6140015125274658	848	3.787903609626755	0	15
1.6170015335083008	863	3.7453423248371243	0	12
1.6200041770935059	875	3.703690883434911	0	14
1.6230037212371826	889	3.6629972394146266	0	9
1.6260347366333008	898	3.62277501381979	0	6
1.6290030479431152	904	3.5842318900026493	0	8
1.6320483684539795	912	3.545531930720898	0	54
1.6350016593933105	966	5.2085491504123445	1	-37
1.6380019187927246	929	5.291008334563271	1	-8
1.6410014629364014	921	5.2083486484607056	0	1
1.644002914428711	922	5.128181803732273	0	9
1.6470005512237549	931	5.050542707347441	0	-3
1.6500005722045898	928	4.975160399929305	0	0
1.653001070022583	928	4.901983792135423	0	-4
1.656001091003418	924	4.830939730505162	0	10
1.6590032577514648	934	4.761876865472537	0	-5
1.6620008945465088	929	4.694860653113674	0	0
1.6650042533874512	929	4.629581921876777	0	-2
1.668004035949707	927	4.566168169560868	0	7
1.6710033416748047	934	4.504477839553838	0	-5
1.6740591526031494	929	4.443316333989436	0	-1
1.677001714706421	928	4.385970929624595	0	0
1.6800024509429932	928	4.328996393796587	0	-8
1.6830048561096191	920	4.273452615899067	0	14
1.686004638671875	934	4.219362795643326	0	-3
1.68900465965271	931	4.166620970273502	0	-3
1.6920006275177002	928	4.115250046604723	0	-18
1.6950013637542725	910	4.065051618730834	0	13
1.6980032920837402	923	4.016043861135767	0	-6
1.7010042667388916	917	3.968218707366501	0	-5
1.7040050029754639	912	3.9215228692172484	0	-8
1.7070021629333496	904	3.8759669577897684	0	-1
1.7100028991699219	903	3.8314048288279072	0	-4
1.7130022048950195	899	3.787876242778586	0	-11
1.7160007953643799	888	3.7453356359733325	0	-9
1.719003438949585	879	3.7036843425156385	0	-16
1.7220027446746826	863	3.6629940404245063	0	-4
1.7250049114227295	859	3.623150547665941	0	-19
1.728003978729248	840	3.584204324147873	0	-16
1.7310409545898438	824	3.545609857332092	0	-25
1.7340245246887207	799	3.508494978129959	0	-3
1.7370021343231201	796	3.472220934468029	0	-5
1.7400033473968506	791	3.43641053035194	0	-13
1.7430014610290527	778	3.4013670980104984	0	-10
1.746002435684204	768	3.366998739674563	0	1
1.749002456665039	769	3.3333285649685727	0	-2
1.7520031929016113	767	3.3003173394162624	0	-3
1.7550444602966309	764	3.267520751615529	0	-1
1.758000135421753	763	3.2362657712155256	0	-3
1.7610046863555908	760	3.2051008914639234	0	4
1.764000415802002	764	3.1746194176653177	0	-4
1.7670032978057861	760	3.144641526352645	0	-4
1.7700042724609375	756	3.1152430107079647	0	0
1.773000955581665	756	3.086429964310681	0	-6
1.7760024070739746	750	3.0581004258719586	0	9
1.7790038585662842	759	3.0302862163036943	0	-1
1.78200101852417	758	3.003012102106467	0	-3
1.7850010395050049	755	2.976199227691832	0	-1
1.788001537322998	754	2.949856772820524	0	-4
1.7910029888153076	750	2.9239683894103408	0	9
1.794004201889038	759	2.8985324565113433	0	0
1.7970035076141357	759	2.873550996695039	0	-1
1.8000068664550781	758	2.8489635727244753	0	2
1.8030014038085938	760	2.8248637341129768	0	3
1.806004285812378	763	2.8011027290406685	0	-2
1.8090026378631592	761	2.7777730682829653	0	1
1.8120043277740479	762	2.754803479969682	0	2
1.8150038719177246	764	2.7322266684819394	0	6
1.8180019855499268	770	2.7100274084479015	0	-387
1.821004867553711	383	2.688151520259336	0	387
1.8240036964416504	770	2.688153243110905	1	-4
1.8270032405853271	766	2.666651407964915	0	8
1.8300034999847412	774	2.6454858126079737	0	-1
1.8330049514770508	773	2.6246453481314056	0	1
1.8360047340393066	774	2.6041419868523334	0	4
1.8390042781829834	778	2.5839580731748035	0	5
1.8420004844665527	783	2.56410657693963	0	6
1.845001459121704	789	2.544526903358059	0	11
1.8480041027069092	800	2.5252333443912156	0	8
1.8510024547576904	808	2.5062571219091585	0	7
1.8540010452270508	815	2.4875624959225675	0	24
1.8570013046264648	839	2.469134523345582	0	14
1.86000394821167	853	2.450963251071707	0	16
1.863002061843872	869	2.433084299622418	0	18
1.866002082824707	887	2.4154531727447903	0	11
1.8690004348754883	898	2.398085329972979	0	11
1.8720040321350098	909	2.3809357296125158	0	5
1.8750028610229492	914	2.364056322913226	0	5
1.878002405166626	919	2.3474106198919955	0	8
1.8810036182403564	927	2.3309886198868823	0	0
1.8840045928955078	927	2.3147960709819344	0	1
1.8870024681091309	928	2.298843317285347	0	-2
1.890005111694336	926	2.283084084780434	0	6
1.8930037021636963	932	2.267560289539001	0	3
1.8960018157958984	935	2.252248594997299	0	-5
1.899003028869629	930	2.2371267858647728	0	-2
1.902003526687622	928	2.2222102130549892	0	1
1.905003547668457	929	2.207493565891065	0	2
1.9080007076263428	931	2.1929843182137834	0	-3
1.9110009670257568	928	2.1786498440409625	0	4
1.914003610610962	932	2.164490377901711	0	-8
1.917003870010376	924	2.150524799742407	0	4
1.9200055599212646	928	2.136731750581904	0	0
1.9230048656463623	928	2.1231252527798827	0	-6
1.9260005950927734	922	2.1097068655569293	0	-2
1.9290046691894531	920	2.096420349298095	0	-1
1.9320003986358643	919	2.083336354962069	0	-6
1.935002326965332	913	2.0703880931202345	0	-4
1.9380004405975342	909	2.057615938548755	0	-5
1.941002607345581	904	2.0449834497062684	0	-7
1.944005012512207	897	2.0325041407937725	0	-9
1.9470045566558838	888	2.0201878917924376	0	-19
1.950000286102295	869	2.008035389417645	0	-21
1.953002691268921	848	1.9960016237157678	0	-22
1.9560046195983887	826	1.9841131080104297	0	-27
1.9590041637420654	799	1.9723746487814626	0	-8
1.9620041847229004	791	1.9607724341173984	0	-10
1.9650013446807861	781	1.9493167893538024	0	-10
1.968000888824463	771	1.9379852697919844	0	-7
1.9710044860839844	764	1.92676968364496	0	2
1.9740047454833984	766	1.9156954146307599	0	-7
1.977001667022705	759	1.9047598287384446	0	-1
1.9800021648406982	758	1.893935555769289	0	2
1.9830005168914795	760	1.8832412210456932	0	-4
1.9860029220581055	756	1.8726527681909628	0	3
1.9890027046203613	759	1.8621918105017519	0	-5
1.9920012950897217	754	1.8518511650496152	0	-2
1.9950003623962402	752	1.8416231102118812	0	-5
1.9980003833770752	747	1.8315042179620251	0	9
2.001004219055176	756	1.821483259115659	0	0
2.004002094268799	756	1.8115909228337206	0	-3
2.007002592086792	753	1.8017969409475287	0	-2
2.0100033283233643	751	1.792107522076062	0	8
2.0130019187927246	759	1.7825285761884362	0	0
2.016003131866455	759	1.7730432415340573	0	-3
2.0190012454986572	756	1.763667961639428	0	9
2.022003412246704	765	1.7543788321970852	0	-1
2.0250024795532227	764	1.7451964805674764	0	9
2.0280025005340576	773	1.7361068741786272	0	8
2.031038284301758	781	1.7270047902998282	0	10
2.0340006351470947	791	1.7182144154868966	0	13
2.0370001792907715	804	1.70940438462642	0	20
2.0400023460388184	824	1.7006766531941535	0	12
2.043006420135498	836	1.692032130950729	0	28
2.0460033416748047	864	1.6834953155341559	0	16
2.0490028858184814	880	1.6750368509353208	0	14
2.052002191543579	894	1.6666636202126133	0	10
2.0550038814544678	904	1.658367128911895	0	8
2.058002471923828	912	1.6501612665899217	0	6
2.061000347137451	918	1.6420381407556117	0	3
2.0640013217926025	921	1.6339863221026019	0	3
2.0670013427734375	924	1.626015604586629	0	4
2.0700032711029053	928	1.6181172791520662	0	-4
2.0730018615722656	924	1.6103039698756	0	7
2.0760040283203125	931	1.6025565687448466	0	-2
2.0790038108825684	929	1.5948894229306725	0	0
2.0820038318634033	929	1.5872946912738801	0	-2
2.0850043296813965	927	1.5797707577528957	0	7
2.088000774383545	934	1.5723278362078532	0	-5
2.0910046100616455	929	1.5649366179447237	0	-1
2.0940017700195312	928	1.5576307605693223	0	-1
2.0970020294189453	927	1.5503853504008753	0	1
2.1000025272369385	928	1.543206465250017	0	-1
2.103001594543457	927	1.5360971311418374	0	-5
2.1060047149658203	922	1.5290435239091682	0	-5
2.1090028285980225	917	1.5220659985883624	0	-5
2.112004280090332	912	1.5151442028079793	0	-6
2.115002155303955	906	1.5082932133882427	0	-15
2.118004322052002	891	1.5014942257161472	0	-17
2.1210012435913086	874	1.4947679785031307	0	-22
2.124002456665039	852	1.6583782757911718	1	-29
2.127000331878662	823	1.6501742511214785	0	-16
2.130002737045288	807	1.6420387836013166	0	-19
2.133002281188965	788	1.6339907780099638	0	-12
2.136000871658325	776	1.6260237993242836	0	-8
2.139002561569214	768	1.6181260187301678	0	4
2.142001152038574	772	1.6103126252566562	0	-12
2.1450035572052	760	1.602564528731548	0	3
2.148000717163086	763	1.5949039780729906	0	-3
2.1510019302368164	760	1.587306104592636	0	-9
2.154038429260254	751	1.5796922196193044	0	8
2.157003402709961	759	1.5723278362078532	0	-2
2.160003662109375	757	1.564945376395439	0	1
2.1630032062530518	758	1.5576336528466719	0	2
2.1660027503967285	760	1.5503899350982988	0	-1
2.169001817703247	759	1.5432144143587276	0	5
2.172002077102661	764	1.5361021942988151	0	0
2.175004482269287	764	1.5290502129359793	0	-2
2.178004503250122	762	1.5220682079544618	0	9
2.1810011863708496	771	1.5151573388049404	0	1
2.184002161026001	772	1.508299179701505	0	3
2.1870038509368896	775	1.501501213392821	0	9
2.1900031566619873	784	1.4947695766231277	0	6
2.1930015087127686	790	1.4881001418098514	0	2
2.1960597038269043	792	1.4813586259752276	0	16
2.1990561485290527	808	1.4748122159328654	0	21
2.202000856399536	829	1.7636709280719143	1	27
2.2050046920776367	856	1.7543766307534907	0	29
2.208003044128418	885	1.7451964805674764	0	22
2.211005210876465	907	1.7361004067164088	0	7
2.214003801345825	914	1.7271093274850309	0	2
2.2170040607452393	916	1.7182059690425813	0	11
2.2200028896331787	927	1.7093981145816903	0	3
2.2230122089385986	930	1.700649760065199	0	-2
2.2260024547576904	928	1.6920451001820611	0	-2
2.2290027141571045	926	1.6834986941187378	0	9
2.232003688812256	935	1.6750361819930288	0	-5
2.2350034713745117	930	1.6666616334007527	0	6
2.2380001544952393	936	1.6583789314946193	0	-10
2.241004705429077	926	1.650156722052152	0	2
2.244004487991333	928	1.642028498130439	0	-1
2.247001886367798	927	1.6339863221026019	0	1
2.2500009536743164	928	1.6260181260355713	0	-12
2.253004550933838	916	1.6181154063976124	0	0
2.256004571914673	916	1.6102984057511973	0	-15
2.259004831314087	901	1.6025559564414527	0	-12
2.2620046138763428	889	1.5948888164721746	0	-21
2.2650012969970703	868	1.5948979133980727	1	-25
2.26800274848938	843	1.5872994968617722	0	-30
2.271003007888794	813	1.5797761129100236	0	-13
2.2740025520324707	800	1.5723254785236056	0	-24
2.277000665664673	776	1.5649482959007968	0	-11
2.2800049781799316	765	1.5576249760468457	0	0
2.283003091812134	765	1.5503847773156039	0	-5
2.286001443862915	760	1.543211007587824	0	-9
2.289025068283081	751	1.5360436887426119	0	0
2.2920026779174805	751	1.5290502129359793	0	3
2.2950029373168945	754	1.5220676556123356	0	3
2.2980031967163086	757	1.515148581448325	0	-5
2.3010051250457764	752	1.508288331894318	0	6
2.30400013923645	758	1.5015055135338704	0	1
2.3070013523101807	759	1.4947695766231277	0	-2
2.310001850128174	757	1.4880953901479188	0	1
2.313000202178955	758	1.4814852490933006	0	-7
2.316002368927002	751	1.4749252744625037	0	13
2.319004774093628	764	1.4684226243928842	0	7
2.322003126144409	771	1.4619857234927982	0	6
2.3250012397766113	777	1.4556055143807844	0	5
2.3280017375946045	782	1.4492757429073047	0	29
2.331000804901123	811	1.9723978368210675	1	21
2.334000825881958	832	1.9607953501570532	0	20
2.337003707885742	852	1.9493176953057103	0	26
2.3400001525878906	878	1.937997806164364	0	19
2.3430004119873047	897	1.9267944671839325	0	7
2.3460025787353516	904	1.915712914184657	0	24
2.3490028381347656	928	1.90476501880558	0	-10
2.3520026206970215	918	1.8939432526501543	0	7
2.3550028800964355	925	1.8832420666208087	0	3
2.358003854751587	928	1.872658620860548	0	-4
2.36100435256958	924	1.8621951176196887	0	3
2.3640031814575195	927	1.851853617917085	0	2
2.3670029640197754	929	1.8416231102118812	0	-1
2.3700008392333984	928	1.8315114157683712	0	-2
2.3730010986328125	926	1.8215022439246402	0	1
2.3760013580322266	927	1.8116018772951126	0	4
2.379000663757324	931	1.8018116474341295	0	-3
2.382002115249634	928	1.7921197736298904	0	-8
2.385000228881836	920	1.782542212249096	0	-9
2.388000965118408	911	1.7730582319063095	0	2
2.3910045623779297	913	1.763665736821612	0	-13
2.3940041065216064	900	1.7543847027403476	0	-28
2.397002696990967	872	3.6630004384103345	1	-5
2.4000041484832764	867	3.623166196599101	0	-29
2.403003692626953	838	3.5842135127190193	0	-28
2.406003475189209	810	3.5460864830681147	0	-23
2.4090030193328857	787	3.5087650025640404	0	-7
2.412001371383667	780	3.472235306778812	0	-12
2.415003776550293	768	3.43641053035194	0	-65
2.4180045127868652	703	3.4013367565893082	0	59
2.4210007190704346	762	4.566212909013316	1	0
2.4240078926086426	762	4.504361740400466	0	-4
2.427003860473633	758	4.444385105501461	0	0
2.430032253265381	758	4.385361023720428	0	1
2.4330363273620605	759	4.328339695345773	0	0
2.4360032081604004	759	4.273461324106424	0	3
2.4390006065368652	762	4.219413731113859	0	0
2.442002534866333	762	4.166637526821902	0	4
2.4450008869171143	766	4.1152258206307595	0	4
2.4480044841766357	770	4.064980703886553	0	-1
2.451000928878784	769	4.0160630880271775	0	4
2.45400071144104	773	3.9682562509224533	0	4
2.457000970840454	777	3.921566867499168	0	1
2.460002899169922	778	3.8759383036744817	0	6
2.463003158569336	784	3.8313838295166907	0	8
2.46600079536438	792	3.7878796636129817	0	16
2.4690146446228027	808	3.7451249489926663	0	25
2.472001552581787	833	3.703694153903211	0	23
2.4750025272369385	856	3.6629812445198997	0	24
2.4780030250549316	880	3.6231599370096155	0	23
2.4810023307800293	903	3.584210449856736	0	9
2.484001874923706	912	3.5460864830681147	0	9
2.4870026111602783	921	3.508750326254994	0	7
2.490004301071167	928	3.472180692630802	0	0
2.4930169582366943	928	3.4362359803704705	0	3
2.4960005283355713	931	3.4013643396771127	0	-1
2.4990017414093018	930	3.3669933339327227	0	0
2.5020034313201904	930	3.3333047233494026	0	0
2.505004405975342	930	3.300291370843559	0	1
2.508002519607544	931	3.2679560938210965	0	-187
2.511000871658325	744	4.065047678952352	1	184
2.5140013694763184	928	5.46446401584241	1	-7
2.517003059387207	921	5.376278920720375	0	5
2.5200021266937256	926	5.290968288027813	0	-5
2.523000955581665	921	5.208329245865241	0	-3
2.5260045528411865	918	5.128106564943361	0	-6
2.5290021896362305	912	5.050469729481094	0	-10
2.5320029258728027	902	4.975071880663864	0	-15
2.5350019931793213	887	4.901932231082355	0	-19
2.5380032062530518	868	4.8308618328532384	0	-27
2.5410027503967285	841	4.761860646766847	0	-25
2.54400372505188	816	4.694771317183028	0	-17
2.5470011234283447	799	4.629622802495885	0	-16
2.550004482269287	783	4.566133372815077	0	-12
2.5530002117156982	771	4.504516540601611	0	-3
2.556004285812378	768	4.444375686767338	0	-4
2.5590012073516846	764	4.385957170478394	0	-4
2.562028646469116	760	4.328482633144858	0	-2
2.565002202987671	758	4.273478740627608	0	-3
2.568002939224243	755	4.219371284803015	0	-2
2.5710015296936035	753	4.166654083501881	0	5
2.5740015506744385	758	4.115213707750739	0	-5
2.5770034790039062	753	4.064996462527016	0	1
2.5800042152404785	754	4.016009253195148	0	-1
2.5830047130584717	753	3.9681924273000178	0	-1
2.58600115776062	752	3.9215632009379653	0	2
2.589000701904297	754	3.8759705395839688	0	-5
2.592003345489502	749	3.831380329653867	0	8
2.595001220703125	757	3.7878728219503692	0	4
2.5980019569396973	761	3.745302192012744	0	3
2.6010022163391113	764	3.7036843425156385	0	0
2.6040022373199463	764	3.66298444348767	0	7
2.6070022583007812	771	3.623169326401954	0	9
2.6100025177001953	780	3.584207386999687	0	7
2.6130030155181885	787	3.5460714928859667	0	13
2.616001605987549	800	3.508762067292409	0	14
2.6190035343170166	814	3.472189315803111	0	25
2.622002363204956	839	3.4364077148889556	0	18
2.6250033378601074	857	3.401331240025431	0	16
2.628000497817993	873	3.36700684831987	0	15
2.6310017108917236	888	3.3333232668015054	0	7
2.6340010166168213	895	3.3003277269597717	0	16
2.637000560760498	911	3.267976463548419	0	8
2.6400046348571777	919	3.236205842957403	0	1
2.643001079559326	920	3.205125383609043	0	1
2.6460041999816895	921	3.174568958992446	0	-1
2.649003505706787	920	3.1446273804168543	0	11
2.652003049850464	931	3.1152430107079647	0	-2
2.655003786087036	929	3.086391354609788	0	0
2.6580023765563965	929	3.0580892774858115	0	-2
2.661003828048706	927	3.030275269789825	0	7
2.6640028953552246	934	3.0029841513497413	0	-1
2.6670026779174805	933	2.9761738856477074	0	-3
2.67000150680542	930	2.9498463996759203	0	0
2.6730024814605713	930	2.923962274279014	0	-4
2.676004409790039	926	2.8985204381327527	0	-2
2.679004192352295	924	2.8735352472404	0	5
2.682004690170288	929	2.8489713133322057	0	-1
2.6850039958953857	928	2.8248332937095104	0	-8
2.688004493713379	920	2.80109150504013	0	-4
2.6910018920898438	916	2.7777693890012545	0	-3
2.6940011978149414	913	2.7548179548042935	0	-9
2.6970036029815674	904	2.732219549262048	0	-10
2.700002431869507	894	2.710015151466203	0	-16
2.7030022144317627	878	2.6881618574018753	0	-10
2.706005096435547	868	2.6666361494377835	0	-25
2.709003448486328	843	2.6454841440139063	0	-23
2.712003707885742	820	2.6246519177843886	0	-20
2.7150039672851562	800	2.604145220553996	0	-20
2.7180042266845703	780	2.58395648129324	0	-5
2.7210042476654053	775	2.5640799294287238	0	-4
2.72400164604187	771	2.544523816023757	0	-10
2.7270009517669678	761	2.525251588704021	0	-1
2.730001449584961	760	2.5062616146707857	0	3
2.7330002784729004	763	2.4875654465787482	0	-5
2.7360010147094727	758	2.469134523345582	0	6
2.739002227783203	764	2.450971844500205	0	-8
2.742068290710449	756	2.432690578850234	0	3
2.7450006008148193	759	2.4154601279283314	0	-1
2.7480220794677734	758	2.3979591953411843	0	1
2.7510018348693848	759	2.380946542144354	0	-1
2.754014730453491	758	2.3639883691635166	0	3
2.757002830505371	761	2.347406678598732	0	3
2.7600016593933105	764	2.3309976880668684	0	5
2.763002872467041	769	2.314803736089557	0	-1
2.7660036087036133	768	2.2988357575139733	0	0
2.7690045833587646	768	2.2830853275315017	0	4
2.772000789642334	772	2.2675737746041493	0	7
2.7750046253204346	779	2.2522328728063936	0	0
2.7780020236968994	779	2.2371303655368218	0	5
2.78100323677063	784	2.2222102130549892	0	-1
2.784000873565674	783	2.207505184155956	0	16
2.787003755569458	799	2.192968265960478	0	19
2.790036201477051	818	2.178481240138075	0	22
2.793004274368286	840	2.1644859099290272	0	26
2.796001672744751	866	2.1505336208023667	0	29
2.7990028858184814	895	2.1367426359298256	0	13
2.8020007610321045	908	2.1231424482806274	0	11
2.805004596710205	919	2.1096877646978345	0	9
2.80800199508667	928	2.0964308277952384	0	-2
2.811004877090454	926	2.0833156590504167	0	5
2.814020872116089	931	2.0703073596214683	0	4
2.817003011703491	935	2.057603825668734	0	-3
2.8200016021728516	932	2.0449864408796024	0	0
2.8230042457580566	932	2.0325061106448303	0	-3
2.8260040283203125	929	2.0201888648170643	0	5
2.8290016651153564	934	2.008028659970212	0	-3
2.832003593444824	931	1.9959968744021723	0	-3
2.835001230239868	928	1.9841253096718863	0	-4
2.8380045890808105	924	1.9723718662533483	0	0
2.841002941131592	924	1.9607761006477478	0	1
2.844003438949585	925	1.9493077298810377	0	-7
2.847001314163208	918	1.9379825834475755	0	-6
2.850001811981201	912	1.926778534835689	0	-2
2.853001117706299	910	1.9157076642849182	0	-6
2.856001377105713	904	1.9047598287384446	0	-26
2.8590009212493896	878	2.1645104840070575	1	-25
2.862004280090332	853	2.1505303128964015	0	-27
2.865001678466797	826	2.1367567870479336	0	-20
2.868004322052002	806	2.1231349252147784	0	-19
2.8710005283355713	787	2.109714293762207	0	-11
2.874000310897827	776	2.0964465457373596	0	-12
2.8770010471343994	764	2.0833404941937426	0	0
2.8800008296966553	764	2.070401378982852	0	-8
2.8830010890960693	756	2.057619976207121	0	0
2.8860023021698	756	2.0449914261879374	0	4
2.88900089263916	760	2.032527779258477	0	-10
2.892003297805786	750	2.0201995681498213	0	1
2.8950045108795166	751	2.0080248145919297	0	6
2.898000478744507	757	1.9960168216711551	0	-4
2.901002883911133	753	1.984126248267445	0	1
2.9040026664733887	754	1.9723867064940146	0	4
2.9070005416870117	758	1.9607926002040124	0	-3
2.910003185272217	755	1.9493158834027364	0	3
2.913001298904419	758	1.9379897470492156	0	3
2.916001081466675	761	1.9267882712394175	0	3
2.919003486633301	764	1.915705914324733	0	10
2.9220023155212402	774	1.904763288780059	0	7
2.9250032901763916	781	1.8939372661818528	0	11
2.9280030727386475	792	1.8832378387528248	0	17
2.931004047393799	809	1.87265444037854	0	21
2.9340012073516846	830	1.9493158834027364	1	29
2.937002658843994	859	1.9379772107810997	0	20
2.940004587173462	879	1.9267679134165725	0	15
2.9430012702941895	894	1.915706789304426	0	13
2.9460020065307617	907	1.9047572337154832	0	7
2.9490013122558594	914	1.8939372661818528	0	4
2.9520013332366943	918	1.8832369931815058	0	5
2.9550020694732666	923	1.87265444037854	0	3
2.9580013751983643	926	1.8621951176196887	0	6
2.9610066413879395	932	1.851831542343779	0	-4
2.964003086090088	928	1.841612598281374	0	-2
2.9670016765594482	926	1.8314986197073133	0	8
2.970003843307495	934	1.821483259115659	0	-3
2.9730021953582764	931	1.8115893579214792	0	-3
2.9760005474090576	928	1.801802359098872	0	0
2.9790031909942627	928	1.7921067563595097	0	-8
2.9820024967193604	920	1.782525545981066	0	-1
2.985003709793091	919	1.7730402434900236	0	-6
2.9880001544952393	913	1.7636701864628572	0	-6
2.9910035133361816	907	1.7543773645674083	0	-19
2.994000196456909	888	1.7452022898190598	0	-13
2.997001886367798	875	1.7361075927885148	0	-26
3.000004291534424	849	2.0449754732868235	1	-31
3.0030014514923096	818	2.0325179298313625	0	-26
3.0060019493103027	792	2.0201976220808837	0	-10
3.009002447128296	782	2.0080257759351197	0	-11
3.0120043754577637	771	1.9959940248248635	0	-4
3.0150015354156494	767	1.9841243710772154	0	-9
3.018003225326538	758	1.9723774313174283	0	4
3.0210018157958984	762	1.9607806838299677	0	-1
3.024003267288208	761	1.9493086358245248	0	-5
3.0270001888275146	756	1.9379870606923943	0	4
3.0300021171569824	760	1.9267776497129567	0	-2
3.0330004692077637	758	1.9157102892311908	0	2
3.036000967025757	760	1.9047615587576805	0	6
3.0390005111694336	766	1.893940687016248	0	-2
3.0420031547546387	764	1.883231074203535	0	0
3.0450034141540527	764	1.8726502599151966	0	8
3.048003673553467	772	1.8621876766208494	0	3
3.0510003566741943	775	1.851853617917085	0	6
3.0540030002593994	781	1.8416134068871526	0	11
3.057004690170288	792	1.8314890227788583	0	11
3.060004711151123	803	1.8214808860423617	0	29
3.0630035400390625	832	1.8214864232230068	1	26
3.0660018920898438	858	1.8115924877486655	0	34
3.069000244140625	892	1.8018054551999843	0	17
3.0720040798187256	909	1.7921059906436116	0	8
3.0750017166137695	917	1.7825300912959847	0	11
3.078073501586914	928	1.7728229123078418	0	-4
3.081000804901123	924	1.7636701864628572	0	7
3.0840041637420654	931	1.7543773645674083	0	-2
3.0870003700256348	929	1.7452037421379984	0	-5
3.0900025367736816	924	1.7361075927885148	0	3
3.093001365661621	927	1.7271157281319924	0	4
3.0960044860839844	931	1.7182038574444778	0	-2
3.0990030765533447	929	1.7093967212446637	0	-1
3.1020002365112305	928	1.7006835490052492	0	-8
3.1050033569335938	920	1.6920416872071717	0	0
3.1080212593078613	920	1.6834453140678307	0	-10
3.1110031604766846	910	1.6750368509353208	0	-9
3.114002227783203	901	1.6666642824842863	0	-21
3.117002010345459	880	3.8759526306791665	1	-20
3.1200037002563477	860	3.8313768297974375	0	-31
3.123002529144287	829	3.7878557179019654	0	-29
3.126004457473755	800	3.745268748649426	0	-22
3.129000425338745	778	3.7037105063313494	0	-4
3.1320037841796875	774	3.662965249764859	0	-9
3.135003089904785	765	3.6231599370096155	0	-5
3.1380043029785156	760	3.584185947146916	0	-4
3.1410040855407715	756	3.546059500831497	0	0
3.144008159637451	756	3.5086828168146917	0	1
3.1470017433166504	757	3.472212311138669	0	-3
3.1500015258789062	754	3.4364189767685747	0	-2
3.1530017852783203	752	3.4013505480772896	0	6
3.1560022830963135	758	3.3669879282082404	0	-5
3.1590020656585693	753	3.3333206177242873	0	4
3.162001371383667	757	3.300325130067764	0	3
3.165001630783081	760	3.267966278653016	0	0
3.168001174926758	760	3.2362432978586324	0	9
3.1710031032562256	769	3.2051057898630018	0	7
3.1740036010742188	776	3.1745761672760797	0	7
3.177001476287842	783	3.1446485993682667	0	23
3.180004358291626	806	4.064988583191512	1	24
3.183004379272461	830	4.0160130984924285	0	34
3.186002254486084	864	3.968237479055677	0	19
3.1890013217926025	883	3.921566867499168	0	13
3.1920011043548584	896	3.8759705395839688	0	13
3.1950387954711914	909	3.830865919364016	0	11
3.198003053665161	920	3.7878522971108204	0	1
3.2010045051574707	921	3.745272092958881	0	4
3.2040014266967773	925	3.703700694857139	0	3
3.207002878189087	928	3.6629812445198997	0	-1
3.210000991821289	927	3.623191235173333	0	3
3.2130215167999268	930	3.583968500276853	0	0
3.2160184383392334	930	3.545882627448925	0	-2
3.219000816345215	928	3.5087767436996757	0	3
3.222001552581787	931	3.4722180600201495	0	-1
3.2250025272369385	930	3.43641053035194	0	-2
3.2280020713806152	928	3.4013505480772896	0	-1
3.231001853942871	927	3.3669960368014733	0	-3
3.234001398086548	924	3.333331214058422	0	-1
3.2370076179504395	923	3.3002602090957516	0	-6
3.240001678466797	917	3.2679688248709153	0	-9
3.243001937866211	908	3.2362383038217097	0	-11
3.2460033893585205	897	3.2051057898630018	0	-17
3.2490041255950928	880	3.1745737645112313	0	-27
3.252021551132202	853	3.9679821992986053	1	-21
3.2550241947174072	832	3.9212625662494824	0	-28
3.2580008506774902	804	3.8760206853978687	0	-20
3.261000633239746	784	3.8314713281653936	0	-6
3.2640011310577393	778	3.7879241350223927	0	-11
3.2670023441314697	767	3.745345669277979	0	-3
3.2700042724609375	764	3.7037039653427666	0	-2
3.2730042934417725	762	3.66300363741163	0	-6
3.2760047912597656	756	3.623181845667441	0	5
3.2790005207061768	761	3.584277834036208	0	-1
3.282003402709961	760	3.546110467623162	0	0
3.285001039505005	760	3.5088119675780494	0	3
3.2880020141601562	763	3.4722496792085766	0	-2
3.2910008430480957	761	3.43646684058047	0	-1
3.294003963470459	760	3.4013643396771127	0	4
3.297003746032715	764	3.3670095512103178	0	8
3.3000025749206543	772	3.3333524069288014	0	-3
3.3030009269714355	769	3.300366680830304	0	4
3.3060150146484375	773	3.267859341084003	0	3
3.309007406234741	776	3.236213333868291	0	1
3.312004804611206	777	3.2051229343776866	0	10
3.3150031566619873	787	3.1746146120083165	0	0
3.318004846572876	787	3.1446485993682667	0	13
3.3210017681121826	800	3.1152892871971187	0	14
3.3240041732788086	814	3.0864208795882715	0	33
3.3270010948181152	847	3.7879138722967687	1	26
3.3300039768218994	873	3.7453122251382065	0	22
3.333003044128418	895	3.7037105063313494	0	13
3.336001396179199	908	3.6630324286747316	0	11
3.339001417160034	919	3.623216274093635	0	7
3.342000961303711	926	3.5842625192274826	0	2
3.3450019359588623	928	3.5461194619149516	0	0
3.348007917404175	928	3.508718038807256	0	6
3.3510024547576904	934	3.472235306778812	0	-1
3.354001522064209	933	3.436449947318141	0	-1
3.3570027351379395	932	3.401369856348358	0	-5
3.3600006103515625	927	3.367036580353473	0	-7
3.363003969192505	920	3.3333285649685727	0	11
3.36600399017334	931	3.300325130067764	0	-1
3.369001865386963	930	3.2679917410105577	0	-7
3.372002601623535	923	3.236255783018373	0	-12
3.3750014305114746	911	3.205149876128484	0	11
3.3780009746551514	922	3.174629029022968	0	-5
3.3810019493103027	917	3.144669818606039	0	-9
3.3840043544769287	908	3.115256893510352	0	-15
3.3870019912719727	893	3.086434506691941	0	-6
3.390002965927124	887	3.0581093446394005	0	-27
3.393001079559326	860	3.623200624727891	1	-27
3.396003007888794	833	3.5842165755865376	0	-29
3.399001359939575	804	3.546107469536038	0	-13
3.402003288269043	791	3.50875619676388	0	-15
3.4050004482269287	776	3.4722410557364403	0	-8
3.4080018997192383	768	3.4364274232267302	0	-10
3.4110019207000732	758	3.4013615813482008	0	10
3.4140005111694336	768	3.367020362815505	0	-9
3.4170007705688477	759	3.3333471086859428	0	-3
3.4200031757354736	756	3.3003173394162624	0	-3
3.4230024814605713	753	3.2679688248709153	0	3
3.426003932952881	756	3.2362258187968345	0	-1
3.429004669189453	755	3.2051008914639234	0	0
3.432004690170288	755	3.1745761672760797	0	-5
3.4350030422210693	750	3.144643884020984	0	8
3.4380040168762207	758	3.1152453244997695	0	-1
3.441004753112793	757	3.086393625741924	0	-2
3.444002866744995	755	3.0580959665077456	0	5
3.4470038414001465	760	3.0302862163036943	0	6
3.450000286102295	766	3.003018552354986	0	3
3.453003406524658	769	2.976178109291758	0	5
3.456003427505493	774	2.9498401758241757	0	6
3.4590048789978027	780	2.923952082450309	0	18
3.4620001316070557	798	2.8985665091252617	0	15
3.46500301361084	813	2.873554934085674	0	21
3.4680023193359375	834	3.472246804713105	1	22
3.471001386642456	856	3.4364612094745723	0	20
3.474004030227661	876	3.4013643396771127	0	21
3.477039337158203	897	3.3666068683755332	0	10
3.48000168800354	907	3.3333630034650477	0	5
3.483003854751587	912	3.300335517660315	0	5
3.48600435256958	917	3.2679739173186166	0	3
3.48901629447937	920	3.2361209483909295	0	3
3.492002248764038	923	3.205149876128484	0	5
3.495000123977661	928	3.174645849038895	0	3
3.498009204864502	931	3.144606161751795	0	-7
3.5010030269622803	924	3.115277717945937	0	7
3.504002094268799	931	3.0864413202889005	0	0
3.507002353668213	931	3.0581227228881054	0	-3
3.5100014209747314	928	3.030330003150043	0	-4
3.5130012035369873	924	3.003031452935154	0	7
3.516002893447876	931	2.976203451407811	0	0
3.519005060195923	931	2.9498463996759203	0	-3
3.522003173828125	928	2.923986734957792	0	-4
3.525003671646118	924	2.898556493567523	0	1
3.5280046463012695	925	2.873560840191858	0	-7
3.531002998352051	918	2.849013887426598	0	-4
3.5340020656585693	914	2.824877051995792	0	-7
3.537001848220825	907	2.8011401430254397	0	-16
3.5400044918060303	891	2.777776747574423	0	-19
3.543001651763916	872	2.754841476734968	0	-24
3.546004056930542	848	3.401562951116417	1	-21
3.5490009784698486	827	3.367236609501117	0	-24
3.552004337310791	803	3.3335246089909627	0	-18
3.5550036430358887	785	3.3005251027109717	0	-9
3.55800724029541	776	3.268126698130041	0	-6
3.561002492904663	770	3.2364455693076946	0	0
3.564000368118286	770	3.205345829760633	0	-8
3.5670039653778076	762	3.174780415583	0	-1
3.5700016021728516	761	3.1448513726798657	0	7
3.573002815246582	768	3.1154466375447245	0	-9
3.576003313064575	759	3.0865934984597585	0	-1
3.5790047645568848	758	3.0582609716456903	0	2
3.582003355026245	760	3.030470129562355	0	0
3.585001230239868	760	3.003186268543009	0	1
3.588001251220703	761	2.9763702977786703	0	2
3.591001272201538	763	2.9500289776787474	0	1
3.5940093994140625	764	2.9240805046845337	0	7
3.59700083732605	771	2.898724764124212	0	-1
3.6000003814697266	770	2.873738034667348	0	4
3.6030006408691406	774	2.849172583898111	0	2
3.6060028076171875	776	2.8250083349891058	0	0
3.6090028285980225	776	2.801267358050021	0	12
3.612002372741699	788	2.7779257670698585	0	5
3.6150012016296387	793	2.7549753784532403	0	17
3.6180026531219482	810	2.732381520693977	0	28
3.6210012435913086	838	3.4013588230237626	1	25
3.624004602432251	863	3.3669636026628713	0	24
3.6270041465759277	887	3.3332994252581254	0	19
3.630004405975342	906	3.3002939676824394	0	11
3.6330015659332275	917	3.2679688248709153	0	5
3.636000633239746	922	3.236250788942917	0	6
3.6390018463134766	928	3.2051204851500734	0	2
3.642000913619995	930	3.1746050007379627	0	0
3.645033121109009	930	3.14433741677743	0	2
3.6480023860931396	932	3.115252265895808	0	-1
3.651003360748291	931	3.086398168016224	0	0
3.654001235961914	931	3.0581026555589417	0	2
3.657003402709961	933	3.030281837688656	0	-3
3.660003185272217	930	3.0029841513497413	0	-1
3.663003444671631	929	2.9761696620156446	0	-1
3.6660006046295166	928	2.949856772820524	0	-3
3.669001817703247	925	2.923970427793134	0	-2
3.6720008850097656	923	2.8985524873638076	0	-4
3.6750009059906006	919	2.873564777609469	0	-7
3.678004264831543	912	2.848977118815607	0	-7
3.681002378463745	905	2.8248485138292376	0	-14
3.6840009689331055	891	2.8011214359081213	0	-19
3.6870005130767822	872	2.777782266529885	0	-25
3.69000506401062	847	3.366958197033856	1	-28
3.6930041313171387	819	3.3332994252581254	0	-23
3.6960041522979736	796	3.3002965645254063	0	-14
3.699002504348755	782	3.267958640023125	0	-12
3.7020041942596436	770	3.236213333868291	0	-3
3.7050023078918457	767	3.2051155867060768	0	-6
3.708003282546997	761	3.174580972816688	0	-3
3.7110040187835693	758	3.1446250227732624	0	0
3.714001417160034	758	3.1152615211386445	0	-2
3.71700119972229	756	3.0864186084160257	0	-3
3.7200052738189697	753	3.058064751322404	0	1
3.723003625869751	754	3.0302796483858825	0	2
3.7260048389434814	756	3.0029691011577846	0	2
3.7290005683898926	758	2.9761950039878404	0	0
3.7320034503936768	758	2.9498318773960372	0	1
3.7350010871887207	759	2.9239765429585654	0	-2
3.7380011081695557	757	2.898550484266103	0	3
3.741001844406128	760	2.873556902785038	0	-10
3.744004249572754	750	2.848977118815607	0	21
3.747004508972168	771	3.5842012613012937	1	-1
3.750000476837158	770	3.546122460022354	0	14
3.7530012130737305	784	3.508785549602969	0	4
3.7560033798217773	788	3.4722094367050675	0	23
3.7590043544769287	811	3.436402083976827	0	24
3.76200270652771	835	3.4013560647037977	0	21
3.7650046348571777	856	3.366977116811349	0	24
3.7680001258850098	880	3.333357705188503	0	11
3.7710065841674805	891	3.3002835803514383	0	14
3.7740108966827393	905	3.2678822556881886	0	7
3.7770004272460938	912	3.2362657712155256	0	4
3.780001640319824	916	3.2051351805719004	0	-5
3.7830023765563965	911	3.1746025979294674	0	16
3.786003589630127	927	3.144641526352645	0	9
3.78900408744812	936	3.115247638295012	0	-8
3.7920024394989014	928	3.0864186084160257	0	-2
3.795003890991211	926	3.0580892774858115	0	8
3.798001766204834	934	3.030308109568693	0	-3
3.801003932952881	931	3.0029884514322944	0	-1
3.80400013923645	930	2.976209787004258	0	-2
3.807004451751709	928	2.9498339519986945	0	6
3.8100011348724365	934	2.923986734957792	0	-3
3.8130037784576416	931	2.898538465738013	0	-3
3.8160037994384766	928	2.873550996695039	0	-4
3.8190040588378906	924	2.8489887298533905	0	-4
3.8220014572143555	920	2.8248656366599767	0	1
3.8250012397766113	921	2.8011289187250643	0	-8
3.828001022338867	913	2.777787785507277	0	-7
3.8310036659240723	906	2.754810717367974	0	-16
3.8340237140655518	890	2.7320807318892264	0	-11
3.837003231048584	879	2.710020404444783	0	-25
3.8400042057037354	854	3.4013588230237626	1	-30
3.843000888824463	824	3.3670392832916565	0	-26
3.8460004329681396	798	3.3333736000686653	0	-11
3.8490207195281982	787	3.3001485509983133	0	-14
3.8520021438598633	773	3.2679942872681345	0	-6
3.855001211166382	767	3.2362757594743323	0	-7
3.858004331588745	760	3.205125383609043	0	3
3.8610036373138428	763	3.174607403550095	0	5
3.8640031814575195	768	3.1446627454949634	0	-9
3.8670029640197754	759	3.1152754041060127	0	-1
3.8700027465820312	758	3.0864322354996396	0	3
3.8730015754699707	761	3.0581271823303515	0	-2
3.8760037422180176	759	3.030305920227957	0	2
3.8790037631988525	761	3.0030056518856565	0	2
3.8820037841796875	763	2.976192892140341	0	-3
3.885002374649048	760	2.9498671460380823	0	10
3.8880021572113037	770	2.923992850191433	0	-385
3.8910160064697266	385	2.8984503329106444	0	382
3.8940045833587646	767	3.6629588519019545	1	5
3.897001266479492	772	3.6231881053326283	0	4
3.9000041484832764	776	3.5841920727929635	0	0
3.903001308441162	776	3.5460984753050826	0	8
3.906003475189209	784	3.508744455765753	0	-4
3.9090023040771484	780	3.4722094367050675	0	15
3.912003517150879	795	3.4363992685276825	0	15
3.915003776550293	810	3.401331240025431	0	18
3.9180009365081787	828	3.36700684831987	0	35
3.9210002422332764	863	3.3333444595708293	0	22
3.924004316329956	885	3.3002965645254063	0	16
3.927003860473633	901	3.2679459090526604	0	11
3.9300029277801514	912	3.236228315794103	0	7
3.9330005645751953	919	3.2051351805719004	0	8
3.936004638671875	927	3.174568958992446	0	1
3.939002752304077	928	3.1446391686878417	0	-1
3.9420018196105957	927	3.1152592073227794	0	-1
3.9450018405914307	926	3.086414066081561	0	9
3.948004961013794	935	3.0580692105955802	0	-4
3.9510045051574707	931	3.0302730804965416	0	-3
3.9540045261383057	928	3.002973401197236	0	-2
3.957000255584717	926	2.976199227691832	0	9
3.9600026607513428	935	2.9498401758241757	0	-7
3.963003158569336	928	2.923960235907589	0	0
3.9660046100616455	928	2.89852244118893	0	-6
3.9690041542053223	922	2.873539184587875	0	5
3.972001791000366	927	2.848998405790506	0	-9
3.9750001430511475	918	2.824867539209539	0	-6
3.9780001640319824	912	2.8011289187250643	0	0
3.981004238128662	912	2.7777546719718775	0	-18
3.984001398086548	894	2.7548197641693153	0	-21
3.987004280090332	873	2.732217769462872	0	-25
3.990001678466797	848	2.710023906441817	0	-30
3.9930002689361572	818	2.6881790861494466	0	-20
3.9960010051727295	798	2.6666683620887515	0	-15
3.9990031719207764	783	2.6454891498024224	0	-11
4.002002477645874	772	2.6246634147562475	0	-5
4.005000591278076	767	2.604171090456411	0	-7
4.008004426956177	760	2.5839580731748035	0	-2
4.011001348495483	758	2.5641018743974584	0	1
4.014002799987793	759	2.5445191850363513	0	-4
4.017002105712891	755	2.5252470276011048	0	-2
4.020004034042358	753	2.5062481364342273	0	5
4.023002862930298	758	2.4875521686810584	0	-7
4.026002883911133	751	2.4691258020839464	0	3
4.029004096984863	754	2.450963251071707	0	1
4.032001495361328	755	2.43308853387166	0	-1
4.035004615783691	754	2.4154392624978693	0	3
4.0380027294158936	757	2.3980729901299633	0	3
4.041000604629517	760	2.3809560031902723	0	-2
4.0440003871917725	758	2.3640709801165265	0	6
4.047000408172607	764	2.3474224438511953	0	4
4.050004243850708	768	2.330986028991274	0	7
4.053002119064331	775	2.31481012371802	0	12
4.056000471115112	787	2.298854657035635	0	14
4.059003591537476	801	2.2830927840663215	0	22
4.062001705169678	823	2.2675713227621928	0	24
4.065004348754883	847	2.252236500984812	0	22
4.068004846572876	869	2.2371184333412093	0	19
4.0710039138793945	888	2.222209035692639	0	14
4.074002742767334	902	2.2074982131823457	0	-447
4.077000379562378	455	2.5840106063667774	1	461
4.0800042152404785	916	3.0030056518856565	1	6
4.0830018520355225	922	2.9762140107502084	0	5
4.086000919342041	927	2.9498837433379235	0	2
4.089032888412476	929	2.9237339943439538	0	1
4.092004060745239	930	2.898554490464281	0	-2
4.095002174377441	928	2.8735824961222467	0	2
4.09800386428833	930	2.849008081793346	0	1
4.101001501083374	931	2.824882759698297	0	-1
4.104000568389893	930	2.801151367415768	0	1
4.107001543045044	931	2.7778006632064782	0	-1
4.110003232955933	930	2.754830620409359	0	-1
4.113001585006714	929	2.7322622651379094	0	-2
4.116009473800659	927	2.709990637835421	0	-2
4.119001388549805	925	2.6881945922110817	0	-3
4.122002363204956	922	2.666681925543041	0	-4
4.125004768371582	918	2.6455008300492984	0	-11
4.128004312515259	907	2.624673269383722	0	-8
4.131003379821777	899	2.6041743242303528	0	-19
4.134005069732666	880	2.583975584001459	0	-24
4.137004137039185	856	2.564105009423656	0	-28
4.140004396438599	828	2.5445299906998526	0	-26
4.143003940582275	802	2.5252561498234134	0	-14
4.146001100540161	788	2.506287073957597	0	-13
4.149003982543945	775	2.4875654465787482	0	-9
4.152002811431885	766	2.469146151790266	0	0
4.155000925064087	766	2.451001921974497	0	-4
4.158003568649292	762	2.433095590986481	0	-2
4.161001920700073	760	2.4154740384155775	0	0
4.164062261581421	760	2.3977494573441334	0	-1
4.1670050621032715	759	2.3809492452926584	0	-1
4.170002698898315	758	2.364076310053698	0	0
4.173001766204834	758	2.347432954137149	0	1
4.176002025604248	759	2.3310158246385075	0	4
4.1790008544921875	763	2.31483439702769	0	2
4.182031154632568	765	2.298709768644013	0	-1
4.185003042221069	764	2.283112668397294	0	5
4.188003063201904	769	2.267581130161833	0	2
4.191001892089844	771	2.252265526832988	0	2
4.194002151489258	773	2.237148264068904	0	3
4.197003126144409	776	2.2222290510222624	0	6
4.2000041007995605	782	2.20750750782361	0	5
4.203003168106079	787	2.1929889046150337	0	13
4.206003427505493	800	2.1786543706799515	0	16
4.209004163742065	816	2.1645037819304385	0	23
4.212000608444214	839	2.1505556737688654	0	29
4.2150022983551025	868	2.136762229835577	0	28
4.218038082122803	896	2.122990922517966	0	16
4.221003293991089	912	2.109710049067072	0	12
4.224003314971924	924	2.096441306397131	0	1
4.227004289627075	925	2.0833342853524	0	3
4.230004787445068	928	2.0703921810598023	0	1
4.2330029010772705	929	2.057619976207121	0	3
4.236003160476685	932	2.044995414452106	0	1
4.239001035690308	933	2.032534673914255	0	-4
4.2420032024383545	929	2.0202073524630633	0	1
4.24500298500061	930	2.008038273480352	0	-6
4.248004198074341	924	1.9960092226645316	0	7
4.251000642776489	931	1.9841422045278116	0	-3
4.254053115844727	928	1.9721975101518021	0	-3
4.257000923156738	925	1.9607981001178076	0	-5
4.260000705718994	920	1.9493321906507621	0	-7
4.26300573348999	913	1.937979897110614	0	-2
4.266001224517822	911	1.9267944671839325	0	-19
4.269003868103027	892	1.9157111642148803	0	-16
4.272003889083862	876	1.9047641537924267	0	-28
4.275017023086548	848	1.8938945067945427	0	-28
4.278003454208374	820	1.8832429121966836	0	-24
4.281000137329102	796	1.8726745068624038	0	-13
4.284003257751465	783	1.8622017318908013	0	-12
4.287000417709351	771	1.8518658823519023	0	-9
4.29000449180603	762	1.8416206843711127	0	-2
4.293003559112549	760	1.831505017715492	0	-1
4.296004295349121	759	1.8214943335394707	0	-3
4.299000978469849	756	1.8116057896348587	0	-3
4.302002429962158	753	1.8018085513117368	0	3
4.305002212524414	756	1.7921220708148822	0	-1
4.308001279830933	755	1.7825414546846972	0	-1
4.311004638671875	754	1.7730492376525413	0	3
4.314004182815552	757	1.7636694448544237	0	-6
4.317000865936279	751	1.754397177775231	0	9
4.32000207901001	760	1.7452080991093177	0	1
4.3230040073394775	761	1.7361126230743855	0	2
4.326003074645996	763	1.7271199952563232	0	4
4.329002141952515	767	1.7182200464959085	0	15
4.332003116607666	782	1.7094057779759397	0	11
4.335000991821289	793	1.7006904448722668	0	19
4.338002920150757	812	1.6920519261731457	0	23
4.341002702713013	835	1.683506802777063	0	25
4.34400200843811	860	1.675048891987944	0	26
4.347018241882324	886	1.6666285205671054	0	14
4.350003004074097	900	1.6583789314946193	0	11
4.3530027866363525	911	1.6501697065121899	0	8
4.356000661849976	919	1.6420464977890354	0	2
4.359004497528076	921	1.6339869586593083	0	5
4.362002372741699	926	1.6260219082236476	0	3
4.365023851394653	929	1.6180723342415846	0	0
4.368002414703369	929	1.6103113887679514	0	1
4.3710036277771	930	1.6025663656627855	0	2
4.374002456665039	932	1.5949015521974887	0	-2
4.377024412155151	930	1.5872514422922277	0	1
4.380000591278076	931	1.5797886084178476	0	-1
4.38300347328186	930	1.572329604475679	0	-2
4.386003494262695	928	1.5649477119988537	0	-2
4.389003276824951	926	1.5576353882182374	0	-4
4.392004728317261	922	1.5503870696592317	0	-7
4.395000457763672	915	1.5432195245432858	0	-7
4.398003101348877	908	1.5361016317241694	0	-14
4.401000738143921	894	1.529060804014788	0	-19
4.404000997543335	875	1.5220781501812826	0	-29
4.40700364112854	846	1.7636701864628572	1	-32
4.410001277923584	814	1.754394976285595	0	-23
4.4130027294158936	791	1.7452051944593543	0	-14
4.416001319885254	777	1.7361198092476242	0	-9
4.419002056121826	768	1.7271221288263956	0	-3
4.422002792358398	765	1.7182172309867891	0	-3
4.425002336502075	762	1.7094071713277308	0	-3
4.428003311157227	759	1.7006828594216232	0	2
4.431004047393799	761	1.692047830571886	0	-1
4.434004545211792	760	1.6835007212759963	0	1
4.437003135681152	761	1.6750448782845013	0	1
4.4400012493133545	762	1.6666748789026333	0	-1
4.443002462387085	761	1.6583795871985854	0	3
4.446003675460815	764	1.6501664603780235	0	5
4.449002742767334	769	1.6420400692942363	0	1
4.452004671096802	770	1.633985685546391	0	6
4.4550042152404785	776	1.6260162349481313	0	4
4.458001613616943	780	1.61812976429254	0	2
4.461002588272095	782	1.6103101522811458	0	8
4.464003562927246	790	1.602565753351905	0	12
4.467002630233765	802	1.5949003392625052	0	26
4.470004081726074	828	1.7361126230743855	1	32
4.47300386428833	860	1.7271178616915221	0	31
4.476003885269165	891	1.7182151193610047	0	17
4.479002237319946	908	1.7094085646817934	0	12
4.482004165649414	920	1.7006814802560488	0	5
4.485001802444458	925	1.6920553391893407	0	6
4.488004207611084	931	1.6835027484381366	0	0
4.49100399017334	931	1.6750435403876283	0	0
4.494001626968384	931	1.6666748789026333	0	1
4.497000694274902	932	1.6583854885576137	0	-1
4.500000953674316	931	1.6501749003534203	0	0
4.503002166748047	931	1.6420426406861157	0	-1
4.506002426147461	930	1.633992687691987	0	-1
4.509003639221191	929	1.6260187563990287	0	-6
4.512000322341919	923	1.6181341341372235	0	-5
4.515004396438599	918	1.6103064428321219	0	-8
4.5180017948150635	910	1.6025712641666736	0	-13
4.521004915237427	897	1.5948954875410197	0	-22
4.524001598358154	875	2.2371303655368218	1	-32
4.527002573013306	843	2.222211390418587	0	-30
4.530003070831299	813	2.207492404071302	0	-22
4.533000946044922	791	2.1929797318317164	0	-16
4.536004543304443	775	2.178629474398284	0	-6
4.5390050411224365	769	2.1644803249891114	0	-6
4.54200291633606	763	2.1505259023709447	0	-1
4.545001745223999	762	2.1367459015558294	0	-4
4.548003435134888	758	2.123128476915056	0	-3
4.551003932952881	755	2.1096888258475994	0	0
4.554000377655029	755	2.0964360670830913	0	0
4.557002544403076	755	2.083323937365735	0	-1
4.560004949569702	754	2.070373785458875	0	3
4.563001394271851	757	2.0576088726847446	0	0
4.56600284576416	757	2.0449794614887677	0	1
4.569003105163574	758	2.032509065428577	0	6
4.572004556655884	764	2.0201849727241816	0	4
4.575004816055298	768	2.0080142398775935	0	7
4.578002214431763	775	1.9960006738512406	0	17
4.581002950668335	792	1.984116862351817	0	20
4.584004640579224	812	1.9723700112389668	0	30
4.5870020389556885	842	1.9723950542275275	1	27
4.5900022983551025	869	1.9607916835547128	0	22
4.593036651611328	891	1.9491944935761176	0	15
4.5960047245025635	906	1.9379825834475755	0	9
4.59900164604187	915	1.926791811774261	0	4
4.602003812789917	919	1.9157102892311908	0	4
4.6050026416778564	923	1.904767613849754	0	5
4.608002185821533	928	1.8939466735061754	0	0
4.611001014709473	928	1.8832505224137266	0	3
4.614002227783203	931	1.872666145775198	0	0
4.6170008182525635	931	1.8622091730019663	0	-1
4.62000036239624	930	1.8518650647178605	0	0
4.623102426528931	930	1.8412875962665924	0	-1
4.626001596450806	929	1.8315106160093166	0	-5
4.62900447845459	924	1.8214927514706816	0	0
4.6320037841796875	924	1.8115956175866665	0	-5
4.635002136230469	919	1.8018085513117368	0	-8
4.638012170791626	911	1.7920891450594008	0	-11
4.641004323959351	900	1.782530848850725	0	-24
4.644000768661499	876	4.219460423042177	1	-24
4.6470019817352295	852	4.166695475777498	0	-30
4.650004625320435	822	4.115209670139911	0	-27
4.653001308441162	795	4.0650791973940406	0	-22
4.656006336212158	773	4.0160207891090804	0	-6
4.65900444984436	767	3.9682412334148243	0	-3
4.662005662918091	764	3.921537535201523	0	0
4.665001153945923	764	3.8760063578900676	0	-5
4.668001651763916	759	3.8314468281409146	0	-5
4.671005010604858	754	3.787859138699289	0	7
4.674002408981323	761	3.7453356359733325	0	-2
4.677001714706421	759	3.703730129435721	0	3
4.680003643035889	762	3.66300363741163	0	-1
4.683001756668091	761	3.6232131442096716	0	4
4.68600058555603	765	3.5842686451352677	0	7
4.689002513885498	772	3.5461134657153557	0	2
4.692001104354858	774	3.508803161542155	0	2
4.695003271102905	776	3.4722266833780644	0	4
4.698004722595215	780	3.4364133458195383	0	10
4.701003551483154	790	3.4013615813482008	0	10
4.704003572463989	800	3.367004145433761	0	12
4.70700216293335	812	3.3333497578052667	0	34
4.710000276565552	846	4.166732729528708	1	34
4.713002443313599	880	4.115254084294781	0	23
4.716002702713013	903	4.065063438112102	0	13
4.719000577926636	916	4.016120769806016	0	8
4.722009897232056	924	3.9681623933645476	0	3
4.725001811981201	927	3.921603533488291	0	3
4.728003263473511	930	3.8759812850062887	0	2
4.7310028076171875	932	3.83143632822634	0	-1
4.734001636505127	931	3.7879138722967687	0	1
4.73700213432312	932	3.745345669277979	0	1
4.7400031089782715	933	3.7037170473430363	0	-3
4.743003606796265	930	3.663010035430984	0	0
4.74603796005249	930	3.6227437228465065	0	-5
4.749037027359009	925	3.5838061979802607	0	-4
4.752002239227295	921	3.546122460022354	0	-6
4.755000352859497	915	3.5088178382932016	0	-8
4.758000373840332	907	3.4722669262813506	0	-15
4.761004447937012	892	3.4364217922500133	0	-24
4.764004945755005	868	4.166608552948551	1	64
4.767004013061523	932	5.5554946270313375	1	-121
4.7700035572052	811	7.936332295163237	1	-21
4.773003816604614	790	7.751754830172359	0	-16
4.776002883911133	774	7.575636179078383	0	-9
4.779001474380493	765	7.407368685031277	0	-1
4.782003164291382	764	7.246251019308114	0	-5
4.785001277923584	759	7.092172966136229	0	-1
4.788000822067261	758	6.944441868936058	0	-3
4.791003942489624	755	6.80257421631721	0	-3
4.794015645980835	752	6.6660055180480855	0	4
4.797000408172607	756	6.535963112039855	0	-3
4.800001382827759	753	6.4102311734121535	0	1
4.803004026412964	754	6.289179317087214	0	-4
4.806000232696533	750	6.172859928621362	0	3
4.809016942977905	753	6.060012020897869	0	4
4.812002897262573	757	5.9523055352145455	0	4
4.815002918243408	761	5.847879704699297	0	2
4.8180015087127686	763	5.747101993390078	0	11
4.821035861968994	774	5.648597582079864	0	5
4.82400107383728	779	5.555546136565931	0	12
4.827048063278198	791	5.463068995878899	0	17
4.830000162124634	808	5.3763616180727	0	20
4.833004474639893	828	5.29090154514916	0	25
4.836003303527832	853	7.936317278309161	1	27
4.839003324508667	880	7.751754830172359	0	8
4.8420023918151855	888	7.575636179078383	0	23
4.845003604888916	911	7.407224787856847	0	2
4.848000764846802	913	7.246351172047767	0	5
4.851003170013428	918	7.092053046199838	0	3
4.854001760482788	921	6.9443728828151645	0	6
4.857003927230835	927	6.802552150741675	0	-464
4.860001802444458	463	10.41700774885754	1	466
4.8630030155181885	929	10.41677490817064	1	-1
4.866003513336182	928	10.101061088446514	0	-4
4.869000196456909	924	9.80428842247483	0	7
4.872004747390747	931	9.523742918450063	0	1
4.87500262260437	932	9.259378470083602	0	0
4.878000259399414	932	9.009313674949308	0	-5
4.8810038566589355	927	8.77194185924919	0	-1
4.884000301361084	926	8.547279700357436	0	5
4.887000560760498	931	8.333573083357507	0	-2
4.8900017738342285	929	8.130229312450329	0	-1
4.893000841140747	928	7.936707734985402	0	-4
4.896001815795898	924	7.752070026023184	0	-4
4.899002313613892	920	7.575855111886583	0	-7
4.902000665664673	913	7.407591082570817	0	2
4.905001401901245	915	7.246513926154495	0	-13
4.9080212116241455	902	7.091333611736203	0	-7
4.911001682281494	895	6.944556848850109	0	-5
4.914020299911499	890	6.801967465145282	0	-18
4.91703462600708	872	6.665306368926731	0	-14
4.9200029373168945	858	6.535993667059359	0	-18
4.92300271987915	840	6.410309549354583	0	-18
4.926001787185669	822	6.289396222737054	0	-15
4.929002285003662	807	6.17290535270137	0	-14
4.93200421333313	793	6.060598704449463	0	-13
4.935022592544556	780	5.951722738502188	0	-4
4.938000202178955	776	5.848083545962828	0	-4
4.941003084182739	772	5.747157117312159	0	-7
4.944005012512207	765	5.64968561253024	0	-3
4.947003602981567	762	5.555568212373157	0	-2
4.9500041007995605	760	5.464478254412044	0	-1
4.953020095825195	759	5.375879252712097	0	9
4.956001043319702	768	5.291088429452852	0	-9
4.959000825881958	759	5.2084197925475575	0	-1
4.962002754211426	758	5.128238234272831	0	2
4.9650022983551025	760	5.050548788931502	0	-4
4.968001365661621	756	4.9751899070511145	0	5
4.971000671386719	761	4.902041083466569	0	-1
4.97400426864624	760	4.830911909626801	0	-4
4.9770002365112305	756	4.761990399505897	0	2
4.98000168800354	758	4.694886929034439	0	5
4.983004808425903	763	4.629612582273423	0	-3
4.986004114151001	760	4.56620793791975	0	4
4.989001512527466	764	4.504555242314405	0	-4
4.992004632949829	760	4.444432199770907	0	3
4.995002269744873	763	4.38599844817598	0	3
4.998000144958496	766	4.32907681954611	0	0
