0.005
3.7670135498046875e-05	622	0.0	0	-114
0.21875667572021484	508	0.0	0	2
0.21932387351989746	510	0.0	0	-2
0.21981573104858398	508	0.0	0	0
0.220306396484375	508	0.0	0	-1
0.22080183029174805	507	0.0	0	1
0.22130107879638672	508	0.0	0	-1
0.22180509567260742	507	0.0	0	-1
0.22231221199035645	506	0.0	0	1
0.22282648086547852	507	0.0	0	-2
0.2233419418334961	505	0.0	0	1
0.2238633632659912	506	0.0	0	-1
0.22438764572143555	505	0.0	0	-1
0.2249159812927246	504	0.0	0	0
0.2254786491394043	504	0.0	0	0
0.22601604461669922	504	0.0	0	-1
0.22655558586120605	503	0.0	0	0
0.2270984649658203	503	0.0	0	-1
0.22769975662231445	502	0.0	0	0
0.22825407981872559	502	0.0	0	-1
0.22881126403808594	501	0.0	0	1
0.22937321662902832	502	0.0	0	-2
0.22993779182434082	500	0.0	0	-1
0.23050999641418457	499	0.0	0	0
0.23108148574829102	499	0.0	0	0
0.2316603660583496	499	0.0	0	0
0.2322406768798828	499	0.0	0	-1
0.23282742500305176	498	0.0	0	-1
0.23341584205627441	497	0.0	0	0
0.2340073585510254	497	0.0	0	-1
0.2346038818359375	496	0.0	0	0
0.23520541191101074	496	0.0	0	-1
0.23581171035766602	495	0.0	0	0
0.2364201545715332	495	0.0	0	-1
0.23703217506408691	494	0.0	0	-1
0.23766589164733887	493	0.0	0	-1
0.23829174041748047	492	0.0	0	-1
0.23891973495483398	491	0.0	0	-1
0.2395484447479248	490	0.0	0	1
0.24018335342407227	491	0.0	0	-1
0.24082183837890625	490	0.0	0	-1
0.24146366119384766	489	0.0	0	-1
0.24211502075195312	488	0.0	0	-1
0.2427682876586914	487	0.0	0	0
0.24342083930969238	487	0.0	0	-1
0.24407553672790527	486	0.0	0	0
0.24473953247070312	486	0.0	0	1
0.24540233612060547	487	0.0	0	-2
0.24606919288635254	485	0.0	0	0
0.24674129486083984	485	0.0	0	-2
0.2500016689300537	483	0.0	0	-6
0.2550079822540283	477	0.0	0	-4
0.26000356674194336	473	0.0	0	-5
0.2650105953216553	468	0.0	0	-5
0.2700018882751465	463	0.0	0	-5
0.27500414848327637	458	0.0	0	-5
0.28000712394714355	453	0.0	0	-5
0.2850058078765869	448	0.0	0	-6
0.2900078296661377	442	0.0	0	-4
0.2950105667114258	438	0.0	0	-6
0.30001115798950195	432	0.0	0	-5
0.3050053119659424	427	0.0	0	-7
0.31000781059265137	420	0.0	0	-7
0.31500983238220215	413	0.0	0	-8
0.3200087547302246	405	0.0	0	-8
0.32500791549682617	397	0.0	0	-10
0.33001065254211426	387	0.0	0	-11
0.3350033760070801	376	0.0	0	-11
0.34000062942504883	365	0.0	0	-12
0.34500670433044434	353	0.0	0	-12
0.3500058650970459	341	0.0	0	-11
0.35500335693359375	330	0.0	0	-11
0.36000847816467285	319	0.0	0	-11
0.3650057315826416	308	0.0	0	-9
0.37000322341918945	299	0.0	0	-8
0.37500977516174316	291	0.0	0	-7
0.38000059127807617	284	0.0	0	-7
0.38500428199768066	277	0.0	0	-6
0.39000678062438965	271	0.0	0	-5
0.395005464553833	266	0.0	0	-3
0.4000098705291748	263	0.0	0	-3
0.4050018787384033	260	0.0	0	-3
0.41001105308532715	257	0.0	0	-2
0.4150047302246094	255	0.0	0	-1
0.42000865936279297	254	0.0	0	0
0.4250025749206543	254	0.0	0	-1
0.4300055503845215	253	0.0	0	-1
0.43500685691833496	252	0.0	0	-1
0.4400005340576172	251	0.0	0	1
0.4450051784515381	252	0.0	0	-1
0.45000147819519043	251	0.0	0	-1
0.4550034999847412	250	0.0	0	0
0.4600095748901367	250	0.0	0	0
0.46500086784362793	250	0.0	0	0
0.4700033664703369	250	0.0	0	0
0.475003719329834	250	0.0	0	-1
0.4800093173980713	249	0.0	0	1
0.48501157760620117	250	0.0	0	1
0.4900064468383789	251	0.0	0	0
0.4950063228607178	251	0.0	0	1
0.5000090599060059	252	0.0	0	277
0.6919071674346924	529	0.0	1	-2
0.692918062210083	527	0.0	0	-2
0.6938533782958984	525	0.0	0	-2
0.6947901248931885	523	0.0	0	-1
0.6957290172576904	522	0.0	0	-3
0.6966955661773682	519	0.0	0	-1
0.6976795196533203	518	0.0	0	-2
0.6986291408538818	516	0.0	0	-1
0.699582576751709	515	0.0	0	-3
0.7005422115325928	512	0.0	0	0
0.701505184173584	512	0.0	0	-4
0.7024719715118408	508	0.0	0	0
0.7034389972686768	508	0.0	0	-2
0.7044100761413574	506	0.0	0	-4
0.7053864002227783	502	0.0	0	-1
0.7063660621643066	501	0.0	0	-2
0.7073535919189453	499	0.0	0	-2
0.7083663940429688	497	0.0	0	-2
0.7093594074249268	495	0.0	0	-4
0.7103545665740967	491	0.0	0	0
0.7113556861877441	491	0.0	0	-1
0.712360143661499	490	0.0	0	-3
0.713369607925415	487	0.0	0	-3
0.7143800258636475	484	0.0	0	-3
0.7153971195220947	481	0.0	0	-3
0.7164192199707031	478	0.0	0	-2
0.7174592018127441	476	0.0	0	-2
0.7184896469116211	474	0.0	0	-4
0.7195255756378174	470	0.0	0	-1
0.7205619812011719	469	0.0	0	-4
0.7216036319732666	465	0.0	0	-4
0.7226512432098389	461	0.0	0	-2
0.7237014770507812	459	0.0	0	-4
0.7247564792633057	455	0.0	0	-5
0.7258138656616211	450	0.0	0	-3
0.7268779277801514	447	0.0	0	-6
0.7279553413391113	441	0.0	0	-5
0.7290329933166504	436	0.0	0	-5
0.7301080226898193	431	0.0	0	-6
0.7311851978302002	425	0.0	0	-6
0.7322745323181152	419	0.0	0	-7
0.7333643436431885	412	0.0	0	-7
0.7344563007354736	405	0.0	0	-7
0.7355520725250244	398	0.0	0	-7
0.7366514205932617	391	0.0	0	-7
0.7377655506134033	384	0.0	0	-8
0.7388761043548584	376	0.0	0	-7
0.7400009632110596	369	0.0	0	-31
0.7450032234191895	338	0.0	0	-26
0.750006914138794	312	0.0	0	-19
0.7550044059753418	293	0.0	0	-14
0.7600085735321045	279	0.0	0	-8
0.7650039196014404	271	0.0	0	-5
0.770003080368042	266	0.0	0	-3
0.7750117778778076	263	0.0	0	-1
0.780005693435669	262	0.0	0	1
0.7850112915039062	263	0.0	0	0
0.7900004386901855	263	0.0	0	1
0.7950053215026855	264	0.0	0	0
0.800011396408081	264	0.0	0	0
0.8050072193145752	264	0.0	0	2
0.8100106716156006	266	0.0	0	1
0.8150050640106201	267	0.0	0	0
0.8200082778930664	267	0.0	0	1
0.8250014781951904	268	0.0	0	1
0.8300025463104248	269	0.0	0	3
0.8350033760070801	272	0.0	0	2
0.8400003910064697	274	0.0	0	3
0.8450076580047607	277	0.0	0	5
0.8500125408172607	282	0.0	0	8
0.8550117015838623	290	0.0	0	16
0.8600008487701416	306	0.0	0	25
0.8650012016296387	331	0.0	0	35
0.8700072765350342	366	0.0	0	42
0.8750073909759521	408	0.0	0	43
0.880007266998291	451	0.0	0	36
0.8850035667419434	487	0.0	0	30
0.8900046348571777	517	0.0	0	24
0.8950071334838867	541	0.0	0	19
0.9000041484832764	560	0.0	0	14
0.9050076007843018	574	0.0	0	7
0.9100086688995361	581	0.0	0	5
0.9150114059448242	586	0.0	0	2
0.9200088977813721	588	0.0	0	-4
0.9250006675720215	584	0.0	0	-8
0.9300117492675781	576	0.0	0	-12
0.9350054264068604	564	0.0	0	-19
0.940004825592041	545	0.0	0	-23
0.9450030326843262	522	0.0	0	-24
0.9500112533569336	498	0.0	0	-23
0.9550087451934814	475	0.0	0	-24
0.960010290145874	451	0.0	0	-30
0.9650084972381592	421	0.0	0	-36
0.9700117111206055	385	0.0	0	-40
0.9750001430511475	345	0.0	0	-32
0.9800055027008057	313	0.0	0	-23
0.9850094318389893	290	0.0	0	-15
0.9900116920471191	275	0.0	0	-9
0.9950075149536133	266	0.0	0	-6
1.0000052452087402	260	0.0	0	7
1.1890788078308105	267	0.0	0	0
1.1900596618652344	267	0.0	0	2
1.1909499168395996	269	0.0	0	-3
1.1918413639068604	266	0.0	0	1
1.192737102508545	267	0.0	0	-1
1.193636417388916	266	0.0	0	1
1.194540023803711	267	0.0	0	1
1.1954519748687744	268	0.0	0	-1
1.1963889598846436	267	0.0	0	0
1.1973023414611816	267	0.0	0	0
1.1982603073120117	267	0.0	0	0
1.199183702468872	267	0.0	0	1
1.2001080513000488	268	0.0	0	-1
1.2010385990142822	267	0.0	0	1
1.2019703388214111	268	0.0	0	0
1.2029087543487549	268	0.0	0	0
1.203852891921997	268	0.0	0	-1
1.2047967910766602	267	0.0	0	1
1.2057604789733887	268	0.0	0	0
1.2067146301269531	268	0.0	0	0
1.207686185836792	268	0.0	0	0
1.208651065826416	268	0.0	0	0
1.2096185684204102	268	0.0	0	1
1.2105908393859863	269	0.0	0	0
1.2115731239318848	269	0.0	0	0
1.2125506401062012	269	0.0	0	1
1.2135319709777832	270	0.0	0	0
1.214517593383789	270	0.0	0	1
1.2155070304870605	271	0.0	0	1
1.2164981365203857	272	0.0	0	0
1.2175097465515137	272	0.0	0	1
1.2185137271881104	273	0.0	0	1
1.2195203304290771	274	0.0	0	0
1.220531940460205	274	0.0	0	1
1.2215518951416016	275	0.0	0	1
1.2225706577301025	276	0.0	0	1
1.2235894203186035	277	0.0	0	0
1.2246286869049072	277	0.0	0	2
1.2256617546081543	279	0.0	0	1
1.2266955375671387	280	0.0	0	2
1.2277967929840088	282	0.0	0	1
1.2288413047790527	283	0.0	0	2
1.2298877239227295	285	0.0	0	4
1.2309389114379883	289	0.0	0	2
1.2319958209991455	291	0.0	0	4
1.2330565452575684	295	0.0	0	8
1.2350120544433594	303	0.0	0	34
1.2400076389312744	337	0.0	0	47
1.2450072765350342	384	0.0	0	49
1.2500035762786865	433	0.0	0	45
1.255009651184082	478	0.0	0	32
1.2600011825561523	510	0.0	0	26
1.2650115489959717	536	0.0	0	18
1.2700068950653076	554	0.0	0	8
1.2750086784362793	562	0.0	0	5
1.28001070022583	567	0.0	0	-3
1.285001516342163	564	0.0	0	-11
1.2900042533874512	553	0.0	0	-21
1.2950050830841064	532	0.0	1	-26
1.3000004291534424	506	0.0	0	-29
1.3050050735473633	477	0.0	0	-30
1.3100049495697021	447	0.0	0	-40
1.3150100708007812	407	0.0	0	-50
1.3200111389160156	357	0.0	0	-40
1.3250093460083008	317	0.0	0	-29
1.330000400543213	288	0.0	0	-14
1.3350017070770264	274	0.0	0	-9
1.3400039672851562	265	0.0	0	-5
1.3450052738189697	260	0.0	0	-4
1.350003719329834	256	0.0	0	0
1.355001449584961	256	0.0	0	0
1.3600108623504639	256	0.0	0	0
1.3650109767913818	256	0.0	0	3
1.3700056076049805	259	0.0	0	2
1.3750061988830566	261	0.0	0	5
1.3800041675567627	266	0.0	0	5
1.3850090503692627	271	0.0	0	10
1.3900079727172852	281	0.0	0	25
1.3950026035308838	306	0.2500061990367651	1	43
1.400008201599121	349	0.5000123980735302	0	58
1.4050099849700928	407	0.7500185971102952	0	48
1.4100067615509033	455	1.0000247961470603	0	40
1.4150021076202393	495	1.2500309951838253	0	21
1.4200060367584229	516	1.5000371942205906	0	8
1.4250106811523438	524	1.7500433932573558	0	-1
1.4300031661987305	523	2.000049592294121	0	-5
1.435004472732544	518	2.250055791330886	0	-15
1.440006971359253	503	2.500061990367651	0	-5
1.4450061321258545	498	2.500061990367651	0	-13
1.450007438659668	485	2.500061990367651	0	-20
1.4550044536590576	465	2.500061990367651	0	-33
1.460007905960083	432	2.553080910104655	1	-50
1.4650096893310547	382	2.6060998298416598	0	-52
1.4700119495391846	330	2.6591187495786635	0	-32
1.4750020503997803	298	2.7121376693156676	0	-17
1.4800031185150146	281	2.7651565890526717	0	-8
1.4850046634674072	273	2.818175508789676	0	-3
1.4900093078613281	270	2.87119442852668	0	-1
1.4950101375579834	269	2.9242133482636836	0	-1
1.5000090599060059	268	2.9772322680006877	0	53
1.688297986984253	321	3.0302511877376914	1	8
1.6889221668243408	329	3.0302511877376914	0	5
1.6894540786743164	334	3.0302511877376914	0	4
1.6899845600128174	338	3.0302511877376914	0	6
1.6905179023742676	344	3.0302511877376914	0	7
1.6910560131072998	351	3.0302511877376914	0	1
1.6915953159332275	352	3.0302511877376914	0	11
1.6921422481536865	363	3.0302511877376914	0	4
1.6926920413970947	367	3.0302511877376914	0	6
1.693244218826294	373	3.0302511877376914	0	11
1.693800926208496	384	3.0302511877376914	0	7
1.6943635940551758	391	3.0302511877376914	0	-1
1.6949529647827148	390	3.0302511877376914	0	9
1.6955265998840332	399	3.0302511877376914	0	8
1.696101188659668	407	3.0302511877376914	0	7
1.6966798305511475	414	3.0302511877376914	0	7
1.6972620487213135	421	3.0302511877376914	0	4
1.6978917121887207	425	3.0302511877376914	0	9
1.6984837055206299	434	3.0302511877376914	0	6
1.699079990386963	440	3.0302511877376914	0	7
1.6996779441833496	447	3.0302511877376914	0	5
1.7002778053283691	452	3.0302511877376914	0	6
1.7008874416351318	458	3.0302511877376914	0	4
1.7014985084533691	462	3.0302511877376914	0	6
1.702113389968872	468	3.0302511877376914	0	5
1.7027332782745361	473	3.0302511877376914	0	5
1.7033565044403076	478	3.0302511877376914	0	5
1.7039828300476074	483	3.0302511877376914	0	4
1.7046175003051758	487	3.0302511877376914	0	5
1.705251932144165	492	3.0302511877376914	0	3
1.7058911323547363	495	3.0302511877376914	0	3
1.7065329551696777	498	3.0302511877376914	0	3
1.7071802616119385	501	3.0302511877376914	0	3
1.7078540325164795	504	3.0302511877376914	0	3
1.708510160446167	507	3.0302511877376914	0	3
1.7091686725616455	510	3.0302511877376914	0	2
1.7098290920257568	512	3.0302511877376914	0	2
1.7105011940002441	514	3.0302511877376914	0	1
1.7111752033233643	515	3.0302511877376914	0	4
1.71185302734375	519	3.0302511877376914	0	0
1.7125377655029297	519	3.0302511877376914	0	3
1.7132236957550049	522	3.0302511877376914	0	1
1.715008020401001	523	3.0302511877376914	0	2
1.720005750656128	525	3.0302511877376914	0	-6
1.7250032424926758	519	3.0302511877376914	0	-8
1.7300117015838623	511	3.0302511877376914	0	-12
1.7350101470947266	499	3.0302511877376914	0	-13
1.7400054931640625	486	3.0302511877376914	0	-18
1.745004415512085	468	3.0302511877376914	0	-32
1.7500076293945312	436	3.1323491424989585	1	-51
1.755002737045288	385	3.234447097260226	0	-51
1.7600057125091553	334	3.3365450520214934	0	-34
1.7650105953216553	300	3.438643006782761	0	-18
1.7700061798095703	282	3.540740961544029	0	-9
1.7750070095062256	273	3.6428389163052963	0	-4
1.7800021171569824	269	3.744936871066564	0	0
1.7850050926208496	269	3.8470348258278313	0	-1
1.7900104522705078	268	3.949132780589099	0	0
1.7950127124786377	268	4.051230735350367	0	0
1.8000032901763916	268	4.051230735350367	0	2
1.8050038814544678	270	4.051230735350367	0	3
1.8100082874298096	273	4.051230735350367	0	3
1.8150105476379395	276	4.051230735350367	0	7
1.820007562637329	283	4.051230735350367	0	17
1.8250048160552979	300	4.051230735350367	0	33
1.8300058841705322	333	4.051230735350367	1	49
1.8350024223327637	382	4.051230735350367	0	51
1.84000825881958	433	4.051230735350367	0	43
1.8450121879577637	476	4.051230735350367	0	36
1.8500044345855713	512	4.051230735350367	0	24
1.8550031185150146	536	4.051230735350367	0	15
1.8600115776062012	551	4.051230735350367	0	9
1.865002155303955	560	4.051230735350367	0	0
1.8700101375579834	560	4.051230735350367	0	-8
1.875009536743164	552	4.051230735350367	0	-19
1.8800125122070312	533	4.051230735350367	0	-23
1.8850014209747314	510	4.051230735350367	1	-30
1.8900063037872314	480	4.051230735350367	0	-31
1.8950104713439941	449	4.051230735350367	0	-40
1.9000122547149658	409	4.027392311902477	0	-50
1.9050114154815674	359	4.003553888454588	0	-43
1.9100100994110107	316	3.9797154650067	0	-28
1.9150090217590332	288	3.9558770415588116	0	-14
1.920006513595581	274	3.932038618110923	0	-9
1.9250121116638184	265	3.908200194663034	0	-5
1.9300100803375244	260	3.8843617712151457	0	-2
1.9350109100341797	258	3.860523347767257	0	-2
1.9400124549865723	256	3.8366849243193677	0	0
1.9450111389160156	256	3.812846500871479	0	1
1.950011968612671	257	3.812846500871479	0	2
1.9550106525421143	259	3.812846500871479	0	3
1.9600121974945068	262	3.812846500871479	0	5
1.9650120735168457	267	3.812846500871479	0	6
1.9700117111206055	273	3.812846500871479	0	13
1.9750041961669922	286	3.812846500871479	0	28
1.9800069332122803	314	3.812846500871479	1	46
1.9850001335144043	360	3.812846500871479	0	57
1.9900109767913818	417	3.812846500871479	0	50
1.9950010776519775	467	3.812846500871479	0	34
2.00000262260437	501	3.774369300789072	0	-5
2.185401678085327	496	3.735892100706664	0	0
2.1859822273254395	496	3.697414900624257	0	-4
2.1864917278289795	492	3.6589377005418493	0	-2
2.187002182006836	490	3.620460500459442	0	-4
2.187565803527832	486	3.581983300377034	0	-3
2.1880855560302734	483	3.543506100294627	0	-2
2.1886093616485596	481	3.5050289002122192	0	-4
2.189136505126953	477	3.466551700129812	0	-3
2.1896674633026123	474	3.428074500047404	0	-2
2.190200090408325	472	3.428074500047404	0	-4
2.19073748588562	468	3.428074500047404	0	-3
2.1912786960601807	465	3.428074500047404	0	-4
2.1918246746063232	461	3.428074500047404	0	-2
2.1923749446868896	459	3.428074500047404	0	-4
2.192953109741211	455	3.428074500047404	0	-4
2.1935110092163086	451	3.428074500047404	0	-4
2.1940741539001465	447	3.428074500047404	0	-4
2.19463849067688	443	3.428074500047404	0	-4
2.195206880569458	439	3.428074500047404	0	-3
2.1957828998565674	436	3.428074500047404	0	-6
2.196362018585205	430	3.428074500047404	0	-4
2.1969447135925293	426	3.428074500047404	0	-5
2.1975717544555664	421	3.428074500047404	0	-6
2.198164224624634	415	3.428074500047404	0	-6
2.198758125305176	409	3.428074500047404	0	-5
2.199357748031616	404	3.428074500047404	0	-6
2.199963092803955	398	3.428074500047404	0	-6
2.200571298599243	392	3.428074500047404	0	-6
2.2011849880218506	386	3.428074500047404	0	-6
2.2018022537231445	380	3.428074500047404	0	-7
2.202420949935913	373	3.428074500047404	0	-5
2.203045606613159	368	3.428074500047404	0	-7
2.203674793243408	361	3.428074500047404	0	-6
2.204308032989502	355	3.428074500047404	0	-6
2.2049448490142822	349	3.428074500047404	0	-6
2.205585241317749	343	3.428074500047404	0	-5
2.2062292098999023	338	3.428074500047404	0	-5
2.2068839073181152	333	3.428074500047404	0	-6
2.2075507640838623	327	3.428074500047404	0	-5
2.208207845687866	322	3.428074500047404	0	-5
2.2088699340820312	317	3.428074500047404	0	-7
2.210012435913086	310	3.428074500047404	0	-24
2.2150065898895264	286	3.428074500047404	1	-14
2.220003366470337	272	3.428074500047404	0	-8
2.2250008583068848	264	3.428074500047404	0	-5
2.230008840560913	259	3.428074500047404	0	-2
2.235003709793091	257	3.428074500047404	0	-2
2.2400121688842773	255	3.428074500047404	0	1
2.245006561279297	256	3.428074500047404	0	1
2.2500011920928955	257	3.428074500047404	0	2
2.2550101280212402	259	3.428074500047404	0	2
2.2600057125091553	261	3.428074500047404	0	5
2.2650089263916016	266	3.428074500047404	0	6
2.270009994506836	272	3.428074500047404	0	10
2.2750027179718018	282	3.428074500047404	0	22
2.2800097465515137	304	3.469863757091809	1	41
2.285005569458008	345	3.5116530141362134	0	55
2.2900025844573975	400	3.553442271180617	0	53
2.295008420944214	453	3.595231528225022	0	39
2.3000009059906006	492	3.6370207852694265	0	24
2.3050124645233154	516	3.67881004231383	0	11
2.3100061416625977	527	3.720599299358235	0	1
2.3150060176849365	528	3.7623885564026387	0	-5
2.320007801055908	523	3.804177813447043	0	-8
2.3250114917755127	515	3.845967070491448	0	-9
2.330007791519165	506	3.845967070491448	0	-13
2.335012674331665	493	3.845967070491448	0	-15
2.340001106262207	478	3.845967070491448	0	-23
2.3450050354003906	455	3.845967070491448	1	-38
2.3500072956085205	417	3.845967070491448	0	-51
2.355004072189331	366	3.845967070491448	0	-45
2.3600032329559326	321	3.845967070491448	0	-28
2.3650095462799072	293	3.845967070491448	0	-15
2.3700051307678223	278	3.845967070491448	0	-7
2.3750016689300537	271	3.845967070491448	0	-2
2.3800103664398193	269	3.845967070491448	0	-1
2.3850045204162598	268	3.845967070491448	0	0
2.390001058578491	268	3.845967070491448	0	0
2.395003080368042	268	3.845967070491448	0	0
2.4000039100646973	268	3.8459903471929655	0	1
2.4050047397613525	269	3.8460136238944833	0	3
2.410001516342163	272	3.846036900596001	0	4
2.415011167526245	276	3.846060177297519	0	4
2.4200010299682617	280	3.8460834539990367	0	10
2.4250051975250244	290	3.846106730700554	0	25
2.430006265640259	315	3.846130007402072	1	40
2.4350085258483887	355	3.8461532841035897	0	50
2.4400038719177246	405	3.8461765608051075	0	49
2.445004463195801	454	3.8461998375066253	0	38
2.4500060081481934	492	3.8461998375066253	0	30
2.4550111293792725	522	3.8461998375066253	0	22
2.460010051727295	544	3.8461998375066253	0	13
2.4650025367736816	557	3.8461998375066253	0	8
2.470000743865967	565	3.8461998375066253	0	-2
2.475010395050049	563	3.8461998375066253	0	-7
2.48000168800354	556	3.8461998375066253	0	-18
2.4850049018859863	538	3.8461998375066253	0	-26
2.4900078773498535	512	3.8461998375066253	1	-27
2.4950063228607178	485	3.8461998375066253	0	-29
2.5000076293945312	456	3.8252145149734176	0	-184
2.6861302852630615	272	3.80422919244021	0	0
2.6867082118988037	272	3.7832438699070026	0	0
2.6872150897979736	272	3.762258547373795	0	-1
2.6877684593200684	271	3.7412732248405876	0	0
2.6882762908935547	271	3.72028790230738	0	-1
2.688789129257202	270	3.699302579774172	0	-1
2.6893060207366943	269	3.678317257240965	0	0
2.6898274421691895	269	3.657331934707757	0	0
2.690352201461792	269	3.63634661217455	0	0
2.690882444381714	269	3.63634661217455	0	-1
2.691441297531128	268	3.63634661217455	0	2
2.6919820308685303	270	3.63634661217455	0	-1
2.6925251483917236	269	3.63634661217455	0	-1
2.6930718421936035	268	3.63634661217455	0	0
2.6936228275299072	268	3.63634661217455	0	0
2.694178819656372	268	3.63634661217455	0	-1
2.6947381496429443	267	3.63634661217455	0	1
2.6953015327453613	268	3.63634661217455	0	0
2.6958696842193604	268	3.63634661217455	0	0
2.6964406967163086	268	3.63634661217455	0	-1
2.697016477584839	267	3.63634661217455	0	0
2.6976354122161865	267	3.63634661217455	0	1
2.698223114013672	268	3.63634661217455	0	-1
2.698812484741211	267	3.63634661217455	0	0
2.6994051933288574	267	3.63634661217455	0	1
2.7000010013580322	268	3.63634661217455	0	0
2.7006051540374756	268	3.63634661217455	0	-1
2.701211452484131	267	3.63634661217455	0	0
2.70182204246521	267	3.63634661217455	0	1
2.7024364471435547	268	3.63634661217455	0	0
2.703054428100586	268	3.63634661217455	0	0
2.703676700592041	268	3.63634661217455	0	-1
2.704301595687866	267	3.63634661217455	0	0
2.7049310207366943	267	3.63634661217455	0	0
2.705563545227051	267	3.63634661217455	0	1
2.70620059967041	268	3.63634661217455	0	-1
2.7068424224853516	267	3.63634661217455	0	0
2.7075045108795166	267	3.63634661217455	0	0
2.7081544399261475	267	3.63634661217455	0	1
2.708808660507202	268	3.63634661217455	0	-1
2.7094671726226807	267	3.63634661217455	0	1
2.710129737854004	268	3.63634661217455	0	0
2.715007781982422	268	3.63634661217455	0	1
2.720003604888916	269	3.63634661217455	0	2
2.725008487701416	271	3.63634661217455	0	4
2.7300102710723877	275	3.63634661217455	0	5
2.735011100769043	280	3.63634661217455	0	10
2.740007162094116	290	3.63634661217455	0	21
2.745007276535034	311	3.63634661217455	1	37
2.7500100135803223	348	3.63634661217455	0	48
2.7550034523010254	396	3.63634661217455	0	49
2.760006904602051	445	3.63634661217455	0	40
2.765012502670288	485	3.63634661217455	0	32
2.7700083255767822	517	3.63634661217455	0	24
2.7750051021575928	541	3.63634661217455	0	15
2.7800068855285645	556	3.63634661217455	0	9
2.7850112915039062	565	3.63634661217455	0	2
2.7900025844573975	567	3.63634661217455	0	-4
2.7950053215026855	563	3.63634661217455	0	-12
2.800001621246338	551	3.63634661217455	0	-22
2.8050034046173096	529	3.689405507676561	1	-26
2.810002565383911	503	3.7424644031785723	0	-27
2.815002202987671	476	3.795523298680584	0	-29
2.8200037479400635	447	3.8485821941825953	0	-38
2.825007915496826	409	3.901641089684607	0	-46
2.8300094604492188	363	3.9546999851866182	0	-41
2.8350071907043457	322	4.0077588806886295	0	-30
2.8400094509124756	292	4.060817776190641	0	-16
2.8450047969818115	276	4.113876671692653	0	-9
2.850003957748413	267	4.166935567194664	0	-6
2.8550095558166504	261	4.166935567194664	0	-4
2.8600120544433594	257	4.166935567194664	0	-2
2.865009069442749	255	4.166935567194664	0	-1
2.8700060844421387	254	4.166935567194664	0	0
2.875004529953003	254	4.166935567194664	0	3
2.8800065517425537	257	4.166935567194664	0	1
2.8850107192993164	258	4.166935567194664	0	2
2.890005350112915	260	4.166935567194664	0	5
2.8950107097625732	265	4.166935567194664	0	6
2.9000096321105957	271	4.166935567194664	0	8
2.9050114154815674	279	4.166935567194664	0	18
2.910001277923584	297	4.166935567194664	0	30
2.915008544921875	327	4.166935567194664	1	51
2.9200026988983154	378	4.166935567194664	0	55
2.9250097274780273	433	4.166935567194664	0	46
2.9300119876861572	479	4.166935567194664	0	30
2.935004711151123	509	4.166935567194664	0	17
2.940002918243408	526	4.166935567194664	0	8
2.9450085163116455	534	4.166935567194664	0	-2
2.950007438659668	532	4.166935567194664	0	-7
2.955010414123535	525	4.166935567194664	0	-7
2.9600112438201904	518	4.166935567194664	0	-10
2.9650115966796875	508	4.166935567194664	0	-12
2.9700045585632324	496	4.166935567194664	0	-16
2.9750077724456787	480	4.166935567194664	0	-19
2.9800045490264893	461	4.166935567194664	0	-32
2.985011577606201	429	4.166935567194664	1	-47
2.9900104999542236	382	4.166935567194664	0	-46
2.995011568069458	336	4.166935567194664	0	-34
3.000005006790161	302	4.062736410222479	0	-43
3.185378313064575	259	3.958537253250293	0	0
3.1859567165374756	259	3.854338096278107	0	-1
3.186467409133911	258	3.7501389393059212	0	0
3.186978578567505	258	3.6459397823337363	0	0
3.187546968460083	258	3.5417406253615504	0	-1
3.1880667209625244	257	3.437541468389365	0	0
3.1885902881622314	257	3.333342311417179	0	0
3.1891167163848877	257	3.2291431544449942	0	0
3.1896464824676514	257	3.1249439974728084	0	-1
3.1901798248291016	256	3.1249439974728084	0	0
3.1907191276550293	256	3.1249439974728084	0	0
3.1912624835968018	256	3.1249439974728084	0	-1
3.1918115615844727	255	3.1249439974728084	0	1
3.1923828125	256	3.1249439974728084	0	-1
3.192939519882202	255	3.1249439974728084	0	0
3.193495512008667	255	3.1249439974728084	0	0
3.194054365158081	255	3.1249439974728084	0	0
3.194619655609131	255	3.1249439974728084	0	0
3.19518780708313	255	3.1249439974728084	0	0
3.19576096534729	255	3.1249439974728084	0	-1
3.196336030960083	254	3.1249439974728084	0	0
3.1969168186187744	254	3.1249439974728084	0	0
3.197528123855591	254	3.1249439974728084	0	0
3.1981213092803955	254	3.1249439974728084	0	0
3.1987130641937256	254	3.1249439974728084	0	0
3.1993086338043213	254	3.1249439974728084	0	0
3.1999101638793945	254	3.1249439974728084	0	0
3.200514316558838	254	3.1249439974728084	0	0
3.201122522354126	254	3.1249439974728084	0	0
3.2017345428466797	254	3.1249439974728084	0	0
3.2023532390594482	254	3.1249439974728084	0	0
3.202974796295166	254	3.1249439974728084	0	0
3.2035999298095703	254	3.1249439974728084	0	0
3.204230546951294	254	3.1249439974728084	0	0
3.204864025115967	254	3.1249439974728084	0	1
3.2055022716522217	255	3.1249439974728084	0	0
3.206144094467163	255	3.1249439974728084	0	1
3.2067902088165283	256	3.1249439974728084	0	-1
3.2074697017669678	255	3.1249439974728084	0	0
3.2081267833709717	255	3.1249439974728084	0	1
3.208784341812134	256	3.1249439974728084	0	0
3.210005760192871	256	3.1249439974728084	0	2
3.21501088142395	258	3.1249439974728084	0	3
3.2200024127960205	261	3.1249439974728084	0	4
3.2250053882598877	265	3.1249439974728084	0	4
3.230006694793701	269	3.1249439974728084	0	7
3.235006332397461	276	3.1249439974728084	0	14
3.240003824234009	290	3.1249439974728084	0	28
3.245002031326294	318	3.1249439974728084	1	44
3.2500040531158447	362	3.1249439974728084	0	54
3.2550127506256104	416	3.1249439974728084	0	50
3.260006904602051	466	3.1249439974728084	0	37
3.2650046348571777	503	3.1249439974728084	0	20
3.2700109481811523	523	3.1249439974728084	0	10
3.275005340576172	533	3.1249439974728084	0	3
3.280010223388672	536	3.1249439974728084	0	-5
3.2850019931793213	531	3.1249439974728084	0	-8
3.290008068084717	523	3.1249439974728084	0	-10
3.2950072288513184	513	3.1249439974728084	0	-12
3.3000011444091797	501	3.1249439974728084	0	-13
3.3050122261047363	488	3.1249439974728084	0	-17
3.310009479522705	471	3.1249439974728084	0	-24
3.315007209777832	447	3.1695660361516724	1	-39
3.3200111389160156	408	3.214188074830537	0	-49
3.3250043392181396	359	3.2588101135094005	0	-40
3.33000111579895	319	3.303432152188266	0	-27
3.33500599861145	292	3.34805419086713	0	-15
3.340005397796631	277	3.3926762295459936	0	-7
3.3450043201446533	270	3.4372982682248585	0	-3
3.350008726119995	267	3.481920306903723	0	0
3.3550024032592773	267	3.5265423455825866	0	0
3.3600120544433594	267	3.5711643842614516	0	0
3.3650126457214355	267	3.5711643842614516	0	0
3.3700032234191895	267	3.5711643842614516	0	1
3.375002145767212	268	3.5711643842614516	0	1
3.3800079822540283	269	3.5711643842614516	0	2
3.3850040435791016	271	3.5711643842614516	0	4
3.3900034427642822	275	3.5711643842614516	0	5
3.3950021266937256	280	3.5711643842614516	0	10
3.400000810623169	290	3.5711643842614516	0	21
3.4050068855285645	311	3.5711643842614516	1	37
3.410005807876587	348	3.5711643842614516	0	48
3.415003538131714	396	3.5711643842614516	0	47
3.4200127124786377	443	3.5711643842614516	0	41
3.425001382827759	484	3.5711643842614516	0	31
3.4300007820129395	515	3.5711643842614516	0	26
3.435011863708496	541	3.5711643842614516	0	15
3.4400014877319336	556	3.5711643842614516	0	11
3.445009469985962	567	3.5711643842614516	0	2
3.4500012397766113	569	3.5711643842614516	0	-2
3.4550013542175293	567	3.5711643842614516	0	-11
3.4600110054016113	556	3.5711643842614516	0	-18
3.4650113582611084	538	3.5711643842614516	0	-24
3.4700043201446533	514	3.5711643842614516	1	-29
3.4750046730041504	485	3.5711643842614516	0	-28
3.4800009727478027	457	3.5711643842614516	0	-31
3.48500394821167	426	3.5711643842614516	0	-43
3.4900033473968506	383	3.5711643842614516	0	-45
3.495004653930664	338	3.5711643842614516	0	-33
3.500009775161743	305	3.547377888361118	0	-38
3.6854805946350098	267	3.523591392460786	0	0
3.6860756874084473	267	3.499804896560453	0	0
3.6865975856781006	267	3.476018400660121	0	0
3.687120199203491	267	3.4522319047597883	0	-1
3.6877031326293945	266	3.4284454088594556	0	0
3.6882338523864746	266	3.4046589129591234	0	1
3.6887669563293457	267	3.3808724170587907	0	-1
3.689304828643799	266	3.3570859211584585	0	1
3.689847707748413	267	3.333299425258125	0	0
3.6903929710388184	267	3.333299425258125	0	-1
3.6909422874450684	266	3.333299425258125	0	1
3.691497802734375	267	3.333299425258125	0	0
3.6920554637908936	267	3.333299425258125	0	-1
3.6926441192626953	266	3.333299425258125	0	1
3.6932120323181152	267	3.333299425258125	0	0
3.6937832832336426	267	3.333299425258125	0	0
3.69435977935791	267	3.333299425258125	0	0
3.6949381828308105	267	3.333299425258125	0	0
3.6955227851867676	267	3.333299425258125	0	0
3.696110248565674	267	3.333299425258125	0	0
3.6967053413391113	267	3.333299425258125	0	-1
3.6973063945770264	266	3.333299425258125	0	1
3.6979432106018066	267	3.333299425258125	0	0
3.698549747467041	267	3.333299425258125	0	1
3.699162006378174	268	3.333299425258125	0	-1
3.699775457382202	267	3.333299425258125	0	0
3.700390338897705	267	3.333299425258125	0	1
3.701009750366211	268	3.333299425258125	0	-1
3.7016329765319824	267	3.333299425258125	0	1
3.7022619247436523	268	3.333299425258125	0	0
3.702894687652588	268	3.333299425258125	0	-1
3.703531265258789	267	3.333299425258125	0	0
3.704171657562256	267	3.333299425258125	0	1
3.7048161029815674	268	3.333299425258125	0	0
3.7054641246795654	268	3.333299425258125	0	0
3.706117630004883	268	3.333299425258125	0	0
3.7067744731903076	268	3.333299425258125	0	0
3.707451105117798	268	3.333299425258125	0	0
3.7081172466278076	268	3.333299425258125	0	0
3.708787679672241	268	3.333299425258125	0	0
3.709460735321045	268	3.333299425258125	0	0
3.710139274597168	268	3.333299425258125	0	3
3.715012311935425	271	3.333299425258125	0	4
3.7200095653533936	275	3.333299425258125	0	5
3.7250008583068848	280	3.333299425258125	0	9
3.730008125305176	289	3.333299425258125	0	22
3.7350013256073	311	3.333299425258125	1	36
3.740001678466797	347	3.333299425258125	0	49
3.745006561279297	396	3.333299425258125	0	48
3.7500078678131104	444	3.333299425258125	0	41
3.7550113201141357	485	3.333299425258125	0	30
3.760010004043579	515	3.333299425258125	0	24
3.7650063037872314	539	3.333299425258125	0	17
3.770009994506836	556	3.333299425258125	0	8
3.775010108947754	564	3.333299425258125	0	5
3.7800090312957764	569	3.333299425258125	0	-4
3.7850022315979004	565	3.333299425258125	0	-14
3.790003538131714	551	3.333299425258125	0	-21
3.7950069904327393	530	3.416596814047226	1	-26
3.8000009059906006	504	3.4998942028363267	0	-28
3.8050014972686768	476	3.5831915916254276	0	-27
3.810009241104126	449	3.6664889804145284	0	-38
3.8150100708007812	411	3.749786369203629	0	-46
3.820002317428589	365	3.8330837579927297	0	-42
3.825005531311035	323	3.9163811467818306	0	-30
3.8300065994262695	293	3.9996785355709314	0	-18
3.8350086212158203	275	4.082975924360032	0	-9
3.8400015830993652	266	4.166273313149133	0	-5
3.8450114727020264	261	4.166273313149133	0	-4
3.850003480911255	257	4.166273313149133	0	-2
3.8550124168395996	255	4.166273313149133	0	-1
3.8600080013275146	254	4.166273313149133	0	1
3.865009307861328	255	4.166273313149133	0	1
3.870004177093506	256	4.166273313149133	0	2
3.875002861022949	258	4.166273313149133	0	2
3.880006790161133	260	4.166273313149133	0	5
3.88500714302063	265	4.166273313149133	0	4
3.890005111694336	269	4.166273313149133	0	8
3.895008087158203	277	4.166273313149133	0	18
3.90000319480896	295	4.166273313149133	0	33
3.90500545501709	328	4.166273313149133	1	48
3.9100115299224854	376	4.166273313149133	0	54
3.915003538131714	430	4.166273313149133	0	47
3.92000675201416	477	4.166273313149133	0	29
3.9250030517578125	506	4.166273313149133	0	19
3.930011510848999	525	4.166273313149133	0	9
3.9350082874298096	534	4.166273313149133	0	-2
3.940007448196411	532	4.166273313149133	0	-6
3.945002555847168	526	4.166273313149133	0	-10
3.950004816055298	516	4.166273313149133	0	-9
3.9550065994262695	507	4.166273313149133	0	-13
3.960005521774292	494	4.166273313149133	0	-14
3.965003728866577	480	4.166273313149133	0	-20
3.9700045585632324	460	4.166273313149133	0	-31
3.975008964538574	429	4.166273313149133	1	-48
3.9800076484680176	381	4.166273313149133	0	-47
3.9850001335144043	334	4.166273313149133	0	-32
3.9900035858154297	302	4.166273313149133	0	-19
3.9950084686279297	283	4.166273313149133	0	-10
4.000007152557373	273	4.0621360356257	0	-24
4.185253858566284	249	3.957998758102266	0	6
4.18583869934082	255	3.853861480578833	0	0
4.186351299285889	255	3.749724203055399	0	-1
4.18686318397522	254	3.6455869255319655	0	0
4.187434196472168	254	3.541449648008532	0	-2
4.1879563331604	252	3.437312370485098	0	1
4.18848443031311	253	3.333175092961665	0	1
4.189012765884399	254	3.229037815438231	0	1
4.189545154571533	255	3.124900537914798	0	-1
4.190081596374512	254	3.124900537914798	0	0
4.190621852874756	254	3.124900537914798	0	0
4.19116735458374	254	3.124900537914798	0	0
4.191715955734253	254	3.124900537914798	0	0
4.1922688484191895	254	3.124900537914798	0	0
4.192825555801392	254	3.124900537914798	0	0
4.193415403366089	254	3.124900537914798	0	0
4.193982362747192	254	3.124900537914798	0	0
4.194551944732666	254	3.124900537914798	0	1
4.195126056671143	255	3.124900537914798	0	0
4.195706844329834	255	3.124900537914798	0	-1
4.196289777755737	254	3.124900537914798	0	1
4.196876049041748	255	3.124900537914798	0	0
4.197502613067627	255	3.124900537914798	0	1
4.198100805282593	256	3.124900537914798	0	0
4.198705434799194	256	3.124900537914798	0	-1
4.199312925338745	255	3.124900537914798	0	1
4.199920892715454	256	3.124900537914798	0	0
4.2005369663238525	256	3.124900537914798	0	0
4.201158046722412	256	3.124900537914798	0	0
4.201781988143921	256	3.124900537914798	0	1
4.202410697937012	257	3.124900537914798	0	0
4.203044652938843	257	3.124900537914798	0	0
4.203683137893677	257	3.124900537914798	0	1
4.204324960708618	258	3.124900537914798	0	0
4.204971551895142	258	3.124900537914798	0	0
4.205621242523193	258	3.124900537914798	0	0
4.2062766551971436	258	3.124900537914798	0	1
4.2069361209869385	259	3.124900537914798	0	0
4.207621335983276	259	3.124900537914798	0	0
4.208292007446289	259	3.124900537914798	0	1
4.208964824676514	260	3.124900537914798	0	0
4.210008144378662	260	3.124900537914798	0	4
4.215012073516846	264	3.124900537914798	0	5
4.220003366470337	269	3.124900537914798	0	7
4.225008249282837	276	3.124900537914798	0	15
4.230000734329224	291	3.124900537914798	0	29
4.235001564025879	320	3.124900537914798	1	46
4.24000096321106	366	3.124900537914798	0	53
4.245000600814819	419	3.124900537914798	0	49
4.250011205673218	468	3.124900537914798	0	35
4.2550060749053955	503	3.124900537914798	0	20
4.26000452041626	523	3.124900537914798	0	10
4.265005826950073	533	3.124900537914798	0	3
4.270004034042358	536	3.124900537914798	0	-8
4.275006532669067	528	3.124900537914798	0	-6
4.280003070831299	522	3.124900537914798	0	-11
4.285001754760742	511	3.124900537914798	0	-11
4.290011167526245	500	3.124900537914798	0	-14
4.2950050830841064	486	3.124900537914798	0	-16
4.300008773803711	470	3.124900537914798	0	-26
4.30500340461731	444	3.1695439507404854	1	-40
4.310003280639648	404	3.214187363566174	0	-49
4.315008163452148	355	3.2588307763918616	0	-40
4.320004463195801	315	3.3034741892175497	0	-25
4.325007438659668	290	3.3481176020432373	0	-14
4.330000638961792	276	3.3927610148689253	0	-6
4.335008382797241	270	3.437404427694613	0	-3
4.340010643005371	267	3.482047840520301	0	-1
4.345002889633179	266	3.5266912533459887	0	0
4.350004434585571	266	3.571334666171677	0	1
4.355010271072388	267	3.571334666171677	0	0
4.360008955001831	267	3.571334666171677	0	1
4.365001201629639	268	3.571334666171677	0	1
4.370004177093506	269	3.571334666171677	0	3
4.375006914138794	272	3.571334666171677	0	3
4.380011796951294	275	3.571334666171677	0	6
4.3850038051605225	281	3.571334666171677	0	11
4.390007257461548	292	3.571334666171677	0	24
4.395008563995361	316	3.571334666171677	1	39
4.400009870529175	355	3.5266875283372263	0	49
4.405011177062988	404	3.482040390502777	0	46
4.410004615783691	450	3.437393252668327	0	40
4.415005445480347	490	3.3927461148338773	0	29
4.4200074672698975	519	3.3480989769994274	0	24
4.425008296966553	543	3.3034518391649774	0	14
4.430012226104736	557	3.258804701330528	0	9
4.435008764266968	566	3.214157563496078	0	2
4.440004110336304	568	3.169510425661628	0	-3
4.445003032684326	565	3.124863287827178	0	-14
4.450003147125244	551	3.124863287827178	0	-22
4.4550065994262695	529	3.124863287827178	1	-25
4.460006237030029	504	3.124863287827178	0	-28
4.465009927749634	476	3.124863287827178	0	-27
4.470009088516235	449	3.124863287827178	0	-38
4.475009918212891	411	3.124863287827178	0	-45
4.4800124168396	366	3.124863287827178	0	-42
4.4850006103515625	324	3.124863287827178	0	-30
4.490000486373901	294	3.124863287827178	0	-17
4.495011806488037	277	3.124863287827178	0	-11
4.500001430511475	266	3.1532782473422776	0	2
4.686479330062866	268	3.1816932068573767	0	0
4.687107563018799	268	3.2101081663724758	0	0
4.6876912117004395	268	3.238523125887575	0	0
4.68822717666626	268	3.266938085402674	0	1
4.688766002655029	269	3.2953530449177735	0	-1
4.689309358596802	268	3.3237680044328726	0	0
4.689855575561523	268	3.352182963947972	0	0
4.690406799316406	268	3.380597923463071	0	0
4.690960645675659	268	3.4090128829781703	0	1
4.691519498825073	269	3.4090128829781703	0	0
4.692081451416016	269	3.4090128829781703	0	0
4.692648649215698	269	3.4090128829781703	0	0
4.693222522735596	269	3.4090128829781703	0	1
4.693820953369141	270	3.4090128829781703	0	0
4.694401502609253	270	3.4090128829781703	0	0
4.694987058639526	270	3.4090128829781703	0	0
4.695573806762695	270	3.4090128829781703	0	0
4.69616961479187	270	3.4090128829781703	0	1
4.696765661239624	271	3.4090128829781703	0	1
4.697393178939819	272	3.4090128829781703	0	-1
4.698002338409424	271	3.4090128829781703	0	1
4.698611497879028	272	3.4090128829781703	0	1
4.699225425720215	273	3.4090128829781703	0	0
4.699843168258667	273	3.4090128829781703	0	0
4.700464725494385	273	3.4090128829781703	0	1
4.701090335845947	274	3.4090128829781703	0	1
4.701720952987671	275	3.4090128829781703	0	0
4.702354192733765	275	3.4090128829781703	0	1
4.702991247177124	276	3.4090128829781703	0	-1
4.703632593154907	275	3.4090128829781703	0	2
4.704277753829956	277	3.4090128829781703	0	0
4.704927444458008	277	3.4090128829781703	0	1
4.705580949783325	278	3.4090128829781703	0	1
4.706238269805908	279	3.4090128829781703	0	1
4.706899881362915	280	3.4090128829781703	0	0
4.707587480545044	280	3.4090128829781703	0	1
4.708259344100952	281	3.4090128829781703	0	1
4.708933353424072	282	3.4090128829781703	0	2
4.70961332321167	284	3.4090128829781703	0	1
4.710297346115112	285	3.4090128829781703	0	1
4.7109808921813965	286	3.4090128829781703	0	3
4.711671829223633	289	3.4090128829781703	0	13
4.715000152587891	302	3.4090128829781703	0	33
4.720006227493286	335	3.4090128829781703	1	46
4.725002288818359	381	3.4090128829781703	0	50
4.73000168800354	431	3.4090128829781703	0	43
4.735005140304565	474	3.4090128829781703	0	34
4.740002393722534	508	3.4090128829781703	0	26
4.745002746582031	534	3.4090128829781703	0	17
4.750009775161743	551	3.4090128829781703	0	10
4.755010604858398	561	3.4090128829781703	0	4
4.760002136230469	565	3.4090128829781703	0	-4
4.765010833740234	561	3.4090128829781703	0	-13
4.770009994506836	548	3.4090128829781703	0	-21
4.775010108947754	527	3.5226249733533663	1	-26
4.780012369155884	501	3.6362370637285615	0	-29
4.785001516342163	472	3.7498491541037566	0	-28
4.790007829666138	444	3.863461244478952	0	-40
4.7950029373168945	404	3.977073334854147	0	-46
4.800008058547974	358	4.090685425229343	0	-41
4.805003881454468	317	4.204297515604538	0	-27
4.810000896453857	290	4.317909605979734	0	-16
4.8150036334991455	274	4.431521696354929	0	-9
4.820004224777222	265	4.545133786730125	0	-5
4.825004577636719	260	4.545133786730125	0	-4
4.830003261566162	256	4.545133786730125	0	-1
4.835005283355713	255	4.545133786730125	0	-1
4.840009450912476	254	4.545133786730125	0	2
4.845008611679077	256	4.545133786730125	0	1
4.850003480911255	257	4.545133786730125	0	2
4.85500168800354	259	4.545133786730125	0	3
4.8600122928619385	262	4.545133786730125	0	5
4.865005016326904	267	4.545133786730125	0	5
4.870004653930664	272	4.545133786730125	0	10
4.875002145767212	282	4.545133786730125	0	22
4.880012273788452	304	4.545133786730125	1	40
4.885005474090576	344	4.545133786730125	0	52
4.890011548995972	396	4.545133786730125	0	54
4.8950042724609375	450	4.545133786730125	0	40
4.9000067710876465	490	4.403108599333111	0	27
4.905010938644409	517	4.261083411936096	0	10
4.9100022315979	527	4.119058224539081	0	5
4.915005445480347	532	3.977033037142067	0	-4
4.920010089874268	528	3.8350078497450517	0	-7
4.9250099658966064	521	3.6929826623480375	0	-9
4.930010080337524	512	3.550957474951022	0	-12
4.935012102127075	500	3.408932287554008	0	-13
4.94000506401062	487	3.2669071001569927	0	-17
4.945011854171753	470	3.124881912759978	0	-24
4.950002908706665	446	3.124881912759978	1	-40
4.955004692077637	406	3.124881912759978	0	-49
4.960000514984131	357	3.124881912759978	0	-41
4.9650046825408936	316	3.124881912759978	0	-25
4.970004558563232	291	3.124881912759978	0	-14
4.975001096725464	277	3.124881912759978	0	-7
4.980000257492065	270	3.124881912759978	0	-3
4.985006332397461	267	3.124881912759978	0	-1
4.990001916885376	266	3.124881912759978	0	0
4.995009183883667	266	3.124881912759978	0	1
5.0000083446502686	267	3.1384853833476525	0	3
5.189439058303833	270	3.1520888539353273	0	2
5.190050363540649	272	3.1656923245230018	0	0
5.190587282180786	272	3.1792957951106766	0	1
5.191125869750977	273	3.192899265698351	0	1
5.1916680335998535	274	3.2065027362860254	0	0
5.192214012145996	274	3.2201062068737003	0	-1
5.1927642822265625	273	3.2337096774613747	0	4
5.193319797515869	277	3.2473131480490496	0	2
5.1938769817352295	279	3.260916618636724	0	1
5.194437742233276	280	3.260916618636724	0	2
5.195032119750977	282	3.260916618636724	0	2
5.195603847503662	284	3.260916618636724	0	2
5.1961774826049805	286	3.260916618636724	0	2
5.196753740310669	288	3.260916618636724	0	3
5.1973371505737305	291	3.260916618636724	0	2
5.197962760925293	293	3.260916618636724	0	3
5.198553800582886	296	3.260916618636724	0	4
5.1991493701934814	300	3.260916618636724	0	3
5.199747562408447	303	3.260916618636724	0	4
5.200348377227783	307	3.260916618636724	0	3
5.200954914093018	310	3.260916618636724	0	5
5.201565980911255	315	3.260916618636724	0	4
5.202184438705444	319	3.260916618636724	0	5
5.20280647277832	324	3.260916618636724	0	4
5.203430891036987	328	3.260916618636724	0	7
5.204058408737183	335	3.260916618636724	0	5
5.204688787460327	340	3.260916618636724	0	6
5.205324411392212	346	3.260916618636724	0	6
5.205962657928467	352	3.260916618636724	0	7
5.206605911254883	359	3.260916618636724	0	7
5.207251310348511	366	3.260916618636724	0	6
5.207915544509888	372	3.260916618636724	0	9
5.208572149276733	381	3.260916618636724	0	7
5.209230661392212	388	3.260916618636724	0	7
5.2099010944366455	395	3.260916618636724	0	8
5.210568428039551	403	3.260916618636724	0	7
5.211241006851196	410	3.260916618636724	0	8
5.211916446685791	418	3.260916618636724	0	6
5.212596654891968	424	3.260916618636724	0	8
5.213281869888306	432	3.260916618636724	0	7
5.213971138000488	439	3.260916618636724	0	8
5.214669704437256	447	3.260916618636724	0	6
5.215364694595337	453	3.260916618636724	0	38
5.220008611679077	491	3.260916618636724	1	24
5.225001573562622	515	3.260916618636724	0	12
5.230004072189331	527	3.260916618636724	0	5
5.235007047653198	532	3.260916618636724	0	-5
5.240009307861328	527	3.260916618636724	0	-8
5.245006799697876	519	3.260916618636724	0	-8
5.250011682510376	511	3.260916618636724	0	-13
5.255004167556763	498	3.260916618636724	0	-13
5.260002374649048	485	3.260916618636724	0	-18
5.265002250671387	467	3.260916618636724	0	-28
5.270010471343994	439	3.4348063608155273	1	-45
5.275012493133545	394	3.6086961029943296	0	-46
5.2800116539001465	348	3.782585845173132	0	-40
5.285000801086426	308	3.9564755873519344	0	-20
5.290006399154663	288	4.130365329530738	0	-13
5.295008897781372	275	4.304255071709541	0	-3
5.300003290176392	272	4.478144813888344	0	-5
5.305006980895996	267	4.652034556067146	0	0
5.310003280639648	267	4.8259242982459485	0	-1
5.315001964569092	266	4.999814040424751	0	1
5.3200013637542725	267	4.999814040424751	0	1
5.325011730194092	268	4.999814040424751	0	0
5.330012559890747	268	4.999814040424751	0	2
5.335001230239868	270	4.999814040424751	0	4
5.340001106262207	274	4.999814040424751	0	5
5.34501051902771	279	4.999814040424751	0	9
5.350006818771362	288	4.999814040424751	0	20
5.355003595352173	308	4.999814040424751	0	34
5.360001564025879	342	4.999814040424751	1	48
5.365008115768433	390	4.999814040424751	0	49
5.370003700256348	439	4.999814040424751	0	40
5.375011682510376	479	4.999814040424751	0	32
5.380008220672607	511	4.999814040424751	0	26
5.385000944137573	537	4.999814040424751	0	15
5.390003681182861	552	4.999814040424751	0	12
5.395006418228149	564	4.999814040424751	0	2
5.4000084400177	566	4.856993473137372	0	-2
5.405005931854248	564	4.714172905849994	0	-11
5.410003423690796	553	4.571352338562614	0	-21
5.4150002002716064	532	4.428531771275235	1	-25
5.420007228851318	507	4.285711203987856	0	-28
5.42500376701355	479	4.142890636700477	0	-28
5.430002212524414	451	4.0000700694130975	0	-33
5.435007095336914	418	3.857249502125719	0	-47
5.440006256103516	371	3.7144289348383395	0	-43
5.445005178451538	328	3.5716083675509602	0	-32
5.450002908706665	296	3.5716083675509602	0	-19
5.455010175704956	277	3.5716083675509602	0	-10
5.46000599861145	267	3.5716083675509602	0	-6
5.465008974075317	261	3.5716083675509602	0	-4
5.470007658004761	257	3.5716083675509602	0	-2
5.475011587142944	255	3.5716083675509602	0	-1
5.480003118515015	254	3.5716083675509602	0	1
5.485005855560303	255	3.5716083675509602	0	1
5.490007400512695	256	3.5716083675509602	0	1
5.49500298500061	257	3.5716083675509602	0	3
5.500007629394531	260	3.5990795066741996	0	92
5.68497109413147	352	3.626550645797439	1	6
5.685617685317993	358	3.6540217849206784	0	6
5.686191558837891	364	3.681492924043917	0	5
5.686762809753418	369	3.7089640631671563	0	5
5.687338352203369	374	3.7364352022903957	0	6
5.687974452972412	380	3.7639063414136347	0	5
5.688557147979736	385	3.791377480536874	0	7
5.6891443729400635	392	3.8188486196601135	0	6
5.689736604690552	398	3.846319758783353	0	6
5.69033145904541	404	3.846319758783353	0	7
5.690931558609009	411	3.846319758783353	0	6
5.691534757614136	417	3.846319758783353	0	5
5.692144155502319	422	3.846319758783353	0	6
5.692755699157715	428	3.846319758783353	0	5
5.693371772766113	433	3.846319758783353	0	7
5.6939918994903564	440	3.846319758783353	0	6
5.69464111328125	446	3.846319758783353	0	5
5.6952714920043945	451	3.846319758783353	0	5
5.695903778076172	456	3.846319758783353	0	5
5.6965415477752686	461	3.846319758783353	0	6
5.6971821784973145	467	3.846319758783353	0	5
5.697857618331909	472	3.846319758783353	0	4
5.698505640029907	476	3.846319758783353	0	6
5.69915771484375	482	3.846319758783353	0	4
5.699816942214966	486	3.846319758783353	0	5
5.700477838516235	491	3.846319758783353	0	5
5.701142311096191	496	3.846319758783353	0	4
5.701814889907837	500	3.846319758783353	0	4
5.702490568161011	504	3.846319758783353	0	3
5.703167915344238	507	3.846319758783353	0	4
5.70384669303894	511	3.846319758783353	0	5
5.704529762268066	516	3.846319758783353	0	2
5.70522403717041	518	3.846319758783353	0	6
5.705921173095703	524	3.846319758783353	0	3
5.7066216468811035	527	3.846319758783353	0	4
5.707325458526611	531	3.846319758783353	0	2
5.708050489425659	533	3.846319758783353	0	3
5.7087624073028564	536	3.846319758783353	0	3
5.709479808807373	539	3.846319758783353	0	4
5.710200071334839	543	3.846319758783353	0	1
5.710923433303833	544	3.846319758783353	0	3
5.711654186248779	547	3.846319758783353	0	8
5.715007066726685	555	3.846319758783353	0	9
5.720004558563232	564	3.846319758783353	0	2
5.725004434585571	566	3.846319758783353	0	-5
5.730011224746704	561	3.846319758783353	0	-13
5.7350099086761475	548	3.846319758783353	0	-22
5.740009784698486	526	3.915913705477781	1	-26
5.745011568069458	500	3.9855076521722097	0	-28
5.750012397766113	472	4.055101598866639	0	-28
5.7550013065338135	444	4.124695545561067	0	-38
5.760011434555054	406	4.194289492255496	0	-45
5.765004396438599	361	4.263883438949925	0	-41
5.770005702972412	320	4.333477385644354	0	-28
5.775002717971802	292	4.403071332338782	0	-17
5.7800071239471436	275	4.472665279033211	0	-10
5.785006999969482	265	4.54225922572764	0	-4
5.7900004386901855	261	4.54225922572764	0	-5
5.795010089874268	256	4.54225922572764	0	-1
5.800007581710815	255	4.54225922572764	0	-4
5.805004358291626	251	4.54225922572764	0	3
5.8100104331970215	254	4.54225922572764	0	1
5.815001964569092	255	4.54225922572764	0	2
5.820003986358643	257	4.54225922572764	0	3
5.825012445449829	260	4.54225922572764	0	4
5.830010652542114	264	4.54225922572764	0	5
5.835012197494507	269	4.54225922572764	0	5
5.840008020401001	274	4.54225922572764	0	14
5.845003366470337	288	4.54225922572764	0	29
5.850002288818359	317	4.54225922572764	1	43
5.855005979537964	360	4.54225922572764	0	53
5.860012054443359	413	4.54225922572764	0	51
5.865000486373901	464	4.54225922572764	0	36
5.870007514953613	500	4.54225922572764	0	21
5.875011205673218	521	4.54225922572764	0	11
5.880003213882446	532	4.54225922572764	0	3
5.885008096694946	535	4.54225922572764	0	-6
5.890010118484497	529	4.54225922572764	0	-7
5.895008563995361	522	4.54225922572764	0	-10
5.900006532669067	512	4.391006326496699	0	-9
5.9050068855285645	503	4.239753427265759	0	-14
5.910004377365112	489	4.088500528034818	0	-14
5.9150071144104	475	3.9372476288038776	0	-23
5.920010328292847	452	3.7859947295729364	1	-35
5.925002098083496	417	3.6347418303419956	0	-49
5.930011510848999	368	3.4834889311110553	0	-44
5.935011148452759	324	3.3322360318801145	0	-28
5.940002202987671	296	3.1809831326491738	0	-16
5.945000410079956	280	3.0297302334182334	0	-9
5.950009822845459	271	3.0297302334182334	0	-3
5.95501184463501	268	3.0297302334182334	0	-1
5.960011005401611	267	3.0297302334182334	0	-1
5.965006589889526	266	3.0297302334182334	0	0
5.970005989074707	266	3.0297302334182334	0	1
5.975002765655518	267	3.0297302334182334	0	0
5.980010509490967	267	3.0297302334182334	0	1
5.985001564025879	268	3.0297302334182334	0	2
5.990011930465698	270	3.0297302334182334	0	3
5.995011329650879	273	3.0297302334182334	0	4
6.000004768371582	277	3.0458528719883504	0	37
6.183875560760498	314	3.0619755105584665	1	5
6.184510946273804	319	3.0780981491285835	0	5
6.185075998306274	324	3.0942207876987	0	4
6.185642957687378	328	3.110343426268817	0	4
6.186213731765747	332	3.126466064838933	0	7
6.186789035797119	339	3.142588703409049	0	5
6.187414169311523	344	3.1587113419791657	0	5
6.187998533248901	349	3.174833980549282	0	6
6.188585519790649	355	3.1909566191193983	0	6
6.18919825553894	361	3.1909566191193983	0	7
6.189794063568115	368	3.1909566191193983	0	6
6.190393924713135	374	3.1909566191193983	0	6
6.190997838973999	380	3.1909566191193983	0	7
6.191604375839233	387	3.1909566191193983	0	7
6.192216873168945	394	3.1909566191193983	0	7
6.192833423614502	401	3.1909566191193983	0	6
6.193455219268799	407	3.1909566191193983	0	8
6.1940789222717285	415	3.1909566191193983	0	6
6.19470477104187	421	3.1909566191193983	0	7
6.195337295532227	428	3.1909566191193983	0	7
6.195973873138428	435	3.1909566191193983	0	6
6.196613550186157	441	3.1909566191193983	0	7
6.19725775718689	448	3.1909566191193983	0	6
6.19794487953186	454	3.1909566191193983	0	7
6.198597431182861	461	3.1909566191193983	0	6
6.19925332069397	467	3.1909566191193983	0	5
6.199913263320923	472	3.1909566191193983	0	5
6.200576543807983	477	3.1909566191193983	0	5
6.201242685317993	482	3.1909566191193983	0	5
6.201915502548218	487	3.1909566191193983	0	4
6.202592372894287	491	3.1909566191193983	0	4
6.203272104263306	495	3.1909566191193983	0	4
6.203955173492432	499	3.1909566191193983	0	4
6.204643487930298	503	3.1909566191193983	0	5
6.205334901809692	508	3.1909566191193983	0	1
6.206029415130615	509	3.1909566191193983	0	5
6.206728219985962	514	3.1909566191193983	0	2
6.207451343536377	516	3.1909566191193983	0	1
6.208165645599365	517	3.1909566191193983	0	2
6.208881616592407	519	3.1909566191193983	0	2
6.209601640701294	521	3.1909566191193983	0	3
6.210325241088867	524	3.1909566191193983	0	7
6.215006589889526	531	3.1909566191193983	0	1
6.220007419586182	532	3.1909566191193983	0	-8
6.225003719329834	524	3.1909566191193983	0	-8
6.23000693321228	516	3.1909566191193983	0	-8
6.235011100769043	508	3.1909566191193983	0	-12
6.240004301071167	496	3.1909566191193983	0	-16
6.245000600814819	480	3.1909566191193983	0	-18
6.25000786781311	462	3.1909566191193983	0	-32
6.255005836486816	430	3.2233287357971308	1	-48
6.2600109577178955	382	3.255700852474863	0	-48
6.265000343322754	334	3.2880729691525956	0	-33
6.270011901855469	301	3.3204450858303276	0	-19
6.275003433227539	282	3.35281720250806	0	-9
6.280005216598511	273	3.3851893191857925	0	-5
6.285008907318115	268	3.417561435863525	0	-1
6.290008068084717	267	3.4499335525412578	0	-1
6.295006990432739	266	3.48230566921899	0	0
6.300001621246338	266	3.5146777858967226	0	2
6.305003643035889	268	3.5146777858967226	0	-3
6.3100059032440186	265	3.5146777858967226	0	3
6.315007448196411	268	3.5146777858967226	0	3
6.320005893707275	271	3.5146777858967226	0	4
6.325010061264038	275	3.5146777858967226	0	5
6.33000111579895	280	3.5146777858967226	0	10
6.335001468658447	290	3.5146777858967226	0	22
6.340011119842529	312	3.5146777858967226	1	38
6.345006465911865	350	3.5146777858967226	0	48
6.350000381469727	398	3.5146777858967226	0	48
6.355006217956543	446	3.5146777858967226	0	40
6.360009670257568	486	3.5146777858967226	0	31
6.365006685256958	517	3.5146777858967226	0	23
6.370005369186401	540	3.5146777858967226	0	14
6.375008583068848	554	3.5146777858967226	0	9
6.3800084590911865	563	3.5146777858967226	0	1
6.385001182556152	564	3.5146777858967226	0	-5
6.3900065422058105	559	3.5146777858967226	0	-12
6.395005941390991	547	3.5146777858967226	0	-23
6.400004625320435	524	3.5102248808165832	1	-26
6.405012845993042	498	3.505771975736444	0	-27
6.410001754760742	471	3.5013190706563035	0	-30
6.415009021759033	441	3.496866165576164	0	-38
6.420011520385742	403	3.4924132604960247	0	-47
6.425006866455078	356	3.4879603554158853	0	-40
6.43000864982605	316	3.483507450335746	0	-27
6.435004234313965	289	3.4790545452556065	0	-15
6.440011024475098	274	3.474601640175467	0	-9
6.44500732421875	265	3.4701487350953277	0	-5
6.450008392333984	260	3.4701487350953277	0	-4
6.455009937286377	256	3.4701487350953277	0	-2
6.460009336471558	254	3.4701487350953277	0	1
6.4650022983551025	255	3.4701487350953277	0	-1
6.470000982284546	254	3.4701487350953277	0	3
6.475008726119995	257	3.4701487350953277	0	1
6.48000168800354	258	3.4701487350953277	0	4
6.485009670257568	262	3.4701487350953277	0	5
6.490005254745483	267	3.4701487350953277	0	5
6.495001316070557	272	3.4701487350953277	0	10
6.500004053115845	282	3.4701487350953277	0	232
6.684305191040039	514	3.4701487350953277	1	2
6.684964895248413	516	3.4701487350953277	0	4
6.685553789138794	520	3.4701487350953277	0	3
6.6861412525177	523	3.4701487350953277	0	1
6.686731576919556	524	3.4701487350953277	0	6
6.6873273849487305	530	3.4701487350953277	0	1
6.687973260879517	531	3.4701487350953277	0	3
6.688574552536011	534	3.4701487350953277	0	2
6.689181089401245	536	3.4701487350953277	0	3
6.689817428588867	539	3.4701487350953277	0	2
6.690433502197266	541	3.4701487350953277	0	2
6.691051721572876	543	3.4701487350953277	0	3
6.691673040390015	546	3.4701487350953277	0	1
6.692299842834473	547	3.4701487350953277	0	3
6.692931413650513	550	3.4701487350953277	0	1
6.693565130233765	551	3.4701487350953277	0	2
6.694202899932861	553	3.4701487350953277	0	0
6.694845676422119	553	3.4701487350953277	0	3
6.695493221282959	556	3.4701487350953277	0	0
6.696147203445435	556	3.4701487350953277	0	1
6.696803092956543	557	3.4701487350953277	0	2
6.6974897384643555	559	3.4701487350953277	0	0
6.698153734207153	559	3.4701487350953277	0	2
6.698821544647217	561	3.4701487350953277	0	1
6.699493408203125	562	3.4701487350953277	0	0
6.700170040130615	562	3.4701487350953277	0	0
6.70085072517395	562	3.4701487350953277	0	3
6.70153546333313	565	3.4701487350953277	0	-1
6.702226161956787	564	3.4701487350953277	0	0
6.70292067527771	564	3.4701487350953277	0	0
6.703620672225952	564	3.4701487350953277	0	-1
6.704325199127197	563	3.4701487350953277	0	1
6.705034017562866	564	3.4701487350953277	0	0
6.705748558044434	564	3.4701487350953277	0	0
6.706466913223267	564	3.4701487350953277	0	-1
6.707190036773682	563	3.4701487350953277	0	-1
6.7079339027404785	562	3.4701487350953277	0	-1
6.70866584777832	561	3.4701487350953277	0	-1
6.70940375328064	560	3.4701487350953277	0	-2
6.710139989852905	558	3.4701487350953277	0	0
6.7108869552612305	558	3.4701487350953277	0	-3
6.711634635925293	555	3.4701487350953277	0	-12
6.7150068283081055	543	3.4701487350953277	0	-20
6.720006942749023	523	3.4701487350953277	0	-27
6.725010633468628	496	3.4701487350953277	0	-28
6.730004787445068	468	3.4701487350953277	0	-30
6.735001564025879	438	3.4701487350953277	0	-39
6.740003824234009	399	3.4701487350953277	0	-46
6.745001554489136	353	3.4701487350953277	0	-40
6.750010251998901	313	3.4701487350953277	0	-25
6.755003452301025	288	3.4701487350953277	0	-15
6.760008096694946	273	3.4701487350953277	0	-9
6.76500129699707	264	3.4701487350953277	0	-5
6.770007610321045	259	3.4701487350953277	0	-2
6.7750115394592285	257	3.4701487350953277	0	-2
6.780000925064087	255	3.4701487350953277	0	-1
6.785008430480957	254	3.4701487350953277	0	0
6.790009260177612	254	3.4701487350953277	0	3
6.795006513595581	257	3.4701487350953277	0	1
6.800000905990601	258	3.4701487350953277	0	4
6.805001258850098	262	3.4701487350953277	0	3
6.810007095336914	265	3.4701487350953277	0	6
6.815008878707886	271	3.4701487350953277	0	9
6.820005178451538	280	3.4701487350953277	0	21
6.825012445449829	301	3.4701487350953277	0	36
6.830005645751953	337	3.4701487350953277	0	51
6.83500337600708	388	3.4701487350953277	0	53
6.840002775192261	441	3.4701487350953277	0	45
6.8450095653533936	486	3.4701487350953277	0	27
6.850003242492676	513	3.4701487350953277	0	14
6.855011701583862	527	3.4701487350953277	0	6
6.860002756118774	533	3.4701487350953277	0	-4
6.865006446838379	529	3.4701487350953277	0	-6
6.870008707046509	523	3.4701487350953277	0	-8
6.875006437301636	515	3.4701487350953277	0	-10
6.880007743835449	505	3.4701487350953277	0	-13
6.885009050369263	492	3.4701487350953277	0	-15
6.890007972717285	477	3.4701487350953277	0	-20
6.895008325576782	457	3.4701487350953277	0	-34
6.900011777877808	423	3.4701487350953277	0	-46
6.905006408691406	377	3.4701487350953277	0	-46
6.910006523132324	331	3.4701487350953277	0	-31
6.915004730224609	300	3.4701487350953277	0	-19
6.920009613037109	281	3.4701487350953277	0	-9
6.925008535385132	272	3.4701487350953277	0	-4
6.9300055503845215	268	3.4701487350953277	0	-2
6.9350011348724365	266	3.4701487350953277	0	0
6.9400107860565186	266	3.4701487350953277	0	1
6.945001840591431	267	3.4701487350953277	0	0
6.950006008148193	267	3.4701487350953277	0	0
6.955010890960693	267	3.4701487350953277	0	2
6.960004806518555	269	3.4701487350953277	0	1
6.965006351470947	270	3.4701487350953277	0	4
6.97000789642334	274	3.4701487350953277	0	5
6.97500467300415	279	3.4701487350953277	0	8
6.98000168800354	287	3.4701487350953277	0	20
6.98500394821167	307	3.4701487350953277	0	35
6.990003347396851	342	3.4701487350953277	0	47
6.995007753372192	389	3.4701487350953277	0	49
7.000005006790161	438	3.4701487350953277	0	90
7.1841607093811035	528	3.4701487350953277	0	0
7.18515682220459	528	3.4701487350953277	0	1
7.186068534851074	529	3.4701487350953277	0	1
7.186981439590454	530	3.4701487350953277	0	2
7.187945604324341	532	3.4701487350953277	0	-1
7.188873291015625	531	3.4701487350953277	0	0
7.18981409072876	531	3.4701487350953277	0	0
7.190768003463745	531	3.4701487350953277	0	-1
7.191701650619507	530	3.4701487350953277	0	-1
7.192639350891113	529	3.4701487350953277	0	-2
7.1935813426971436	527	3.4701487350953277	0	0
7.1945273876190186	527	3.4701487350953277	0	-2
7.195477485656738	525	3.4701487350953277	0	-2
7.196430444717407	523	3.4701487350953277	0	-1
7.19741153717041	522	3.4701487350953277	0	-1
7.1983771324157715	521	3.4701487350953277	0	-2
7.199346542358398	519	3.4701487350953277	0	-1
7.200333833694458	518	3.4701487350953277	0	-1
7.201309680938721	517	3.4701487350953277	0	-3
7.202288866043091	514	3.4701487350953277	0	0
7.2032740116119385	514	3.4701487350953277	0	-2
7.204264879226685	512	3.4701487350953277	0	-3
7.205256462097168	509	3.4701487350953277	0	-2
7.206249713897705	507	3.4701487350953277	0	-2
7.2072484493255615	505	3.4701487350953277	0	-3
7.208273410797119	502	3.4701487350953277	0	-2
7.209279537200928	500	3.4701487350953277	0	-2
7.210285663604736	498	3.4701487350953277	0	-3
7.2112953662872314	495	3.4701487350953277	0	-2
7.212321519851685	493	3.4701487350953277	0	-4
7.2133519649505615	489	3.4701487350953277	0	-2
7.214376926422119	487	3.4701487350953277	0	-4
7.2154011726379395	483	3.4701487350953277	0	-4
7.216430187225342	479	3.4701487350953277	0	-3
7.2174766063690186	476	3.4701487350953277	0	-3
7.21851658821106	473	3.4701487350953277	0	-6
7.219560623168945	467	3.4701487350953277	0	-3
7.2206034660339355	464	3.4701487350953277	0	-5
7.221655368804932	459	3.4701487350953277	0	-6
7.222710132598877	453	3.4701487350953277	0	-6
7.2237868309021	447	3.4701487350953277	0	-6
7.2248499393463135	441	3.4701487350953277	0	-9
7.225920677185059	432	3.4701487350953277	0	-9
7.226990222930908	423	3.4701487350953277	0	-9
7.228083610534668	414	3.4701487350953277	0	-19
7.230006217956543	395	3.4701487350953277	0	-49
7.235010385513306	346	3.4701487350953277	1	-38
7.240001440048218	308	3.4701487350953277	0	-22
7.245000600814819	286	3.4701487350953277	0	-12
7.250003814697266	274	3.4701487350953277	0	-6
7.255011320114136	268	3.4701487350953277	0	-1
7.260007619857788	267	3.4701487350953277	0	-1
7.2650017738342285	266	3.4701487350953277	0	1
7.27001166343689	267	3.4701487350953277	0	0
7.275005102157593	267	3.4701487350953277	0	0
7.280006408691406	267	3.4701487350953277	0	2
7.2850117683410645	269	3.4701487350953277	0	1
7.290010690689087	270	3.4701487350953277	0	4
7.295011758804321	274	3.4701487350953277	0	4
7.300008773803711	278	3.4701487350953277	0	8
7.305009365081787	286	3.4701487350953277	0	19
7.310007095336914	305	3.4701487350953277	0	34
7.315005302429199	339	3.4356537186447746	1	49
7.320003032684326	388	3.401158702194221	0	49
7.325011730194092	437	3.3666636857436685	0	41
7.330010414123535	478	3.3321686692931154	0	32
7.335009336471558	510	3.297673652842562	0	26
7.340008974075317	536	3.2631786363920083	0	16
7.3450047969818115	552	3.2286836199414553	0	10
7.350003242492676	562	3.194188603490902	0	4
7.355004787445068	566	3.1596935870403486	0	-5
7.360011577606201	561	3.1251985705897956	0	-14
7.365004062652588	547	3.1251985705897956	0	-21
7.370006799697876	526	3.1251985705897956	1	-25
7.375006675720215	501	3.1251985705897956	0	-29
7.380009889602661	472	3.1251985705897956	0	-28
7.385011672973633	444	3.1251985705897956	0	-38
7.390003442764282	406	3.1251985705897956	0	-47
7.395002841949463	359	3.1251985705897956	0	-42
7.400007963180542	317	3.183058921790561	0	-26
7.40500545501709	291	3.240919272991327	0	-17
7.410001277923584	274	3.2987796241920933	0	-8
7.415005922317505	266	3.3566399753928584	0	-6
7.420007944107056	260	3.4145003265936245	0	-4
7.425008773803711	256	3.4723606777943905	0	-1
7.430011749267578	255	3.5302210289951566	0	-2
7.435000896453857	253	3.5880813801959226	0	2
7.440000534057617	255	3.6459417313966886	0	2
7.445000171661377	257	3.7038020825974547	0	1
7.450004816055298	258	3.7038020825974547	0	3
7.455006837844849	261	3.7038020825974547	0	5
7.4600114822387695	266	3.7038020825974547	0	6
7.4650022983551025	272	3.7038020825974547	0	10
7.470004558563232	282	3.7038020825974547	0	22
7.475003957748413	304	3.7038020825974547	1	40
7.480012655258179	344	3.7038020825974547	0	53
7.485006332397461	397	3.7038020825974547	0	53
7.490012168884277	450	3.7038020825974547	0	40
7.4950032234191895	490	3.7038020825974547	0	24
7.5000059604644775	514	3.645930244047407	0	38
7.68377947807312	552	3.5880584054973594	0	-5
7.684371471405029	547	3.530186566947312	0	-1
7.684890270233154	546	3.472314728397264	0	-1
7.685408115386963	545	3.4144428898472166	0	-2
7.6859307289123535	543	3.3565710512971685	0	-4
7.6864540576934814	539	3.2986992127471213	0	-1
7.686985492706299	538	3.2408273741970732	0	-3
7.687563419342041	535	3.182955535647025	0	-2
7.688103437423706	533	3.125083697096977	0	-2
7.688648223876953	531	3.125083697096977	0	-3
7.689193964004517	528	3.125083697096977	0	-3
7.689772605895996	525	3.125083697096977	0	-2
7.690328598022461	523	3.125083697096977	0	-2
7.690889120101929	521	3.125083697096977	0	-4
7.691453218460083	517	3.125083697096977	0	-3
7.692019939422607	514	3.125083697096977	0	-3
7.6925928592681885	511	3.125083697096977	0	-2
7.693164825439453	509	3.125083697096977	0	-4
7.693742036819458	505	3.125083697096977	0	-3
7.694323778152466	502	3.125083697096977	0	-4
7.694911479949951	498	3.125083697096977	0	-2
7.695503234863281	496	3.125083697096977	0	-4
7.69609808921814	492	3.125083697096977	0	-3
7.696699380874634	489	3.125083697096977	0	-4
7.697303056716919	485	3.125083697096977	0	-3
7.697941780090332	482	3.125083697096977	0	-4
7.698566436767578	478	3.125083697096977	0	-4
7.699184894561768	474	3.125083697096977	0	-3
7.699807405471802	471	3.125083697096977	0	-4
7.700428485870361	467	3.125083697096977	0	-2
7.701060771942139	465	3.125083697096977	0	-5
7.701693773269653	460	3.125083697096977	0	-3
7.702329635620117	457	3.125083697096977	0	-3
7.7029712200164795	454	3.125083697096977	0	-4
7.70361590385437	450	3.125083697096977	0	-5
7.704263210296631	445	3.125083697096977	0	-4
7.7049126625061035	441	3.125083697096977	0	-3
7.705568075180054	438	3.125083697096977	0	-4
7.706228017807007	434	3.125083697096977	0	-6
7.706891298294067	428	3.125083697096977	0	-5
7.707576274871826	423	3.125083697096977	0	-20
7.71000862121582	403	3.125083697096977	0	-48
7.71500563621521	355	3.125083697096977	1	-40
7.720001697540283	315	3.125083697096977	0	-27
7.725000619888306	288	3.125083697096977	0	-15
7.730000734329224	273	3.125083697096977	0	-8
7.73501181602478	265	3.125083697096977	0	-6
7.740004062652588	259	3.125083697096977	0	-3
7.745002508163452	256	3.125083697096977	0	-1
7.750010967254639	255	3.125083697096977	0	-1
7.755003452301025	254	3.125083697096977	0	1
7.7600109577178955	255	3.125083697096977	0	1
7.765009880065918	256	3.125083697096977	0	2
7.770007848739624	258	3.125083697096977	0	4
7.77500319480896	262	3.125083697096977	0	4
7.7800068855285645	266	3.125083697096977	0	6
7.785000324249268	272	3.125083697096977	0	10
7.7900073528289795	282	3.125083697096977	0	23
7.795012474060059	305	3.1250486193386577	1	39
7.800007343292236	344	3.1250135415803384	0	53
7.805006980895996	397	3.12497846382202	0	53
7.8100056648254395	450	3.1249433860637006	0	41
7.815001487731934	491	3.1249083083053812	0	24
7.820006370544434	515	3.1248732305470623	0	12
7.825012445449829	527	3.124838152788743	0	3
7.830007314682007	530	3.1248030750304245	0	-2
7.835002660751343	528	3.124767997272105	0	-9
7.8400022983551025	519	3.1247329195137863	0	-7
7.845001459121704	512	3.1247329195137863	0	-11
7.8500001430511475	501	3.1247329195137863	0	-15
7.855003118515015	486	3.1247329195137863	0	-17
7.860004663467407	469	3.1247329195137863	0	-27
7.865005970001221	442	3.1247329195137863	1	-44
7.870001792907715	398	3.1247329195137863	0	-50
7.875011205673218	348	3.1247329195137863	0	-38
7.88000226020813	310	3.1247329195137863	0	-22
7.885000944137573	288	3.1247329195137863	0	-13
7.890010118484497	275	3.1247329195137863	0	-6
7.8950111865997314	269	3.1247329195137863	0	-1
7.900007247924805	268	3.145592219150701	0	-2
7.905000925064087	266	3.1664515187876154	0	1
7.9100048542022705	267	3.18731081842453	0	0
7.915000915527344	267	3.208170118061445	0	1
7.920010566711426	268	3.22902941769836	0	0
7.925001621246338	268	3.249888717335275	0	2
7.930003881454468	270	3.2707480169721896	0	4
7.935010671615601	274	3.2916073166091047	0	5
7.940006971359253	279	3.3124666162460192	0	9
7.945001840591431	288	3.3333259158829334	0	22
7.950012445449829	310	3.3333259158829334	1	37
7.955006122589111	347	3.3333259158829334	0	50
7.960007667541504	397	3.3333259158829334	0	48
7.965008735656738	445	3.3333259158829334	0	39
7.970011949539185	484	3.3333259158829334	0	32
7.975009441375732	516	3.3333259158829334	0	22
7.980004072189331	538	3.3333259158829334	0	17
7.985002517700195	555	3.3333259158829334	0	7
7.990004539489746	562	3.3333259158829334	0	1
7.995009183883667	563	3.3333259158829334	0	-5
8.000006198883057	558	3.3191330132434986	0	-118
8.183778285980225	440	3.3049401106040635	1	-7
8.184401273727417	433	3.2907472079646283	0	-5
8.184939861297607	428	3.276554305325193	0	-4
8.185478925704956	424	3.2623614026857575	0	-4
8.186022281646729	420	3.2481685000463223	0	-6
8.186570882797241	414	3.233975597406887	0	-4
8.187119960784912	410	3.219782694767452	0	-7
8.187721967697144	403	3.2055897921280163	0	-6
8.188281059265137	397	3.191396889488581	0	-7
8.188844442367554	390	3.191396889488581	0	-4
8.189411640167236	386	3.191396889488581	0	-6
8.189982414245605	380	3.191396889488581	0	-6
8.19055724143982	374	3.191396889488581	0	-6
8.191134929656982	368	3.191396889488581	0	-6
8.191718101501465	362	3.191396889488581	0	-5
8.192306280136108	357	3.191396889488581	0	-8
8.192898035049438	349	3.191396889488581	0	-5
8.193493127822876	344	3.191396889488581	0	-5
8.194095134735107	339	3.191396889488581	0	-5
8.194700717926025	334	3.191396889488581	0	-5
8.195337057113647	329	3.191396889488581	0	-4
8.19595193862915	325	3.191396889488581	0	-5
8.196570634841919	320	3.191396889488581	0	-4
8.19719409942627	316	3.191396889488581	0	-5
8.197842121124268	311	3.191396889488581	0	-3
8.198471546173096	308	3.191396889488581	0	-4
8.199105262756348	304	3.191396889488581	0	-3
8.19974422454834	301	3.191396889488581	0	-4
8.200387239456177	297	3.191396889488581	0	-2
8.201033592224121	295	3.191396889488581	0	-3
8.201687097549438	292	3.191396889488581	0	-2
8.202342748641968	290	3.191396889488581	0	-3
8.203001737594604	287	3.191396889488581	0	-1
8.203663349151611	286	3.191396889488581	0	-3
8.204331398010254	283	3.191396889488581	0	-2
8.205002307891846	281	3.191396889488581	0	-1
8.205678224563599	280	3.191396889488581	0	-2
8.206364154815674	278	3.191396889488581	0	-1
8.20705795288086	277	3.191396889488581	0	-2
8.207763195037842	275	3.191396889488581	0	-1
8.208462715148926	274	3.191396889488581	0	-2
8.210002899169922	272	3.191396889488581	0	-3
8.215006828308105	269	3.191396889488581	0	-2
8.220008611679077	267	3.191396889488581	0	0
8.225003004074097	267	3.191396889488581	0	0
8.230004787445068	267	3.191396889488581	0	1
8.235004425048828	268	3.191396889488581	0	0
8.240000247955322	268	3.191396889488581	0	1
8.245004177093506	269	3.191396889488581	0	4
8.250011205673218	273	3.191396889488581	0	4
8.255002737045288	277	3.191396889488581	0	7
8.260003805160522	284	3.191396889488581	0	16
8.265009880065918	300	3.191396889488581	0	33
8.2700035572052	333	3.162195401311176	1	47
8.275008201599121	380	3.1329939131337716	0	51
8.28000807762146	431	3.1037924249563664	0	43
8.285008668899536	474	3.074590936778962	0	33
8.290000438690186	507	3.045389448601557	0	25
8.295012712478638	532	3.0161879604241526	0	16
8.300012350082397	548	2.9869864722467483	0	10
8.305002927780151	558	2.957784984069344	0	4
8.310011625289917	562	2.9285834958919397	0	-3
8.315012216567993	559	2.899382007714535	0	-14
8.320012092590332	545	2.899382007714535	0	-21
8.325007200241089	524	2.899382007714535	1	-27
8.330004453659058	497	2.899382007714535	0	-29
8.335004568099976	468	2.899382007714535	0	-29
8.340008020401001	439	2.899382007714535	0	-41
8.345006465911865	398	2.899382007714535	0	-48
8.350004434585571	350	2.899382007714535	0	-39
8.355001449584961	311	2.899382007714535	0	-25
8.360008239746094	286	2.899382007714535	0	-14
8.365001678466797	272	2.899382007714535	0	-8
8.370012521743774	264	2.899382007714535	0	-5
8.375000476837158	259	2.899382007714535	0	-4
8.380007028579712	255	2.899382007714535	0	0
8.385010719299316	255	2.899382007714535	0	-1
8.390003442764282	254	2.899382007714535	0	2
8.395001888275146	256	2.899382007714535	0	2
8.400009632110596	258	2.963478958042841	0	2
8.405008554458618	260	3.0275759083711464	0	5
8.410009145736694	265	3.091672858699452	0	4
8.415010452270508	269	3.155769809027758	0	9
8.420009851455688	278	3.2198667593560635	0	17
8.425006866455078	295	3.283963709684369	0	34
8.430002689361572	329	3.348060660012675	1	51
8.4350106716156	380	3.41215761034098	0	57
8.440006971359253	437	3.476254560669286	0	44
8.445005655288696	481	3.540351510997591	0	29
8.450005531311035	510	3.540351510997591	0	14
8.455006122589111	524	3.540351510997591	0	5
8.460007429122925	529	3.540351510997591	0	-3
8.46500301361084	526	3.540351510997591	0	-9
8.470008611679077	517	3.540351510997591	0	-7
8.47500991821289	510	3.540351510997591	0	-10
8.48000168800354	500	3.540351510997591	0	-15
8.485004186630249	485	3.540351510997591	0	-17
8.490010976791382	468	3.540351510997591	0	-29
8.495004177093506	439	3.540351510997591	1	-45
8.500005722045898	394	3.5076263885792236	0	-132
8.683983325958252	262	3.474901266160856	0	0
8.684578895568848	262	3.4421761437424885	0	-1
8.685080528259277	261	3.409451021324121	0	0
8.68558144569397	261	3.376725898905753	0	-1
8.68608808517456	260	3.3440007764873854	0	2
8.6865975856781	262	3.311275654069018	0	-3
8.687111139297485	259	3.2785505316506502	0	0
8.687682151794434	259	3.2458254092322827	0	-1
8.688204050064087	258	3.2131002868139147	0	0
8.688729763031006	258	3.2131002868139147	0	0
8.689258575439453	258	3.2131002868139147	0	-1
8.689816951751709	257	3.2131002868139147	0	0
8.69035530090332	257	3.2131002868139147	0	0
8.69089674949646	257	3.2131002868139147	0	0
8.691442012786865	257	3.2131002868139147	0	0
8.691991567611694	257	3.2131002868139147	0	-1
8.692545652389526	256	3.2131002868139147	0	0
8.693103313446045	256	3.2131002868139147	0	0
8.693666934967041	256	3.2131002868139147	0	0
8.694233417510986	256	3.2131002868139147	0	0
8.694803714752197	256	3.2131002868139147	0	-2
8.695378065109253	254	3.2131002868139147	0	0
8.69595217704773	254	3.2131002868139147	0	0
8.696529150009155	254	3.2131002868139147	0	1
8.697112321853638	255	3.2131002868139147	0	-1
8.69772219657898	254	3.2131002868139147	0	0
8.698313474655151	254	3.2131002868139147	0	0
8.698909044265747	254	3.2131002868139147	0	0
8.699511051177979	254	3.2131002868139147	0	0
8.700114727020264	254	3.2131002868139147	0	1
8.70072078704834	255	3.2131002868139147	0	0
8.70133113861084	255	3.2131002868139147	0	0
8.701947689056396	255	3.2131002868139147	0	0
8.70257019996643	255	3.2131002868139147	0	-1
8.70319414138794	254	3.2131002868139147	0	1
8.703822374343872	255	3.2131002868139147	0	0
8.70445466041565	255	3.2131002868139147	0	0
8.705090284347534	255	3.2131002868139147	0	1
8.705731391906738	256	3.2131002868139147	0	-2
8.706380367279053	254	3.2131002868139147	0	2
8.707029819488525	256	3.2131002868139147	0	0
8.71001148223877	256	3.2131002868139147	0	2
8.715005159378052	258	3.2131002868139147	0	3
8.720001220703125	261	3.2131002868139147	0	4
8.72501254081726	265	3.2131002868139147	0	6
8.730008840560913	271	3.2131002868139147	0	7
8.735003232955933	278	3.2131002868139147	0	19
8.74001169204712	297	3.2131002868139147	0	35
8.745006799697876	332	3.2131002868139147	1	51
8.750008583068848	383	3.2131002868139147	0	56
8.755005598068237	439	3.2131002868139147	0	43
8.760007381439209	482	3.2131002868139147	0	29
8.76500916481018	511	3.2131002868139147	0	13
8.770009517669678	524	3.2131002868139147	0	7
8.775012731552124	531	3.2131002868139147	0	-2
8.780005931854248	529	3.2131002868139147	0	-7
8.785006284713745	522	3.2131002868139147	0	-9
8.790000677108765	513	3.2131002868139147	0	-10
8.79500150680542	503	3.2131002868139147	0	-13
8.800010919570923	490	3.2131002868139147	0	-16
8.805002450942993	474	3.2131002868139147	0	-26
8.810006141662598	448	3.2764095364871983	1	-39
8.815003633499146	409	3.339718786160482	0	-50
8.820003986358643	359	3.4030280358337657	0	-41
8.825008869171143	318	3.4663372855070493	0	-26
8.830008745193481	292	3.5296465351803326	0	-15
8.835009574890137	277	3.592955784853616	0	-6
8.840002536773682	271	3.6562650345269	0	-3
8.84501028060913	268	3.7195742842001835	0	-1
8.850008726119995	267	3.782883533873467	0	0
8.855009078979492	267	3.8461927835467504	0	0
8.8600013256073	267	3.8461927835467504	0	0
8.865006923675537	267	3.8461927835467504	0	1
8.870003461837769	268	3.8461927835467504	0	2
8.875006675720215	270	3.8461927835467504	0	2
8.880004167556763	272	3.8461927835467504	0	5
8.885007381439209	277	3.8461927835467504	0	5
8.890005350112915	282	3.8461927835467504	0	14
8.895008087158203	296	3.8461927835467504	0	28
8.900007009506226	324	3.7841537137080676	1	41
8.905007362365723	365	3.722114643869385	0	51
8.91000247001648	416	3.660075574030703	0	44
8.915010929107666	460	3.59803650419202	0	37
8.920011043548584	497	3.5359974343533382	0	29
8.925007581710815	526	3.4739583645146555	0	20
8.930006980895996	546	3.4119192946759727	0	12
8.935002088546753	558	3.34988022483729	0	8
8.94000244140625	566	3.287841154998607	0	1
8.945006608963013	567	3.2258020851599243	0	-6
8.950011491775513	561	3.2258020851599243	0	-15
8.95500922203064	546	3.2258020851599243	0	-21
8.96000623703003	525	3.2258020851599243	1	-26
8.96500015258789	499	3.2258020851599243	0	-27
8.970005989074707	472	3.2258020851599243	0	-30
8.97500991821289	442	3.2258020851599243	0	-36
8.980005741119385	406	3.2258020851599243	0	-46
8.985003232955933	360	3.2258020851599243	0	-40
8.990007877349854	320	3.2258020851599243	0	-29
8.995002746582031	291	3.2258020851599243	0	-16
9.000000238418579	275	3.2520599988764674	0	0
